1.048E-001	    -1.268E+001
1.191E-001	    -1.382E+001
1.348E-001	    -1.458E+001
1.545E-001	    -1.534E+001
1.661E-001	    -1.553E+001
1.764E-001	    -1.572E+001
1.832E-001	    -1.563E+001
1.975E-001	    -1.544E+001
2.098E-001	    -1.515E+001
2.255E-001	    -1.477E+001
2.445E-001	    -1.344E+001
2.589E-001	    -1.230E+001
2.759E-001	    -1.069E+001
2.930E-001	    -8.789E+000
3.080E-001	    -6.793E+000
3.257E-001	    -4.038E+000
3.352E-001	    -2.233E+000
3.455E-001	    -5.226E-001
3.570E-001	     1.568E+000
3.680E-001	     3.753E+000
3.843E-001	     6.983E+000
3.952E-001	     9.739E+000
4.089E-001	     1.297E+001
4.211E-001	     1.620E+001
4.327E-001	     1.952E+001
4.450E-001	     2.304E+001
4.580E-001	     2.665E+001