0.040025 0.839550
0.060038 0.840074
0.080050 0.840789
0.100063 0.841687
0.120075 0.842761
0.140088 0.844003
0.160100 0.845406
0.180113 0.846964
0.200125 0.848672
0.220138 0.850524
0.240150 0.852516
0.260163 0.854643
0.280175 0.856900
0.300188 0.859284
0.320200 0.861791
0.340213 0.864418
0.360226 0.867162
0.380238 0.870019
0.400251 0.872987
0.420263 0.876062
0.440276 0.879243
0.460288 0.882527
0.480301 0.885912
0.500313 0.889396
0.520326 0.892976
0.540338 0.896651
0.560351 0.900419
0.580363 0.904278
0.600376 0.908227
0.620388 0.912264
0.640401 0.916387
0.660413 0.920595
0.680426 0.924886
0.700439 0.929260
0.720451 0.933714
0.740464 0.938248
0.760476 0.942861
0.780489 0.947551
0.800501 0.952317
0.820514 0.957157
0.840526 0.962070
0.860539 0.967055
0.880551 0.972111
0.900564 0.977237
0.920576 0.982432
0.940589 0.987695
0.960601 0.993025
0.980614 0.998421
1.000626 1.003883
1.020639 1.009409
1.040652 1.014998
1.060664 1.020650
1.080677 1.026364
1.100689 1.032140
1.120702 1.037975
1.140714 1.043870
1.160727 1.049824
1.180739 1.055836
1.200752 1.061906
1.220764 1.068032
1.240777 1.074213
1.260789 1.080450
1.280802 1.086742
1.300814 1.093088
1.320827 1.099486
1.340839 1.105937
1.360852 1.112440
1.380865 1.118995
1.400877 1.125600
1.420890 1.132255
1.440902 1.138959
1.460915 1.145712
1.480927 1.152513
1.500940 1.159362
1.520952 1.166258
1.540965 1.173200
1.560977 1.180188
1.580990 1.187221
1.601002 1.194299
1.621015 1.201421
1.641027 1.208586
1.661040 1.215794
1.681052 1.223044
1.701065 1.230337
1.721077 1.237670
1.741090 1.245044
1.761103 1.252458
1.781115 1.259911
1.801128 1.267404
1.821140 1.274935
1.841153 1.282504
1.861165 1.290110
1.881178 1.297752
1.901190 1.305431
1.921203 1.313146
1.941215 1.320896
1.961228 1.328680
1.981240 1.336498
2.001253 1.344350
2.021265 1.352235
2.041278 1.360152
2.061290 1.368101
2.081303 1.376081
2.101316 1.384092
2.121328 1.392133
2.141341 1.400204
2.161353 1.408304
2.181366 1.416433
2.201378 1.424589
2.221391 1.432773
2.241403 1.440984
2.261416 1.449222
2.281428 1.457485
2.301441 1.465774
2.321453 1.474087
2.341466 1.482425
2.361478 1.490786
2.381491 1.499171
2.401503 1.507578
2.421516 1.516007
2.441529 1.524458
2.461541 1.532930
2.481554 1.541422
2.501566 1.549935
2.521579 1.558466
2.541591 1.567017
2.561604 1.575585
2.581616 1.584172
2.601629 1.592776
2.621641 1.601396
2.641654 1.610033
2.661666 1.618685
2.681679 1.627352
2.701691 1.636034
2.721704 1.644730
2.741716 1.653439
2.761729 1.662161
2.781742 1.670896
2.801754 1.679642
2.821767 1.688400
2.841779 1.697169
2.861792 1.705948
2.881804 1.714736
2.901817 1.723534
2.921829 1.732340
2.941842 1.741155
2.961854 1.749977
2.981867 1.758806
3.001879 1.767642
3.021892 1.776484
3.041904 1.785332
3.061917 1.794184
3.081929 1.803041
3.101942 1.811902
3.121955 1.820766
3.141967 1.829633
3.161980 1.838503
3.181992 1.847375
3.202005 1.856248
3.222017 1.865122
3.242030 1.873996
3.262042 1.882870
3.282055 1.891744
3.302067 1.900616
3.322080 1.909487
3.342092 1.918356
3.362105 1.927222
3.382117 1.936085
3.402130 1.944945
3.422142 1.953800
3.442155 1.962651
3.462168 1.971497
3.482180 1.980337
3.502193 1.989171
3.522205 1.997998
3.542218 2.006532
3.562230 2.014096
3.582243 2.020495
3.602255 2.025862
3.622268 2.030393
3.642280 2.034259
3.662293 2.037591
3.682305 2.040487
3.702318 2.043024
3.722330 2.045257
3.742343 2.047233
3.762355 2.048986
3.782368 2.050547
3.802381 2.051939
3.822393 2.053181
3.842406 2.054291
3.862418 2.055283
3.882431 2.056169
3.902443 2.056959
3.922456 2.057663
3.942468 2.058289
3.962481 2.058843
3.982493 2.059333
4.002506 2.059764
4.022518 2.060140
4.042531 2.060467
4.062543 2.060748
4.082556 2.060987
4.102568 2.061188
4.122581 2.061353
4.142594 2.061486
4.162606 2.061588
4.182619 2.061663
4.202631 2.061712
4.222644 2.061737
4.242656 2.061740
4.262669 2.061724
4.282681 2.061688
4.302694 2.061636
4.322706 2.061568
4.342719 2.061485
4.362731 2.061388
4.382744 2.061279
4.402756 2.061159
4.422769 2.061028
4.442781 2.060888
4.462794 2.060739
4.482807 2.060582
4.502819 2.060417
4.522832 2.060246
4.542844 2.060068
4.562857 2.059886
4.582869 2.059698
4.602882 2.059505
4.622894 2.059309
4.642907 2.059109
4.662919 2.058906
4.682932 2.058700
4.702944 2.058492
4.722957 2.058282
4.742969 2.058070
4.762982 2.057857
4.782994 2.057642
4.803007 2.057427
4.823019 2.057211
4.843032 2.056994
4.863045 2.056778
4.883057 2.056561
4.903070 2.056344
4.923082 2.056128
4.943095 2.055913
4.963107 2.055698
4.983120 2.055484
5.003132 2.055271
5.023145 2.055059
5.043157 2.054848
5.063170 2.054639
5.083182 2.054431
5.103195 2.054225
5.123207 2.054020
5.143220 2.053817
5.163232 2.053616
5.183245 2.053417
5.203258 2.053220
5.223270 2.053024
5.243283 2.052831
5.263295 2.052640
5.283308 2.052451
5.303320 2.052264
5.323333 2.052079
5.343345 2.051897
5.363358 2.051717
5.383370 2.051540
5.403383 2.051364
5.423395 2.051192
5.443408 2.051021
5.463420 2.050853
5.483433 2.050688
5.503445 2.050525
5.523458 2.050364
5.543471 2.050206
5.563483 2.050051
5.583496 2.049898
5.603508 2.049747
5.623521 2.049599
5.643533 2.049454
5.663546 2.049311
5.683558 2.049171
5.703571 2.049033
5.723583 2.048898
5.743596 2.048765
5.763608 2.048634
5.783621 2.048507
5.803633 2.048381
5.823646 2.048259
5.843658 2.048138
5.863671 2.048020
5.883684 2.047905
5.903696 2.047792
5.923709 2.047682
5.943721 2.047573
5.963734 2.047468
5.983746 2.047364
6.003759 2.047264
6.023771 2.047165
6.043784 2.047069
6.063796 2.046975
6.083809 2.046883
6.103821 2.046794
6.123834 2.046707
6.143846 2.046623
6.163859 2.046540
6.183871 2.046460
6.203884 2.046382
6.223897 2.046306
6.243909 2.046232
6.263922 2.046161
6.283934 2.046092
6.303947 2.046024
6.323959 2.045959
6.343972 2.045896
6.363984 2.045835
6.383997 2.045777
6.404009 2.045720
6.424022 2.045665
6.444034 2.045612
6.464047 2.045561
6.484059 2.045512
6.504072 2.045465
6.524084 2.045420
6.544097 2.045377
6.564110 2.045335
6.584122 2.045296
6.604135 2.045258
6.624147 2.045222
6.644160 2.045188
6.664172 2.045156
6.684185 2.045125
6.704197 2.045097
6.724210 2.045070
6.744222 2.045044
6.764235 2.045021
6.784247 2.044998
6.804260 2.044978
6.824272 2.044959
6.844285 2.044942
6.864297 2.044927
6.884310 2.044913
6.904323 2.044900
6.924335 2.044889
6.944348 2.044880
6.964360 2.044872
6.984373 2.044865
7.004385 2.044860
7.024398 2.044857
7.044410 2.044855
7.064423 2.044854
7.084435 2.044855
7.104448 2.044857
7.124460 2.044860
7.144473 2.044865
7.164485 2.044871
7.184498 2.044878
7.204510 2.044887
7.224523 2.044897
7.244536 2.044908
7.264548 2.044921
7.284561 2.044934
7.304573 2.044949
7.324586 2.044965
7.344598 2.044982
7.364611 2.045001
7.384623 2.045020
7.404636 2.045041
7.424648 2.045063
7.444661 2.045086
7.464673 2.045110
7.484686 2.045135
7.504698 2.045161
7.524711 2.045188
7.544723 2.045216
7.564736 2.045245
7.584749 2.045275
7.604761 2.045306
7.624774 2.045339
7.644786 2.045372
7.664799 2.045406
7.684811 2.045441
7.704824 2.045476
7.724836 2.045513
7.744849 2.045551
7.764861 2.045589
7.784874 2.045629
7.804886 2.045669
7.824899 2.045710
7.844911 2.045752
7.864924 2.045794
7.884936 2.045838
7.904949 2.045882
7.924962 2.045927
7.944974 2.045973
7.964987 2.046020
7.984999 2.046067
8.005012 2.046115
