0.040025 0.013282
0.060038 0.019732
0.080050 0.026074
0.100063 0.032319
0.120075 0.038477
0.140088 0.044555
0.160100 0.050562
0.180113 0.056505
0.200125 0.062389
0.220138 0.068221
0.240150 0.074005
0.260163 0.079747
0.280175 0.085450
0.300188 0.091118
0.320200 0.096755
0.340213 0.102363
0.360226 0.107947
0.380238 0.113508
0.400251 0.119048
0.420263 0.124571
0.440276 0.130078
0.460288 0.135570
0.480301 0.141049
0.500313 0.146517
0.520326 0.151974
0.540338 0.157422
0.560351 0.162862
0.580363 0.168293
0.600376 0.173717
0.620388 0.179133
0.640401 0.184543
0.660413 0.189945
0.680426 0.195340
0.700439 0.200727
0.720451 0.206106
0.740464 0.211476
0.760476 0.216837
0.780489 0.222184
0.800501 0.227516
0.820514 0.232834
0.840526 0.238135
0.860539 0.243421
0.880551 0.248687
0.900564 0.253935
0.920576 0.259161
0.940589 0.264365
0.960601 0.269543
0.980614 0.274696
1.000626 0.279821
1.020639 0.284932
1.040652 0.290049
1.060664 0.295170
1.080677 0.300297
1.100689 0.305427
1.120702 0.310560
1.140714 0.315696
1.160727 0.320834
1.180739 0.325972
1.200752 0.331108
1.220764 0.336243
1.240777 0.341374
1.260789 0.346499
1.280802 0.351618
1.300814 0.356727
1.320827 0.361825
1.340839 0.366909
1.360852 0.371978
1.380865 0.377030
1.400877 0.382061
1.420890 0.387069
1.440902 0.392052
1.460915 0.397008
1.480927 0.401933
1.500940 0.406825
1.520952 0.411682
1.540965 0.416501
1.560977 0.421279
1.580990 0.426015
1.601002 0.430704
1.621015 0.435347
1.641027 0.439939
1.661040 0.444479
1.681052 0.448965
1.701065 0.453396
1.721077 0.457769
1.741090 0.462082
1.761103 0.466335
1.781115 0.470526
1.801128 0.474654
1.821140 0.478718
1.841153 0.482718
1.861165 0.486652
1.881178 0.490519
1.901190 0.494321
1.921203 0.498056
1.941215 0.501724
1.961228 0.505326
1.981240 0.508861
2.001253 0.512330
2.021265 0.515732
2.041278 0.519070
2.061290 0.522342
2.081303 0.525551
2.101316 0.528696
2.121328 0.531785
2.141341 0.534851
2.161353 0.537899
2.181366 0.540930
2.201378 0.543944
2.221391 0.546942
2.241403 0.549926
2.261416 0.552896
2.281428 0.555852
2.301441 0.558796
2.321453 0.561729
2.341466 0.564651
2.361478 0.567562
2.381491 0.570465
2.401503 0.573358
2.421516 0.576243
2.441529 0.579121
2.461541 0.581992
2.481554 0.584856
2.501566 0.587714
2.521579 0.590567
2.541591 0.593414
2.561604 0.596256
2.581616 0.599094
2.601629 0.601892
2.621641 0.604340
2.641654 0.606311
2.661666 0.607911
2.681679 0.609245
2.701691 0.610387
2.721704 0.611385
2.741716 0.612271
2.761729 0.613067
2.781742 0.613789
2.801754 0.614450
2.821767 0.615059
2.841779 0.615623
2.861792 0.616147
2.881804 0.616637
2.901817 0.617096
2.921829 0.617527
2.941842 0.617933
2.961854 0.618317
2.981867 0.618681
3.001879 0.619025
3.021892 0.619353
3.041904 0.619664
3.061917 0.619961
3.081929 0.620244
3.101942 0.620514
3.121955 0.620772
3.141967 0.621019
3.161980 0.621256
3.181992 0.621483
3.202005 0.621701
3.222017 0.621910
3.242030 0.622111
3.262042 0.622304
3.282055 0.622490
3.302067 0.622668
3.322080 0.622841
3.342092 0.623006
3.362105 0.623166
3.382117 0.623321
3.402130 0.623469
3.422142 0.623613
3.442155 0.623752
3.462168 0.623886
3.482180 0.624015
3.502193 0.624140
3.522205 0.624261
3.542218 0.624378
3.562230 0.624491
3.582243 0.624600
3.602255 0.624706
3.622268 0.624809
3.642280 0.624908
3.662293 0.625004
3.682305 0.625098
3.702318 0.625188
3.722330 0.625275
3.742343 0.625360
3.762355 0.625442
3.782368 0.625522
3.802381 0.625599
3.822393 0.625674
3.842406 0.625746
3.862418 0.625817
3.882431 0.625885
3.902443 0.625951
3.922456 0.626015
3.942468 0.626078
3.962481 0.626138
3.982493 0.626197
4.002506 0.626254
4.022518 0.626309
4.042531 0.626362
4.062543 0.626414
4.082556 0.626465
4.102568 0.626514
4.122581 0.626561
4.142594 0.626607
4.162606 0.626652
4.182619 0.626695
4.202631 0.626737
4.222644 0.626778
4.242656 0.626817
4.262669 0.626856
4.282681 0.626893
4.302694 0.626929
4.322706 0.626964
4.342719 0.626998
4.362731 0.627030
4.382744 0.627062
4.402756 0.627093
4.422769 0.627123
4.442781 0.627152
4.462794 0.627180
4.482807 0.627207
4.502819 0.627233
4.522832 0.627258
4.542844 0.627283
4.562857 0.627306
4.582869 0.627329
4.602882 0.627352
4.622894 0.627373
4.642907 0.627394
4.662919 0.627414
4.682932 0.627433
4.702944 0.627451
4.722957 0.627469
4.742969 0.627486
4.762982 0.627503
4.782994 0.627519
4.803007 0.627534
4.823019 0.627549
4.843032 0.627563
4.863045 0.627577
4.883057 0.627590
4.903070 0.627603
4.923082 0.627614
4.943095 0.627626
4.963107 0.627637
4.983120 0.627647
5.003132 0.627657
5.023145 0.627667
5.043157 0.627676
5.063170 0.627684
5.083182 0.627692
5.103195 0.627700
5.123207 0.627707
5.143220 0.627714
5.163232 0.627721
5.183245 0.627727
5.203258 0.627732
5.223270 0.627737
5.243283 0.627742
5.263295 0.627747
5.283308 0.627751
5.303320 0.627754
5.323333 0.627758
5.343345 0.627761
5.363358 0.627764
5.383370 0.627766
5.403383 0.627768
5.423395 0.627770
5.443408 0.627771
5.463420 0.627772
5.483433 0.627773
5.503445 0.627774
5.523458 0.627774
5.543471 0.627774
5.563483 0.627773
5.583496 0.627773
5.603508 0.627772
5.623521 0.627771
5.643533 0.627769
5.663546 0.627768
5.683558 0.627766
5.703571 0.627764
5.723583 0.627761
5.743596 0.627759
5.763608 0.627756
5.783621 0.627753
5.803633 0.627750
5.823646 0.627746
5.843658 0.627742
5.863671 0.627738
5.883684 0.627734
5.903696 0.627730
5.923709 0.627725
5.943721 0.627721
5.963734 0.627716
5.983746 0.627711
6.003759 0.627705
6.023771 0.627700
6.043784 0.627694
6.063796 0.627688
6.083809 0.627682
6.103821 0.627676
6.123834 0.627670
6.143846 0.627663
6.163859 0.627657
6.183871 0.627650
6.203884 0.627643
6.223897 0.627636
6.243909 0.627628
6.263922 0.627621
6.283934 0.627613
6.303947 0.627605
6.323959 0.627598
6.343972 0.627590
6.363984 0.627581
6.383997 0.627573
6.404009 0.627565
6.424022 0.627556
6.444034 0.627547
6.464047 0.627539
6.484059 0.627530
6.504072 0.627521
6.524084 0.627511
6.544097 0.627502
6.564110 0.627493
6.584122 0.627483
6.604135 0.627474
6.624147 0.627464
6.644160 0.627454
6.664172 0.627444
6.684185 0.627434
6.704197 0.627424
6.724210 0.627413
6.744222 0.627403
6.764235 0.627393
6.784247 0.627382
6.804260 0.627371
6.824272 0.627361
6.844285 0.627350
6.864297 0.627339
6.884310 0.627328
6.904323 0.627317
6.924335 0.627305
6.944348 0.627294
6.964360 0.627283
6.984373 0.627271
7.004385 0.627260
7.024398 0.627248
7.044410 0.627236
7.064423 0.627225
7.084435 0.627213
7.104448 0.627201
7.124460 0.627189
7.144473 0.627177
7.164485 0.627165
7.184498 0.627152
7.204510 0.627140
7.224523 0.627128
7.244536 0.627115
7.264548 0.627103
7.284561 0.627090
7.304573 0.627077
7.324586 0.627065
7.344598 0.627052
7.364611 0.627039
7.384623 0.627026
7.404636 0.627013
7.424648 0.627000
7.444661 0.626987
7.464673 0.626974
7.484686 0.626961
7.504698 0.626948
7.524711 0.626935
7.544723 0.626921
7.564736 0.626908
7.584749 0.626894
7.604761 0.626881
7.624774 0.626867
7.644786 0.626854
7.664799 0.626840
7.684811 0.626826
7.704824 0.626813
7.724836 0.626799
7.744849 0.626785
7.764861 0.626771
7.784874 0.626757
7.804886 0.626743
7.824899 0.626729
7.844911 0.626715
7.864924 0.626701
7.884936 0.626687
7.904949 0.626673
7.924962 0.626659
7.944974 0.626644
7.964987 0.626630
7.984999 0.626616
8.005012 0.626601
