0.008009    0.000050 
0.012014    -0.000221 
0.016018    -0.000518 
0.020023    -0.000833 
0.024027    -0.001156 
0.028032    -0.001484 
0.032036    -0.001812 
0.036041    -0.002139 
0.040045    -0.002463 
0.044050    -0.002783 
0.048054    -0.003098 
0.052059    -0.003408 
0.056063    -0.003713 
0.060068    -0.004012 
0.064072    -0.004304 
0.068077    -0.004591 
0.072081    -0.004871 
0.076086    -0.005145 
0.080090    -0.005412 
0.084095    -0.005673 
0.088099    -0.005927 
0.092104    -0.006175 
0.096108    -0.006417 
0.100113    -0.006652 
0.104117    -0.006880 
0.108122    -0.007103 
0.112126    -0.007319 
0.116131    -0.007529 
0.120135    -0.007733 
0.124140    -0.007930 
0.128144    -0.008122 
0.132149    -0.008308 
0.136153    -0.008488 
0.140158    -0.008662 
0.144162    -0.008830 
0.148167    -0.008993 
0.152171    -0.009150 
0.156176    -0.009302 
0.160180    -0.009448 
0.164185    -0.009589 
0.168189    -0.009725 
0.172194    -0.009855 
0.176198    -0.009980 
0.180203    -0.010100 
0.184207    -0.010215 
0.188212    -0.010325 
0.192216    -0.010430 
0.196221    -0.010530 
0.200225    -0.010626 
0.204230    -0.010717 
0.208234    -0.010803 
0.212239    -0.010884 
0.216243    -0.010961 
0.220248    -0.011034 
0.224252    -0.011102 
0.228257    -0.011166 
0.232261    -0.011225 
0.236266    -0.011280 
0.240270    -0.011331 
0.244275    -0.011378 
0.248279    -0.011421 
0.252284    -0.011459 
0.256289    -0.011494 
0.260293    -0.011525 
0.264298    -0.011552 
0.268302    -0.011574 
0.272307    -0.011594 
0.276311    -0.011609 
0.280316    -0.011621 
0.284320    -0.011629 
0.288325    -0.011633 
0.292329    -0.011634 
0.296334    -0.011631 
0.300338    -0.011625 
0.304343    -0.011615 
0.308347    -0.011602 
0.312352    -0.011586 
0.316356    -0.011566 
0.320361    -0.011542 
0.324365    -0.011516 
0.328370    -0.011486 
0.332374    -0.011453 
0.336379    -0.011417 
0.340383    -0.011377 
0.344388    -0.011335 
0.348392    -0.011289 
0.352397    -0.011241 
0.356401    -0.011189 
0.360406    -0.011134 
0.364410    -0.011077 
0.368415    -0.011016 
0.372419    -0.010952 
0.376424    -0.010886 
0.380428    -0.010817 
0.384433    -0.010744 
0.388437    -0.010669 
0.392442    -0.010591 
0.396446    -0.010511 
0.400451    -0.010427 
0.404455    -0.010341 
0.408460    -0.010252 
0.412464    -0.010160 
0.416469    -0.010066 
0.420473    -0.009969 
0.424478    -0.009870 
0.428482    -0.009767 
0.432487    -0.009662 
0.436491    -0.009555 
0.440496    -0.009445 
0.444500    -0.009332 
0.448505    -0.009217 
0.452509    -0.009099 
0.456514    -0.008979 
0.460518    -0.008856 
0.464523    -0.008730 
0.468527    -0.008602 
0.472532    -0.008472 
0.476536    -0.008339 
0.480541    -0.008204 
0.484545    -0.008066 
0.488550    -0.007926 
0.492554    -0.007783 
0.496559    -0.007638 
0.500564    -0.007490 
0.504568    -0.007340 
0.508573    -0.007188 
0.512577    -0.007033 
0.516582    -0.006876 
0.520586    -0.006716 
0.524591    -0.006554 
0.528595    -0.006390 
0.532600    -0.006223 
0.536604    -0.006053 
0.540609    -0.005882 
0.544613    -0.005708 
0.548618    -0.005531 
0.552622    -0.005352 
0.556627    -0.005171 
0.560631    -0.004988 
0.564636    -0.004802 
0.568640    -0.004613 
0.572645    -0.004422 
0.576649    -0.004229 
0.580654    -0.004033 
0.584658    -0.003835 
0.588663    -0.003635 
0.592667    -0.003432 
0.596672    -0.003227 
0.600676    -0.003019 
0.604681    -0.002809 
0.608685    -0.002596 
0.612690    -0.002381 
0.616694    -0.002164 
0.620699    -0.001944 
0.624703    -0.001721 
0.628708    -0.001496 
0.632712    -0.001269 
0.636717    -0.001039 
0.640721    -0.000807 
0.644726    -0.000572 
0.648730    -0.000334 
0.652735    -0.000094 
0.656739    0.000148 
0.660744    0.000393 
0.664748    0.000641 
0.668753    0.000891 
0.672757    0.001144 
0.676762    0.001400 
0.680766    0.001658 
0.684771    0.001919 
0.688775    0.002182 
0.692780    0.002449 
0.696784    0.002717 
0.700789    0.002989 
0.704793    0.003263 
0.708798    0.003540 
0.712802    0.003820 
0.716807    0.004103 
0.720811    0.004388 
0.724816    0.004676 
0.728820    0.004967 
0.732825    0.005261 
0.736829    0.005558 
0.740834    0.005858 
0.744838    0.006160 
0.748843    0.006466 
0.752848    0.006774 
0.756852    0.007086 
0.760857    0.007400 
0.764861    0.007718 
0.768866    0.008038 
0.772870    0.008362 
0.776875    0.008689 
0.780879    0.009018 
0.784884    0.009351 
0.788888    0.009688 
0.792893    0.010027 
0.796897    0.010369 
0.800902    0.010715 
0.804906    0.011064 
0.808911    0.011417 
0.812915    0.011772 
0.816920    0.012131 
0.820924    0.012494 
0.824929    0.012859 
0.828933    0.013229 
0.832938    0.013601 
0.836942    0.013977 
0.840947    0.014357 
0.844951    0.014740 
0.848956    0.015127 
0.852960    0.015517 
0.856965    0.015911 
0.860969    0.016309 
0.864974    0.016710 
0.868978    0.017115 
0.872983    0.017523 
0.876987    0.017936 
0.880992    0.018352 
0.884996    0.018772 
0.889001    0.019196 
0.893005    0.019623 
0.897010    0.020055 
0.901014    0.020491 
0.905019    0.020930 
0.909023    0.021374 
0.913028    0.021821 
0.917032    0.022273 
0.921037    0.022728 
0.925041    0.023188 
0.929046    0.023652 
0.933050    0.024120 
0.937055    0.024593 
0.941059    0.025069 
0.945064    0.025550 
0.949068    0.026035 
0.953073    0.026524 
0.957077    0.027018 
0.961082    0.027516 
0.965086    0.028019 
0.969091    0.028526 
0.973095    0.029037 
0.977100    0.029553 
0.981104    0.030074 
0.985109    0.030599 
0.989113    0.031128 
0.993118    0.031663 
0.997123    0.032201 
1.001127    0.032745 
1.005132    0.033293 
1.009136    0.033846 
1.013141    0.034404 
1.017145    0.034966 
1.021150    0.035534 
1.025154    0.036106 
1.029159    0.036683 
1.033163    0.037264 
1.037168    0.037851 
1.041172    0.038443 
1.045177    0.039009 
1.049181    0.039389 
1.053186    0.039696 
1.057190    0.040001 
1.061195    0.040306 
1.065199    0.040610 
1.069204    0.040913 
1.073208    0.041215 
1.077213    0.041516 
1.081217    0.041816 
1.085222    0.042116 
1.089226    0.042414 
1.093231    0.042712 
1.097235    0.043008 
1.101240    0.043304 
1.105244    0.043599 
1.109249    0.043893 
1.113253    0.044187 
1.117258    0.044479 
1.121262    0.044771 
1.125267    0.045062 
1.129271    0.045352 
1.133276    0.045642 
1.137280    0.045931 
1.141285    0.046219 
1.145289    0.046506 
1.149294    0.046793 
1.153298    0.047079 
1.157303    0.047365 
1.161307    0.047650 
1.165312    0.047934 
1.169316    0.048218 
1.173321    0.048502 
1.177325    0.048785 
1.181330    0.049067 
1.185334    0.049350 
1.189339    0.049631 
1.193343    0.049913 
1.197348    0.050194 
1.201352    0.050475 
1.205357    0.050756 
1.209361    0.051036 
1.213366    0.051316 
1.217370    0.051597 
1.221375    0.051877 
1.225379    0.052157 
1.229384    0.052437 
1.233388    0.052718 
1.237393    0.052998 
1.241397    0.053279 
1.245402    0.053559 
1.249407    0.053841 
1.253411    0.054122 
1.257416    0.054404 
1.261420    0.054686 
1.265425    0.054969 
1.269429    0.055252 
1.273434    0.055536 
1.277438    0.055821 
1.281443    0.056106 
1.285447    0.056393 
1.289452    0.056680 
1.293456    0.056968 
1.297461    0.057257 
1.301465    0.057547 
1.305470    0.057839 
1.309474    0.058131 
1.313479    0.058425 
1.317483    0.058721 
1.321488    0.059018 
1.325492    0.059316 
1.329497    0.059616 
1.333501    0.059918 
1.337506    0.060222 
1.341510    0.060528 
1.345515    0.060835 
1.349519    0.061145 
1.353524    0.061457 
1.357528    0.061771 
1.361533    0.062088 
1.365537    0.062407 
1.369542    0.062729 
1.373546    0.063053 
1.377551    0.063381 
1.381555    0.063711 
1.385560    0.064044 
1.389564    0.064380 
1.393569    0.064720 
1.397573    0.065063 
1.401578    0.065409 
1.405582    0.065760 
1.409587    0.066113 
1.413591    0.066471 
1.417596    0.066832 
1.421600    0.067198 
1.425605    0.067568 
1.429609    0.067942 
1.433614    0.068321 
1.437618    0.068704 
1.441623    0.069092 
1.445627    0.069485 
1.449632    0.069882 
1.453636    0.070285 
1.457641    0.070693 
1.461645    0.071107 
1.465650    0.071526 
1.469654    0.071950 
1.473659    0.072381 
1.477663    0.072817 
1.481668    0.073260 
1.485672    0.073709 
1.489677    0.074164 
1.493682    0.074625 
1.497686    0.075094 
1.501691    0.075569 
1.505695    0.076051 
1.509700    0.076540 
1.513704    0.077036 
1.517709    0.077540 
1.521713    0.078051 
1.525718    0.078570 
1.529722    0.079097 
1.533727    0.079632 
1.537731    0.080175 
1.541736    0.080726 
1.545740    0.081286 
1.549745    0.081854 
1.553749    0.082430 
1.557754    0.083016 
1.561758    0.083611 
1.565763    0.084215 
1.569767    0.084828 
1.573772    0.085450 
1.577776    0.086082 
1.581781    0.086724 
1.585785    0.087376 
1.589790    0.088037 
1.593794    0.088709 
1.597799    0.089390 
1.601803    0.090083 
1.605808    0.090785 
1.609812    0.091499 
1.613817    0.092223 
1.617821    0.092957 
1.621826    0.093703 
1.625830    0.094460 
1.629835    0.095228 
1.633839    0.096008 
1.637844    0.096798 
1.641848    0.097601 
1.645853    0.098415 
1.649857    0.099240 
1.653862    0.100078 
1.657866    0.100927 
1.661871    0.101789 
1.665875    0.102662 
1.669880    0.103548 
1.673884    0.104446 
1.677889    0.105356 
1.681893    0.106278 
1.685898    0.107213 
1.689902    0.108161 
1.693907    0.109121 
1.697911    0.110093 
1.701916    0.111079 
1.705920    0.112077 
1.709925    0.113088 
1.713929    0.114111 
1.717934    0.115147 
1.721938    0.116197 
1.725943    0.117259 
1.729947    0.118334 
1.733952    0.119421 
1.737956    0.120522 
1.741961    0.121636 
1.745966    0.122762 
1.749970    0.123902 
1.753975    0.125054 
1.757979    0.126219 
1.761984    0.127397 
1.765988    0.128588 
1.769993    0.129791 
1.773997    0.131008 
1.778002    0.132236 
1.782006    0.133478 
1.786011    0.134732 
1.790015    0.135999 
1.794020    0.137278 
1.798024    0.138570 
1.802029    0.139874 
1.806033    0.141190 
1.810038    0.142519 
1.814042    0.143859 
1.818047    0.145212 
1.822051    0.146576 
1.826056    0.147953 
1.830060    0.149341 
1.834065    0.150740 
1.838069    0.152152 
1.842074    0.153574 
1.846078    0.155008 
1.850083    0.156453 
1.854087    0.157909 
1.858092    0.159376 
1.862096    0.160854 
1.866101    0.162343 
1.870105    0.163842 
1.874110    0.165351 
1.878114    0.166871 
1.882119    0.168400 
1.886123    0.169940 
1.890128    0.171489 
1.894132    0.173048 
1.898137    0.174617 
1.902141    0.176194 
1.906146    0.177781 
1.910150    0.179377 
1.914155    0.180982 
1.918159    0.182595 
1.922164    0.184217 
1.926168    0.185847 
1.930173    0.187485 
1.934177    0.189131 
1.938182    0.190785 
1.942186    0.192446 
1.946191    0.194115 
1.950195    0.195791 
1.954200    0.197474 
1.958204    0.199164 
1.962209    0.200861 
1.966213    0.202564 
1.970218    0.204273 
1.974222    0.205989 
1.978227    0.207710 
1.982231    0.209438 
1.986236    0.211170 
1.990241    0.212908 
1.994245    0.214652 
1.998250    0.216400 
2.002254    0.218153 
2.006259    0.219911 
2.010263    0.221674 
2.014268    0.223440 
2.018272    0.225211 
2.022277    0.226986 
2.026281    0.228764 
2.030286    0.230546 
2.034290    0.232331 
2.038295    0.234119 
2.042299    0.235911 
2.046304    0.237705 
2.050308    0.239502 
2.054313    0.241302 
2.058317    0.243104 
2.062322    0.244908 
2.066326    0.246713 
2.070331    0.248521 
2.074335    0.250331 
2.078340    0.252142 
2.082344    0.253954 
2.086349    0.255767 
2.090353    0.257582 
2.094358    0.259397 
2.098362    0.261213 
2.102367    0.263029 
2.106371    0.264846 
2.110376    0.266525 
2.114380    0.267564 
2.118385    0.268416 
2.122389    0.269263 
2.126394    0.270106 
2.130398    0.270945 
2.134403    0.271779 
2.138407    0.272609 
2.142412    0.273435 
2.146416    0.274256 
2.150421    0.275072 
2.154425    0.275885 
2.158430    0.276692 
2.162434    0.277496 
2.166439    0.278294 
2.170443    0.279089 
2.174448    0.279878 
2.178452    0.280664 
2.182457    0.281444 
2.186461    0.282220 
2.190466    0.282992 
2.194470    0.283759 
2.198475    0.284522 
2.202479    0.285279 
2.206484    0.286033 
2.210488    0.286782 
2.214493    0.287526 
2.218497    0.288266 
2.222502    0.289001 
2.226506    0.289731 
2.230511    0.290457 
2.234515    0.291179 
2.238520    0.291896 
2.242525    0.292608 
2.246529    0.293316 
2.250534    0.294019 
2.254538    0.294718 
2.258543    0.295412 
2.262547    0.296102 
2.266552    0.296787 
2.270556    0.297468 
2.274561    0.298144 
2.278565    0.298816 
2.282570    0.299484 
2.286574    0.300147 
2.290579    0.300806 
2.294583    0.301460 
2.298588    0.302110 
2.302592    0.302756 
2.306597    0.303398 
2.310601    0.304035 
2.314606    0.304668 
2.318610    0.305297 
2.322615    0.305922 
2.326619    0.306543 
2.330624    0.307159 
2.334628    0.307772 
2.338633    0.308380 
2.342637    0.308985 
2.346642    0.309586 
2.350646    0.310183 
2.354651    0.310776 
2.358655    0.311365 
2.362660    0.311951 
2.366664    0.312532 
2.370669    0.313111 
2.374673    0.313685 
2.378678    0.314257 
2.382682    0.314824 
2.386687    0.315389 
2.390691    0.315950 
2.394696    0.316508 
2.398700    0.317062 
2.402705    0.317614 
2.406709    0.318162 
2.410714    0.318707 
2.414718    0.319250 
2.418723    0.319790 
2.422727    0.320327 
2.426732    0.320861 
2.430736    0.321392 
2.434741    0.321921 
2.438745    0.322448 
2.442750    0.322972 
2.446754    0.323494 
2.450759    0.324014 
2.454763    0.324531 
2.458768    0.325047 
2.462772    0.325561 
2.466777    0.326073 
2.470781    0.326583 
2.474786    0.327091 
2.478790    0.327598 
2.482795    0.328104 
2.486800    0.328608 
2.490804    0.329111 
2.494809    0.329612 
2.498813    0.330113 
2.502818    0.330613 
2.506822    0.331112 
2.510827    0.331610 
2.514831    0.332107 
2.518836    0.332604 
2.522840    0.333101 
2.526845    0.333597 
2.530849    0.334094 
2.534854    0.334590 
2.538858    0.335086 
2.542863    0.335582 
2.546867    0.336079 
2.550872    0.336576 
2.554876    0.337073 
2.558881    0.337571 
2.562885    0.338070 
2.566890    0.338569 
2.570894    0.339070 
2.574899    0.339571 
2.578903    0.340074 
2.582908    0.340578 
2.586912    0.341083 
2.590917    0.341590 
2.594921    0.342098 
2.598926    0.342608 
2.602930    0.343120 
2.606935    0.343634 
2.610939    0.344150 
2.614944    0.344668 
2.618948    0.345188 
2.622953    0.345711 
2.626957    0.346236 
2.630962    0.346764 
2.634966    0.347294 
2.638971    0.347827 
2.642975    0.348363 
2.646980    0.348902 
2.650984    0.349444 
2.654989    0.349989 
2.658993    0.350537 
2.662998    0.351088 
2.667002    0.351643 
2.671007    0.352201 
2.675011    0.352763 
2.679016    0.353329 
2.683020    0.353898 
2.687025    0.354471 
2.691029    0.355047 
2.695034    0.355628 
2.699038    0.356212 
2.703043    0.356801 
2.707047    0.357393 
2.711052    0.357990 
2.715056    0.358591 
2.719061    0.359196 
2.723065    0.359806 
2.727070    0.360419 
2.731074    0.361037 
2.735079    0.361660 
2.739084    0.362287 
2.743088    0.362918 
2.747093    0.363554 
2.751097    0.364195 
2.755102    0.364840 
2.759106    0.365489 
2.763111    0.366143 
2.767115    0.366802 
2.771120    0.367465 
2.775124    0.368133 
2.779129    0.368806 
2.783133    0.369483 
2.787138    0.370165 
2.791142    0.370851 
2.795147    0.371542 
2.799151    0.372238 
2.803156    0.372938 
2.807160    0.373643 
2.811165    0.374353 
2.815169    0.375066 
2.819174    0.375785 
2.823178    0.376508 
2.827183    0.377235 
2.831187    0.377967 
2.835192    0.378703 
2.839196    0.379444 
2.843201    0.380189 
2.847205    0.380938 
2.851210    0.381691 
2.855214    0.382449 
2.859219    0.383211 
2.863223    0.383977 
2.867228    0.384747 
2.871232    0.385521 
2.875237    0.386299 
2.879241    0.387081 
2.883246    0.387867 
2.887250    0.388656 
2.891255    0.389449 
2.895259    0.390246 
2.899264    0.391047 
2.903268    0.391851 
2.907273    0.392659 
2.911277    0.393470 
2.915282    0.394284 
2.919286    0.395102 
2.923291    0.395922 
2.927295    0.396746 
2.931300    0.397574 
2.935304    0.398404 
2.939309    0.399237 
2.943313    0.400073 
2.947318    0.400911 
2.951322    0.401753 
2.955327    0.402597 
2.959331    0.403444 
2.963336    0.404293 
2.967340    0.405144 
2.971345    0.405998 
2.975349    0.406855 
2.979354    0.407713 
2.983359    0.408574 
2.987363    0.409436 
2.991368    0.410301 
2.995372    0.411167 
2.999377    0.412036 
3.003381    0.412906 
3.007386    0.413778 
3.011390    0.414651 
3.015395    0.415526 
3.019399    0.416403 
3.023404    0.417281 
3.027408    0.418160 
3.031413    0.419041 
3.035417    0.419922 
3.039422    0.420805 
3.043426    0.421689 
3.047431    0.422574 
3.051435    0.423460 
3.055440    0.424347 
3.059444    0.425234 
3.063449    0.426122 
3.067453    0.427011 
3.071458    0.427901 
3.075462    0.428791 
3.079467    0.429681 
3.083471    0.430572 
3.087476    0.431463 
3.091480    0.432355 
3.095485    0.433247 
3.099489    0.434139 
3.103494    0.435031 
3.107498    0.435923 
3.111503    0.436815 
3.115507    0.437707 
3.119512    0.438599 
3.123516    0.439490 
3.127521    0.440382 
3.131525    0.441273 
3.135530    0.442164 
3.139534    0.443055 
3.143539    0.443945 
3.147543    0.444835 
3.151548    0.445724 
3.155552    0.446613 
3.159557    0.447501 
3.163561    0.448388 
3.167566    0.449275 
3.171570    0.450161 
3.175575    0.451046 
3.179579    0.451930 
3.183584    0.452814 
3.187588    0.453697 
3.191593    0.454578 
3.195597    0.455459 
3.199602    0.456339 
3.203606    0.457218 
3.207611    0.458095 
3.211615    0.458972 
3.215620    0.459847 
3.219624    0.460721 
3.223629    0.461594 
3.227633    0.462466 
3.231638    0.463336 
3.235643    0.464206 
3.239647    0.465073 
3.243652    0.465940 
3.247656    0.466805 
3.251661    0.467669 
3.255665    0.468531 
3.259670    0.469392 
3.263674    0.470251 
3.267679    0.471109 
3.271683    0.471965 
3.275688    0.472820 
3.279692    0.473673 
3.283697    0.474524 
3.287701    0.475374 
3.291706    0.476222 
3.295710    0.477069 
3.299715    0.477914 
3.303719    0.478757 
3.307724    0.479598 
3.311728    0.480438 
3.315733    0.481276 
3.319737    0.482112 
3.323742    0.482947 
3.327746    0.483779 
3.331751    0.484610 
3.335755    0.485439 
3.339760    0.486266 
3.343764    0.487092 
3.347769    0.487915 
3.351773    0.488737 
3.355778    0.489557 
3.359782    0.490375 
3.363787    0.491190 
3.367791    0.492004 
3.371796    0.492817 
3.375800    0.493627 
3.379805    0.494435 
3.383809    0.495241 
3.387814    0.496046 
3.391818    0.496848 
3.395823    0.497648 
3.399827    0.498447 
3.403832    0.499243 
3.407836    0.500038 
3.411841    0.500830 
3.415845    0.501620 
3.419850    0.502409 
3.423854    0.503195 
3.427859    0.503980 
3.431863    0.504762 
3.435868    0.505542 
3.439872    0.506321 
3.443877    0.507097 
3.447881    0.507871 
3.451886    0.508643 
3.455890    0.509414 
3.459895    0.510182 
3.463899    0.510948 
3.467904    0.511712 
3.471908    0.512474 
3.475913    0.513234 
3.479918    0.513992 
3.483922    0.514748 
3.487927    0.515502 
3.491931    0.516253 
3.495936    0.517003 
3.499940    0.517751 
3.503945    0.518496 
3.507949    0.519240 
3.511954    0.519981 
3.515958    0.520721 
3.519963    0.521458 
3.523967    0.522194 
3.527972    0.522927 
3.531976    0.523659 
3.535981    0.524388 
3.539985    0.525115 
3.543990    0.525840 
3.547994    0.526564 
3.551999    0.527285 
3.556003    0.528004 
3.560008    0.528721 
3.564012    0.529436 
3.568017    0.530149 
3.572021    0.530860 
3.576026    0.531570 
3.580030    0.532277 
3.584035    0.532982 
3.588039    0.533685 
3.592044    0.534386 
3.596048    0.535085 
3.600053    0.535782 
3.604057    0.536477 
3.608062    0.537170 
3.612066    0.537861 
3.616071    0.538551 
3.620075    0.539238 
3.624080    0.539923 
3.628084    0.540606 
3.632089    0.541288 
3.636093    0.541967 
3.640098    0.542645 
3.644102    0.543320 
3.648107    0.543994 
3.652111    0.544665 
3.656116    0.545335 
3.660120    0.546003 
3.664125    0.546669 
3.668129    0.547333 
3.672134    0.547995 
3.676138    0.548655 
3.680143    0.549313 
3.684147    0.549970 
3.688152    0.550624 
3.692156    0.551277 
3.696161    0.551928 
3.700165    0.552576 
3.704170    0.553224 
3.708174    0.553869 
3.712179    0.554512 
3.716183    0.555154 
3.720188    0.555793 
3.724192    0.556431 
3.728197    0.557067 
3.732202    0.557701 
3.736206    0.558333 
3.740211    0.558964 
3.744215    0.559593 
3.748220    0.560220 
3.752224    0.560845 
3.756229    0.561468 
3.760233    0.562090 
3.764238    0.562710 
3.768242    0.563328 
3.772247    0.563944 
3.776251    0.564558 
3.780256    0.565171 
3.784260    0.565782 
3.788265    0.566391 
3.792269    0.566999 
3.796274    0.567605 
3.800278    0.568209 
3.804283    0.568811 
3.808287    0.569412 
3.812292    0.570011 
3.816296    0.570608 
3.820301    0.571204 
3.824305    0.571798 
3.828310    0.572390 
3.832314    0.572980 
3.836319    0.573569 
3.840323    0.574156 
3.844328    0.574742 
3.848332    0.575326 
3.852337    0.575908 
3.856341    0.576489 
3.860346    0.577068 
3.864350    0.577645 
3.868355    0.578221 
3.872359    0.578795 
3.876364    0.579367 
3.880368    0.579938 
3.884373    0.580508 
3.888377    0.581075 
3.892382    0.581642 
3.896386    0.582206 
3.900391    0.582769 
3.904395    0.583330 
3.908400    0.583890 
3.912404    0.584449 
3.916409    0.585005 
3.920413    0.585561 
3.924418    0.586114 
3.928422    0.586666 
3.932427    0.587217 
3.936431    0.587766 
3.940436    0.588314 
3.944440    0.588860 
3.948445    0.589404 
3.952449    0.589947 
3.956454    0.590489 
3.960458    0.591029 
3.964463    0.591568 
3.968467    0.592105 
3.972472    0.592640 
3.976477    0.593175 
3.980481    0.593707 
3.984486    0.594239 
3.988490    0.594768 
3.992495    0.595297 
3.996499    0.595824 
4.000504    0.596349 
4.004508    0.596873 
4.008513    0.597396 
4.012517    0.597917 
4.016522    0.598437 
4.020526    0.598955 
4.024531    0.599472 
4.028535    0.599988 
4.032540    0.600502 
4.036544    0.601015 
4.040549    0.601527 
4.044553    0.602037 
4.048558    0.602546 
4.052562    0.603053 
4.056567    0.603559 
4.060571    0.604064 
4.064576    0.604567 
4.068580    0.605069 
4.072585    0.605570 
4.076589    0.606069 
4.080594    0.606567 
4.084598    0.607064 
4.088603    0.607559 
4.092607    0.608053 
4.096612    0.608546 
4.100616    0.609037 
4.104621    0.609527 
4.108625    0.610016 
4.112630    0.610504 
4.116634    0.610990 
4.120639    0.611475 
4.124643    0.611959 
4.128648    0.612441 
4.132652    0.612922 
4.136657    0.613402 
4.140661    0.613881 
4.144666    0.614358 
4.148670    0.614834 
4.152675    0.615309 
4.156679    0.615783 
4.160684    0.616255 
4.164688    0.616727 
4.168693    0.617197 
4.172697    0.617666 
4.176702    0.618133 
4.180706    0.618600 
4.184711    0.619065 
4.188715    0.619529 
4.192720    0.619992 
4.196724    0.620453 
4.200729    0.620914 
4.204733    0.621373 
4.208738    0.621831 
4.212742    0.622288 
4.216747    0.622743 
4.220751    0.623198 
4.224756    0.623651 
4.228761    0.624104 
4.232765    0.624555 
4.236770    0.625005 
4.240774    0.625454 
4.244779    0.625901 
4.248783    0.626348 
4.252788    0.626793 
4.256792    0.627237 
4.260797    0.627681 
4.264801    0.628123 
4.268806    0.628564 
4.272810    0.629003 
4.276815    0.629442 
4.280819    0.629880 
4.284824    0.630316 
4.288828    0.630752 
4.292833    0.631186 
4.296837    0.631619 
4.300842    0.632051 
4.304846    0.632482 
4.308851    0.632912 
4.312855    0.633341 
4.316860    0.633769 
4.320864    0.634196 
4.324869    0.634622 
4.328873    0.635047 
4.332878    0.635470 
4.336882    0.635893 
4.340887    0.636314 
4.344891    0.636735 
4.348896    0.637154 
4.352900    0.637573 
4.356905    0.637990 
4.360909    0.638407 
4.364914    0.638822 
4.368918    0.639237 
4.372923    0.639650 
4.376927    0.640062 
4.380932    0.640474 
4.384936    0.640884 
4.388941    0.641293 
4.392945    0.641702 
4.396950    0.642109 
4.400954    0.642515 
4.404959    0.642921 
4.408963    0.643325 
4.412968    0.643729 
4.416972    0.644131 
4.420977    0.644532 
4.424981    0.644933 
4.428986    0.645333 
4.432990    0.645731 
4.436995    0.646129 
4.440999    0.646525 
4.445004    0.646921 
4.449008    0.647316 
4.453013    0.647710 
4.457017    0.648103 
4.461022    0.648494 
4.465026    0.648885 
4.469031    0.649276 
4.473036    0.649665 
4.477040    0.650053 
4.481045    0.650440 
4.485049    0.650827 
4.489054    0.651212 
4.493058    0.651597 
4.497063    0.651980 
4.501067    0.652363 
4.505072    0.652745 
4.509076    0.653126 
4.513081    0.653506 
4.517085    0.653885 
4.521090    0.654263 
4.525094    0.654640 
4.529099    0.655017 
4.533103    0.655393 
4.537108    0.655767 
4.541112    0.656141 
4.545117    0.656514 
4.549121    0.656886 
4.553126    0.657257 
4.557130    0.657628 
4.561135    0.657997 
4.565139    0.658366 
4.569144    0.658733 
4.573148    0.659100 
4.577153    0.659466 
4.581157    0.659832 
4.585162    0.660196 
4.589166    0.660560 
4.593171    0.660922 
4.597175    0.661284 
4.601180    0.661645 
4.605184    0.662005 
4.609189    0.662365 
4.613193    0.662723 
4.617198    0.663081 
4.621202    0.663438 
4.625207    0.663794 
4.629211    0.664149 
4.633216    0.664504 
4.637220    0.664857 
4.641225    0.665210 
4.645229    0.665562 
4.649234    0.665913 
4.653238    0.666264 
4.657243    0.666613 
4.661247    0.666962 
4.665252    0.667310 
4.669256    0.667657 
4.673261    0.668004 
4.677265    0.668349 
4.681270    0.668694 
4.685274    0.669038 
4.689279    0.669382 
4.693283    0.669724 
4.697288    0.670066 
4.701292    0.670407 
4.705297    0.670747 
4.709301    0.671087 
4.713306    0.671425 
4.717310    0.671763 
4.721315    0.672101 
4.725320    0.672437 
4.729324    0.672773 
4.733329    0.673108 
4.737333    0.673442 
4.741338    0.673775 
4.745342    0.674108 
4.749347    0.674440 
4.753351    0.674771 
4.757356    0.675101 
4.761360    0.675431 
4.765365    0.675760 
4.769369    0.676088 
4.773374    0.676416 
4.777378    0.676743 
4.781383    0.677069 
4.785387    0.677394 
4.789392    0.677719 
4.793396    0.678043 
4.797401    0.678366 
4.801405    0.678689 
4.805410    0.679010 
4.809414    0.679332 
4.813419    0.679652 
4.817423    0.679972 
4.821428    0.680291 
4.825432    0.680609 
4.829437    0.680926 
4.833441    0.681243 
4.837446    0.681559 
4.841450    0.681875 
4.845455    0.682190 
4.849459    0.682504 
4.853464    0.682817 
4.857468    0.683130 
4.861473    0.683442 
4.865477    0.683754 
4.869482    0.684064 
4.873486    0.684374 
4.877491    0.684684 
4.881495    0.684992 
4.885500    0.685300 
4.889504    0.685608 
4.893509    0.685914 
4.897513    0.686221 
4.901518    0.686526 
4.905522    0.686831 
4.909527    0.687135 
4.913531    0.687438 
4.917536    0.687741 
4.921540    0.688043 
4.925545    0.688344 
4.929549    0.688645 
4.933554    0.688945 
4.937558    0.689245 
4.941563    0.689544 
4.945567    0.689842 
4.949572    0.690139 
4.953576    0.690436 
4.957581    0.690733 
4.961585    0.691028 
4.965590    0.691323 
4.969595    0.691618 
4.973599    0.691912 
4.977604    0.692205 
4.981608    0.692497 
4.985613    0.692789 
4.989617    0.693081 
4.993622    0.693371 
4.997626    0.693661 
5.001631    0.693951 
5.005635    0.694240 
5.009640    0.694528 
5.013644    0.694816 
5.017649    0.695103 
5.021653    0.695389 
5.025658    0.695675 
5.029662    0.695960 
5.033667    0.696245 
5.037671    0.696529 
5.041676    0.696812 
5.045680    0.697095 
5.049685    0.697377 
5.053689    0.697659 
5.057694    0.697940 
5.061698    0.698220 
5.065703    0.698500 
5.069707    0.698779 
5.073712    0.699058 
5.077716    0.699336 
5.081721    0.699613 
5.085725    0.699890 
5.089730    0.700167 
5.093734    0.700442 
5.097739    0.700718 
5.101743    0.700992 
5.105748    0.701266 
5.109752    0.701540 
5.113757    0.701813 
5.117761    0.702085 
5.121766    0.702357 
5.125770    0.702628 
5.129775    0.702899 
5.133779    0.703169 
5.137784    0.703438 
5.141788    0.703707 
5.145793    0.703976 
5.149797    0.704244 
5.153802    0.704511 
5.157806    0.704778 
5.161811    0.705044 
5.165815    0.705310 
5.169820    0.705575 
5.173824    0.705840 
5.177829    0.706104 
5.181833    0.706367 
5.185838    0.706630 
5.189842    0.706892 
5.193847    0.707154 
5.197851    0.707416 
5.201856    0.707676 
5.205860    0.707937 
5.209865    0.708196 
5.213869    0.708456 
5.217874    0.708714 
5.221879    0.708973 
5.225883    0.709230 
5.229888    0.709487 
5.233892    0.709744 
5.237897    0.710000 
5.241901    0.710255 
5.245906    0.710510 
5.249910    0.710765 
5.253915    0.711019 
5.257919    0.711272 
5.261924    0.711525 
5.265928    0.711778 
5.269933    0.712030 
5.273937    0.712281 
5.277942    0.712532 
5.281946    0.712783 
5.285951    0.713032 
5.289955    0.713282 
5.293960    0.713531 
5.297964    0.713779 
5.301969    0.714027 
5.305973    0.714274 
5.309978    0.714521 
5.313982    0.714768 
5.317987    0.715014 
5.321991    0.715259 
5.325996    0.715504 
5.330000    0.715748 
5.334005    0.715992 
5.338009    0.716236 
5.342014    0.716479 
5.346018    0.716721 
5.350023    0.716963 
5.354027    0.717205 
5.358032    0.717446 
5.362036    0.717686 
5.366041    0.717926 
5.370045    0.718166 
5.374050    0.718405 
5.378054    0.718644 
5.382059    0.718882 
5.386063    0.719119 
5.390068    0.719357 
5.394072    0.719593 
5.398077    0.719830 
5.402081    0.720066 
5.406086    0.720301 
5.410090    0.720536 
5.414095    0.720770 
5.418099    0.721004 
5.422104    0.721238 
5.426108    0.721471 
5.430113    0.721703 
5.434117    0.721935 
5.438122    0.722167 
5.442126    0.722398 
5.446131    0.722629 
5.450135    0.722859 
5.454140    0.723089 
5.458144    0.723318 
5.462149    0.723547 
5.466154    0.723776 
5.470158    0.724004 
5.474163    0.724231 
5.478167    0.724458 
5.482172    0.724685 
5.486176    0.724911 
5.490181    0.725137 
5.494185    0.725362 
5.498190    0.725587 
5.502194    0.725812 
5.506199    0.726036 
5.510203    0.726260 
5.514208    0.726483 
5.518212    0.726705 
5.522217    0.726928 
5.526221    0.727150 
5.530226    0.727371 
5.534230    0.727592 
5.538235    0.727813 
5.542239    0.728033 
5.546244    0.728252 
5.550248    0.728472 
5.554253    0.728691 
5.558257    0.728909 
5.562262    0.729127 
5.566266    0.729345 
5.570271    0.729562 
5.574275    0.729779 
5.578280    0.729995 
5.582284    0.730211 
5.586289    0.730426 
5.590293    0.730641 
5.594298    0.730856 
5.598302    0.731070 
5.602307    0.731284 
5.606311    0.731498 
5.610316    0.731711 
5.614320    0.731923 
5.618325    0.732136 
5.622329    0.732347 
5.626334    0.732559 
5.630338    0.732770 
5.634343    0.732980 
5.638347    0.733191 
5.642352    0.733400 
5.646356    0.733610 
5.650361    0.733819 
5.654365    0.734027 
5.658370    0.734235 
5.662374    0.734443 
5.666379    0.734651 
5.670383    0.734858 
5.674388    0.735064 
5.678392    0.735270 
5.682397    0.735476 
5.686401    0.735682 
5.690406    0.735887 
5.694410    0.736091 
5.698415    0.736296 
5.702419    0.736499 
5.706424    0.736703 
5.710428    0.736906 
5.714433    0.737109 
5.718438    0.737311 
5.722442    0.737513 
5.726447    0.737715 
5.730451    0.737916 
5.734456    0.738117 
5.738460    0.738317 
5.742465    0.738517 
5.746469    0.738717 
5.750474    0.738916 
5.754478    0.739115 
5.758483    0.739314 
5.762487    0.739512 
5.766492    0.739709 
5.770496    0.739907 
5.774501    0.740104 
5.778505    0.740301 
5.782510    0.740497 
5.786514    0.740693 
5.790519    0.740889 
5.794523    0.741084 
5.798528    0.741279 
5.802532    0.741473 
5.806537    0.741667 
5.810541    0.741861 
5.814546    0.742054 
5.818550    0.742247 
5.822555    0.742440 
5.826559    0.742632 
5.830564    0.742824 
5.834568    0.743016 
5.838573    0.743207 
5.842577    0.743398 
5.846582    0.743589 
5.850586    0.743779 
5.854591    0.743969 
5.858595    0.744158 
5.862600    0.744347 
5.866604    0.744536 
5.870609    0.744724 
5.874613    0.744913 
5.878618    0.745100 
5.882622    0.745288 
5.886627    0.745475 
5.890631    0.745661 
5.894636    0.745848 
5.898640    0.746034 
5.902645    0.746219 
5.906649    0.746405 
5.910654    0.746590 
5.914658    0.746774 
5.918663    0.746959 
5.922667    0.747143 
5.926672    0.747326 
5.930676    0.747509 
5.934681    0.747692 
5.938685    0.747875 
5.942690    0.748057 
5.946694    0.748239 
5.950699    0.748421 
5.954703    0.748602 
5.958708    0.748783 
5.962713    0.748964 
5.966717    0.749144 
5.970722    0.749324 
5.974726    0.749504 
5.978731    0.749683 
5.982735    0.749862 
5.986740    0.750041 
5.990744    0.750219 
5.994749    0.750397 
5.998753    0.750575 
6.002758    0.750752 
6.006762    0.750929 
6.010767    0.751106 
6.014771    0.751282 
6.018776    0.751458 
6.022780    0.751634 
6.026785    0.751809 
6.030789    0.751984 
6.034794    0.752159 
6.038798    0.752334 
6.042803    0.752508 
6.046807    0.752682 
6.050812    0.752855 
6.054816    0.753028 
6.058821    0.753201 
6.062825    0.753374 
6.066830    0.753546 
6.070834    0.753718 
6.074839    0.753890 
6.078843    0.754061 
6.082848    0.754232 
6.086852    0.754403 
6.090857    0.754573 
6.094861    0.754744 
6.098866    0.754913 
6.102870    0.755083 
6.106875    0.755252 
6.110879    0.755421 
6.114884    0.755590 
6.118888    0.755758 
6.122893    0.755926 
6.126897    0.756094 
6.130902    0.756261 
6.134906    0.756428 
6.138911    0.756595 
6.142915    0.756762 
6.146920    0.756928 
6.150924    0.757094 
6.154929    0.757259 
6.158933    0.757425 
6.162938    0.757590 
6.166942    0.757754 
6.170947    0.757919 
6.174951    0.758083 
6.178956    0.758247 
6.182960    0.758411 
6.186965    0.758574 
6.190969    0.758737 
6.194974    0.758900 
6.198978    0.759062 
6.202983    0.759224 
6.206987    0.759386 
6.210992    0.759548 
6.214997    0.759709 
6.219001    0.759870 
6.223006    0.760031 
6.227010    0.760191 
6.231015    0.760351 
6.235019    0.760511 
6.239024    0.760671 
6.243028    0.760830 
6.247033    0.760989 
6.251037    0.761148 
6.255042    0.761306 
6.259046    0.761464 
6.263051    0.761622 
6.267055    0.761780 
6.271060    0.761937 
6.275064    0.762094 
6.279069    0.762251 
6.283073    0.762408 
6.287078    0.762564 
6.291082    0.762720 
6.295087    0.762876 
6.299091    0.763031 
6.303096    0.763186 
6.307100    0.763341 
6.311105    0.763496 
6.315109    0.763650 
6.319114    0.763804 
6.323118    0.763958 
6.327123    0.764112 
6.331127    0.764265 
6.335132    0.764418 
6.339136    0.764571 
6.343141    0.764724 
6.347145    0.764876 
6.351150    0.765028 
6.355154    0.765179 
6.359159    0.765331 
6.363163    0.765482 
6.367168    0.765633 
6.371172    0.765784 
6.375177    0.765934 
6.379181    0.766084 
6.383186    0.766234 
6.387190    0.766384 
6.391195    0.766533 
6.395199    0.766682 
6.399204    0.766831 
6.403208    0.766980 
6.407213    0.767128 
6.411217    0.767276 
6.415222    0.767424 
6.419226    0.767572 
6.423231    0.767719 
6.427235    0.767866 
6.431240    0.768013 
6.435244    0.768160 
6.439249    0.768306 
6.443253    0.768452 
6.447258    0.768598 
6.451262    0.768744 
6.455267    0.768889 
6.459272    0.769034 
6.463276    0.769179 
6.467281    0.769323 
6.471285    0.769468 
6.475290    0.769612 
6.479294    0.769756 
6.483299    0.769899 
6.487303    0.770043 
6.491308    0.770186 
6.495312    0.770329 
6.499317    0.770472 
6.503321    0.770614 
6.507326    0.770756 
6.511330    0.770898 
6.515335    0.771040 
6.519339    0.771181 
6.523344    0.771322 
6.527348    0.771463 
6.531353    0.771604 
6.535357    0.771745 
6.539362    0.771885 
6.543366    0.772025 
6.547371    0.772165 
6.551375    0.772304 
6.555380    0.772444 
6.559384    0.772583 
6.563389    0.772722 
6.567393    0.772860 
6.571398    0.772999 
6.575402    0.773137 
6.579407    0.773275 
6.583411    0.773412 
6.587416    0.773550 
6.591420    0.773687 
6.595425    0.773824 
6.599429    0.773961 
6.603434    0.774098 
6.607438    0.774234 
6.611443    0.774370 
6.615447    0.774506 
6.619452    0.774642 
6.623456    0.774777 
6.627461    0.774912 
6.631465    0.775047 
6.635470    0.775182 
6.639474    0.775316 
6.643479    0.775451 
6.647483    0.775585 
6.651488    0.775719 
6.655492    0.775852 
6.659497    0.775986 
6.663501    0.776119 
6.667506    0.776252 
6.671510    0.776385 
6.675515    0.776517 
6.679519    0.776650 
6.683524    0.776782 
6.687528    0.776914 
6.691533    0.777045 
6.695537    0.777177 
6.699542    0.777308 
6.703546    0.777439 
6.707551    0.777570 
6.711556    0.777700 
6.715560    0.777831 
6.719565    0.777961 
6.723569    0.778091 
6.727574    0.778221 
6.731578    0.778350 
6.735583    0.778480 
6.739587    0.778609 
6.743592    0.778738 
6.747596    0.778866 
6.751601    0.778995 
6.755605    0.779123 
6.759610    0.779251 
6.763614    0.779379 
6.767619    0.779507 
6.771623    0.779634 
6.775628    0.779761 
6.779632    0.779888 
6.783637    0.780015 
6.787641    0.780142 
6.791646    0.780268 
6.795650    0.780394 
6.799655    0.780520 
6.803659    0.780646 
6.807664    0.780772 
6.811668    0.780897 
6.815673    0.781022 
6.819677    0.781147 
6.823682    0.781272 
6.827686    0.781397 
6.831691    0.781521 
6.835695    0.781645 
6.839700    0.781769 
6.843704    0.781893 
6.847709    0.782017 
6.851713    0.782140 
6.855718    0.782263 
6.859722    0.782386 
6.863727    0.782509 
6.867731    0.782631 
6.871736    0.782754 
6.875740    0.782876 
6.879745    0.782998 
6.883749    0.783120 
6.887754    0.783242 
6.891758    0.783363 
6.895763    0.783484 
6.899767    0.783605 
6.903772    0.783726 
6.907776    0.783847 
6.911781    0.783967 
6.915785    0.784087 
6.919790    0.784208 
6.923794    0.784327 
6.927799    0.784447 
6.931803    0.784567 
6.935808    0.784686 
6.939812    0.784805 
6.943817    0.784924 
6.947821    0.785043 
6.951826    0.785161 
6.955831    0.785280 
6.959835    0.785398 
6.963840    0.785516 
6.967844    0.785634 
6.971849    0.785751 
6.975853    0.785869 
6.979858    0.785986 
6.983862    0.786103 
6.987867    0.786220 
6.991871    0.786337 
6.995876    0.786453 
6.999880    0.786570 
7.003885    0.786686 
7.007889    0.786802 
7.011894    0.786918 
7.015898    0.787033 
7.019903    0.787149 
7.023907    0.787264 
7.027912    0.787379 
7.031916    0.787494 
7.035921    0.787609 
7.039925    0.787723 
7.043930    0.787838 
7.047934    0.787952 
7.051939    0.788066 
7.055943    0.788180 
7.059948    0.788293 
7.063952    0.788407 
7.067957    0.788520 
7.071961    0.788633 
7.075966    0.788746 
7.079970    0.788859 
7.083975    0.788972 
7.087979    0.789084 
7.091984    0.789196 
7.095988    0.789308 
7.099993    0.789420 
7.103997    0.789532 
7.108002    0.789643 
7.112006    0.789755 
7.116011    0.789866 
7.120015    0.789977 
7.124020    0.790088 
7.128024    0.790199 
7.132029    0.790309 
7.136033    0.790420 
7.140038    0.790530 
7.144042    0.790640 
7.148047    0.790750 
7.152051    0.790859 
7.156056    0.790969 
7.160060    0.791078 
7.164065    0.791187 
7.168069    0.791296 
7.172074    0.791405 
7.176078    0.791514 
7.180083    0.791623 
7.184087    0.791731 
7.188092    0.791839 
7.192096    0.791947 
7.196101    0.792055 
7.200105    0.792163 
7.204110    0.792270 
7.208115    0.792378 
7.212119    0.792485 
7.216124    0.792592 
7.220128    0.792699 
7.224133    0.792805 
7.228137    0.792912 
7.232142    0.793018 
7.236146    0.793125 
7.240151    0.793231 
7.244155    0.793337 
7.248160    0.793442 
7.252164    0.793548 
7.256169    0.793653 
7.260173    0.793759 
7.264178    0.793864 
7.268182    0.793969 
7.272187    0.794074 
7.276191    0.794178 
7.280196    0.794283 
7.284200    0.794387 
7.288205    0.794491 
7.292209    0.794595 
7.296214    0.794699 
7.300218    0.794803 
7.304223    0.794907 
7.308227    0.795010 
7.312232    0.795113 
7.316236    0.795216 
7.320241    0.795319 
7.324245    0.795422 
7.328250    0.795525 
7.332254    0.795627 
7.336259    0.795729 
7.340263    0.795832 
7.344268    0.795934 
7.348272    0.796036 
7.352277    0.796137 
7.356281    0.796239 
7.360286    0.796340 
7.364290    0.796442 
7.368295    0.796543 
7.372299    0.796644 
7.376304    0.796744 
7.380308    0.796845 
7.384313    0.796946 
7.388317    0.797046 
7.392322    0.797146 
7.396326    0.797246 
7.400331    0.797346 
7.404335    0.797446 
7.408340    0.797546 
7.412344    0.797645 
7.416349    0.797745 
7.420353    0.797844 
7.424358    0.797943 
7.428362    0.798042 
7.432367    0.798141 
7.436371    0.798239 
7.440376    0.798338 
7.444380    0.798436 
7.448385    0.798534 
7.452390    0.798632 
7.456394    0.798730 
7.460399    0.798828 
7.464403    0.798926 
7.468408    0.799023 
7.472412    0.799120 
7.476417    0.799218 
7.480421    0.799315 
7.484426    0.799412 
7.488430    0.799508 
7.492435    0.799605 
7.496439    0.799701 
7.500444    0.799798 
7.504448    0.799894 
7.508453    0.799990 
7.512457    0.800086 
7.516462    0.800182 
7.520466    0.800278 
7.524471    0.800373 
7.528475    0.800468 
7.532480    0.800564 
7.536484    0.800659 
7.540489    0.800754 
7.544493    0.800849 
7.548498    0.800943 
7.552502    0.801038 
7.556507    0.801132 
7.560511    0.801227 
7.564516    0.801321 
7.568520    0.801415 
7.572525    0.801509 
7.576529    0.801602 
7.580534    0.801696 
7.584538    0.801790 
7.588543    0.801883 
7.592547    0.801976 
7.596552    0.802069 
7.600556    0.802162 
7.604561    0.802255 
7.608565    0.802348 
7.612570    0.802440 
7.616574    0.802533 
7.620579    0.802625 
7.624583    0.802717 
7.628588    0.802809 
7.632592    0.802901 
7.636597    0.802993 
7.640601    0.803085 
7.644606    0.803176 
7.648610    0.803267 
7.652615    0.803359 
7.656619    0.803450 
7.660624    0.803541 
7.664628    0.803632 
7.668633    0.803722 
7.672637    0.803813 
7.676642    0.803904 
7.680646    0.803994 
7.684651    0.804084 
7.688655    0.804174 
7.692660    0.804264 
7.696664    0.804354 
7.700669    0.804444 
7.704674    0.804533 
7.708678    0.804623 
7.712683    0.804712 
7.716687    0.804802 
7.720692    0.804891 
7.724696    0.804980 
7.728701    0.805068 
7.732705    0.805157 
7.736710    0.805246 
7.740714    0.805334 
7.744719    0.805423 
7.748723    0.805511 
7.752728    0.805599 
7.756732    0.805687 
7.760737    0.805775 
7.764741    0.805863 
7.768746    0.805950 
7.772750    0.806038 
7.776755    0.806125 
7.780759    0.806212 
7.784764    0.806300 
7.788768    0.806387 
7.792773    0.806474 
7.796777    0.806560 
7.800782    0.806647 
7.804786    0.806734 
7.808791    0.806820 
7.812795    0.806906 
7.816800    0.806993 
7.820804    0.807079 
7.824809    0.807165 
7.828813    0.807250 
7.832818    0.807336 
7.836822    0.807422 
7.840827    0.807507 
7.844831    0.807593 
7.848836    0.807678 
7.852840    0.807763 
7.856845    0.807848 
7.860849    0.807933 
7.864854    0.808018 
7.868858    0.808102 
7.872863    0.808187 
7.876867    0.808271 
7.880872    0.808356 
7.884876    0.808440 
7.888881    0.808524 
7.892885    0.808608 
7.896890    0.808692 
7.900894    0.808776 
7.904899    0.808859 
7.908903    0.808943 
7.912908    0.809026 
7.916912    0.809110 
7.920917    0.809193 
7.924921    0.809276 
7.928926    0.809359 
7.932930    0.809442 
7.936935    0.809524 
7.940939    0.809607 
7.944944    0.809690 
7.948949    0.809772 
7.952953    0.809854 
7.956958    0.809936 
7.960962    0.810019 
7.964967    0.810100 
7.968971    0.810182 
7.972976    0.810264 
7.976980    0.810346 
7.980985    0.810427 
7.984989    0.810509 
7.988994    0.810590 
7.992998    0.810671 
7.997003    0.810752 
8.001007    0.810833 
8.005012    0.810914 
