0.040025 0.839550
0.060038 0.840074
0.080050 0.840789
0.100063 0.841687
0.120075 0.842761
0.140088 0.844003
0.160100 0.845406
0.180113 0.846964
0.200125 0.848672
0.220138 0.850524
0.240150 0.852516
0.260163 0.854643
0.280175 0.856900
0.300188 0.859284
0.320200 0.861791
0.340213 0.864418
0.360226 0.867162
0.380238 0.870019
0.400251 0.872987
0.420263 0.876062
0.440276 0.879243
0.460288 0.882527
0.480301 0.885912
0.500313 0.889396
0.520326 0.892976
0.540338 0.896651
0.560351 0.900419
0.580363 0.904278
0.600376 0.908227
0.620388 0.912264
0.640401 0.916387
0.660413 0.920595
0.680426 0.924886
0.700439 0.929260
0.720451 0.933714
0.740464 0.938248
0.760476 0.942861
0.780489 0.947551
0.800501 0.952317
0.820514 0.957157
0.840526 0.962070
0.860539 0.967055
0.880551 0.972111
0.900564 0.977237
0.920576 0.982432
0.940589 0.987695
0.960601 0.993025
0.980614 0.998421
1.000626 1.003883
1.020639 1.009409
1.040652 1.014998
1.060664 1.020650
1.080677 1.026364
1.100689 1.032140
1.120702 1.037975
1.140714 1.043870
1.160727 1.049824
1.180739 1.055836
1.200752 1.061906
1.220764 1.068032
1.240777 1.074213
1.260789 1.080450
1.280802 1.086742
1.300814 1.093088
1.320827 1.099486
1.340839 1.105937
1.360852 1.112440
1.380865 1.118995
1.400877 1.125600
1.420890 1.132255
1.440902 1.138959
1.460915 1.145712
1.480927 1.152513
1.500940 1.159362
1.520952 1.166258
1.540965 1.173200
1.560977 1.180188
1.580990 1.187221
1.601002 1.194299
1.621015 1.201421
1.641027 1.208586
1.661040 1.215794
1.681052 1.223044
1.701065 1.230337
1.721077 1.237670
1.741090 1.245044
1.761103 1.252458
1.781115 1.259911
1.801128 1.267404
1.821140 1.274935
1.841153 1.282504
1.861165 1.290110
1.881178 1.297752
1.901190 1.305431
1.921203 1.313146
1.941215 1.320896
1.961228 1.328680
1.981240 1.336498
2.001253 1.344350
2.021265 1.352235
2.041278 1.360152
2.061290 1.368101
2.081303 1.376081
2.101316 1.384092
2.121328 1.392133
2.141341 1.400204
2.161353 1.408304
2.181366 1.416433
2.201378 1.424589
2.221391 1.432773
2.241403 1.440984
2.261416 1.449222
2.281428 1.457485
2.301441 1.465774
2.321453 1.474087
2.341466 1.482425
2.361478 1.490786
2.381491 1.499171
2.401503 1.507578
2.421516 1.516007
2.441529 1.524458
2.461541 1.532930
2.481554 1.541422
2.501566 1.549935
2.521579 1.558466
2.541591 1.567017
2.561604 1.575585
2.581616 1.584172
2.601629 1.592776
2.621641 1.601396
2.641654 1.610033
2.661666 1.618685
2.681679 1.627352
2.701691 1.636034
2.721704 1.644730
2.741716 1.653439
2.761729 1.662161
2.781742 1.670896
2.801754 1.679642
2.821767 1.688400
2.841779 1.697169
2.861792 1.705948
2.881804 1.714736
2.901817 1.723534
2.921829 1.732340
2.941842 1.741155
2.961854 1.749977
2.981867 1.758806
3.001879 1.767642
3.021892 1.776484
3.041904 1.785332
3.061917 1.794184
3.081929 1.803041
3.101942 1.811902
3.121955 1.820766
3.141967 1.829633
3.161980 1.838503
3.181992 1.847375
3.202005 1.856248
3.222017 1.865122
3.242030 1.873996
3.262042 1.882870
3.282055 1.891744
3.302067 1.900616
3.322080 1.909487
3.342092 1.918356
3.362105 1.927222
3.382117 1.936085
3.402130 1.944945
3.422142 1.953800
3.442155 1.962651
3.462168 1.971497
3.482180 1.980337
3.502193 1.989171
3.522205 1.997999
3.542218 2.006820
3.562230 2.015633
3.582243 2.024438
3.602255 2.033235
3.622268 2.042022
3.642280 2.050799
3.662293 2.059566
3.682305 2.068322
3.702318 2.077066
3.722330 2.085798
3.742343 2.094517
3.762355 2.103223
3.782368 2.111915
3.802381 2.120592
3.822393 2.129255
3.842406 2.137901
3.862418 2.146531
3.882431 2.155145
3.902443 2.163741
3.922456 2.172319
3.942468 2.180878
3.962481 2.189419
3.982493 2.197940
4.002506 2.206441
4.022518 2.214921
4.042531 2.223380
4.062543 2.231817
4.082556 2.240232
4.102568 2.248624
4.122581 2.256993
4.142594 2.265338
4.162606 2.273659
4.182619 2.281955
4.202631 2.290225
4.222644 2.298470
4.242656 2.306689
4.262669 2.314881
4.282681 2.323046
4.302694 2.331184
4.322706 2.339293
4.342719 2.347374
4.362731 2.355426
4.382744 2.363448
4.402756 2.371441
4.422769 2.379404
4.442781 2.387336
4.462794 2.395237
4.482807 2.403107
4.502819 2.410945
4.522832 2.418751
4.542844 2.426524
4.562857 2.434265
4.582869 2.441973
4.602882 2.449647
4.622894 2.457287
4.642907 2.464893
4.662919 2.472464
4.682932 2.480001
4.702944 2.487502
4.722957 2.494968
4.742969 2.502399
4.762982 2.509793
4.782994 2.517151
4.803007 2.524473
4.823019 2.531758
4.843032 2.539006
4.863045 2.546216
4.883057 2.553389
4.903070 2.560524
4.923082 2.567622
4.943095 2.574681
4.963107 2.581701
4.983120 2.588683
5.003132 2.595627
5.023145 2.602531
5.043157 2.609396
5.063170 2.616222
5.083182 2.623008
5.103195 2.629755
5.123207 2.636462
5.143220 2.643129
5.163232 2.649756
5.183245 2.656342
5.203258 2.662888
5.223270 2.669394
5.243283 2.675859
5.263295 2.682284
5.283308 2.688667
5.303320 2.695010
5.323333 2.701312
5.343345 2.707572
5.363358 2.713792
5.383370 2.719970
5.403383 2.726107
5.423395 2.732202
5.443408 2.738257
5.463420 2.744269
5.483433 2.750241
5.503445 2.756170
5.523458 2.762058
5.543471 2.767905
5.563483 2.773709
5.583496 2.779473
5.603508 2.785194
5.623521 2.790874
5.643533 2.796512
5.663546 2.802108
5.683558 2.807663
5.703571 2.813176
5.723583 2.818647
5.743596 2.824077
5.763608 2.829465
5.783621 2.834811
5.803633 2.840116
5.823646 2.845379
5.843658 2.850600
5.863671 2.855781
5.883684 2.860919
5.903696 2.866017
5.923709 2.871073
5.943721 2.876087
5.963734 2.881061
5.983746 2.885993
6.003759 2.890884
6.023771 2.895734
6.043784 2.900543
6.063796 2.905311
6.083809 2.910039
6.103821 2.914725
6.123834 2.919371
6.143846 2.923976
6.163859 2.928541
6.183871 2.933065
6.203884 2.937549
6.223897 2.941993
6.243909 2.946397
6.263922 2.950760
6.283934 2.955084
6.303947 2.959368
6.323959 2.963612
6.343972 2.967816
6.363984 2.971981
6.383997 2.976107
6.404009 2.980193
6.424022 2.984240
6.444034 2.988248
6.464047 2.992216
6.484059 2.996146
6.504072 3.000038
6.524084 3.003891
6.544097 3.007705
6.564110 3.011481
6.584122 3.015219
6.604135 3.018918
6.624147 3.022580
6.644160 3.026204
6.664172 3.029790
6.684185 3.033338
6.704197 3.036849
6.724210 3.040323
6.744222 3.043760
6.764235 3.047159
6.784247 3.050522
6.804260 3.053848
6.824272 3.057137
6.844285 3.060390
6.864297 3.063606
6.884310 3.066786
6.904323 3.069930
6.924335 3.073038
6.944348 3.076111
6.964360 3.079148
6.984373 3.082149
7.004385 3.085115
7.024398 3.088046
7.044410 3.090941
7.064423 3.093802
7.084435 3.096628
7.104448 3.099419
7.124460 3.102176
7.144473 3.104898
7.164485 3.107587
7.184498 3.110241
7.204510 3.112861
7.224523 3.115448
7.244536 3.118001
7.264548 3.120521
7.284561 3.123007
7.304573 3.125460
7.324586 3.127880
7.344598 3.130267
7.364611 3.132621
7.384623 3.134943
7.404636 3.137233
7.424648 3.139490
7.444661 3.141715
7.464673 3.143908
7.484686 3.146069
7.504698 3.148199
7.524711 3.150297
7.544723 3.152363
7.564736 3.154398
7.584749 3.156402
7.604761 3.158376
7.624774 3.160318
7.644786 3.162230
7.664799 3.164111
7.684811 3.165961
7.704824 3.167782
7.724836 3.169572
7.744849 3.171332
7.764861 3.173063
7.784874 3.174764
7.804886 3.176435
7.824899 3.178077
7.844911 3.179690
7.864924 3.181273
7.884936 3.182828
7.904949 3.184353
7.924962 3.185850
7.944974 3.187319
7.964987 3.188759
7.984999 3.190170
8.005012 3.191554
