0.040025  0.999272   0.000728   
0.060038  0.998757   0.001243   
0.080050  0.998158   0.001842   
0.100063  0.997493   0.002507   
0.120075  0.996770   0.003230   
0.140088  0.995996   0.004004   
0.160100  0.995175   0.004825   
0.180113  0.994311   0.005689   
0.200125  0.993410   0.006590   
0.220138  0.992475   0.007525   
0.240150  0.991508   0.008492   
0.260163  0.990515   0.009485   
0.280175  0.989497   0.010503   
0.300188  0.988457   0.011543   
0.320200  0.987399   0.012601   
0.340213  0.986325   0.013675   
0.360226  0.985236   0.014764   
0.380238  0.984136   0.015864   
0.400251  0.983026   0.016974   
0.420263  0.981909   0.018091   
0.440276  0.980781   0.019219   
0.460288  0.979653   0.020347   
0.480301  0.978523   0.021477   
0.500313  0.977391   0.022609   
0.520326  0.976259   0.023741   
0.540338  0.975129   0.024871   
0.560351  0.974001   0.025999   
0.580363  0.972877   0.027123   
0.600376  0.971757   0.028243   
0.620388  0.970643   0.029357   
0.640401  0.969535   0.030465   
0.660413  0.968434   0.031566   
0.680426  0.967341   0.032659   
0.700439  0.966256   0.033744   
0.720451  0.965179   0.034821   
0.740464  0.964112   0.035888   
0.760476  0.963055   0.036945   
0.780489  0.962008   0.037992   
0.800501  0.960972   0.039028   
0.820514  0.959852   0.040148   
0.840526  0.958570   0.041430   
0.860539  0.957223   0.042777   
0.880551  0.955840   0.044160   
0.900564  0.954436   0.045564   
0.920576  0.953021   0.046979   
0.940589  0.951603   0.048397   
0.960601  0.950185   0.049815   
0.980614  0.948773   0.051227   
1.000626  0.947369   0.052631   
1.020639  0.945976   0.054024   
1.040652  0.944596   0.055404   
1.060664  0.943230   0.056770   
1.080677  0.941879   0.058121   
1.100689  0.940544   0.059456   
1.120702  0.939226   0.060774   
1.140714  0.937925   0.062075   
1.160727  0.936643   0.063357   
1.180739  0.935379   0.064621   
1.200752  0.934133   0.065867   
1.220764  0.932905   0.067095   
1.240777  0.931696   0.068304   
1.260789  0.930506   0.069494   
1.280802  0.929334   0.070666   
1.300814  0.928181   0.071819   
1.320827  0.927046   0.072954   
1.340839  0.925929   0.074071   
1.360852  0.924830   0.075170   
1.380865  0.923748   0.076252   
1.400877  0.922684   0.077316   
1.420890  0.921637   0.078363   
1.440902  0.920608   0.079392   
1.460915  0.919595   0.080405   
1.480927  0.918598   0.081402   
1.500940  0.917617   0.082383   
1.520952  0.916653   0.083347   
1.540965  0.915704   0.084296   
1.560977  0.914770   0.085230   
1.580990  0.913852   0.086148   
1.601002  0.912948   0.087052   
1.621015  0.912059   0.087941   
1.641027  0.911183   0.088817   
1.661040  0.910322   0.089678   
1.681052  0.909474   0.090526   
1.701065  0.908640   0.091360   
1.721077  0.907819   0.092181   
1.741090  0.907011   0.092989   
1.761103  0.906215   0.093785   
1.781115  0.905431   0.094569   
1.801128  0.904660   0.095340   
1.821140  0.903900   0.096100   
1.841153  0.903152   0.096848   
1.861165  0.902415   0.097585   
1.881178  0.901689   0.098311   
1.901190  0.900974   0.099026   
1.921203  0.900270   0.099730   
1.941215  0.899575   0.100425   
1.961228  0.898891   0.101109   
1.981240  0.898217   0.101783   
2.001253  0.897553   0.102447   
2.021265  0.896898   0.103102   
2.041278  0.896252   0.103748   
2.061290  0.895616   0.104384   
2.081303  0.894988   0.105012   
2.101316  0.894369   0.105631   
2.121328  0.893759   0.106241   
2.141341  0.893157   0.106843   
2.161353  0.892563   0.107437   
2.181366  0.891977   0.108023   
2.201378  0.891399   0.108601   
2.221391  0.890828   0.109172   
2.241403  0.890265   0.109735   
2.261416  0.889710   0.110290   
2.281428  0.889161   0.110839   
2.301441  0.888620   0.111380   
2.321453  0.888085   0.111915   
2.341466  0.887557   0.112443   
2.361478  0.887036   0.112964   
2.381491  0.886521   0.113479   
2.401503  0.886012   0.113988   
2.421516  0.885510   0.114490   
2.441529  0.885014   0.114986   
2.461541  0.884523   0.115477   
2.481554  0.884038   0.115962   
2.501566  0.883559   0.116441   
2.521579  0.883086   0.116914   
2.541591  0.882618   0.117382   
2.561604  0.882156   0.117844   
2.581616  0.881698   0.118302   
2.601629  0.881246   0.118754   
2.621641  0.880799   0.119201   
2.641654  0.880356   0.119644   
2.661666  0.879919   0.120081   
2.681679  0.879486   0.120514   
2.701691  0.879058   0.120942   
2.721704  0.878634   0.121366   
2.741716  0.878215   0.121785   
2.761729  0.877800   0.122200   
2.781742  0.877390   0.122610   
2.801754  0.876984   0.123016   
2.821767  0.876582   0.123418   
2.841779  0.876183   0.123817   
2.861792  0.875789   0.124211   
2.881804  0.875399   0.124601   
2.901817  0.875013   0.124987   
2.921829  0.874630   0.125370   
2.941842  0.874251   0.125749   
2.961854  0.873875   0.126125   
2.981867  0.873503   0.126497   
3.001879  0.873135   0.126865   
3.021892  0.872770   0.127230   
3.041904  0.872408   0.127592   
3.061917  0.872050   0.127950   
3.081929  0.871695   0.128305   
3.101942  0.871343   0.128657   
3.121955  0.870994   0.129006   
3.141967  0.870648   0.129352   
3.161980  0.870305   0.129695   
3.181992  0.869965   0.130035   
3.202005  0.869628   0.130372   
3.222017  0.869294   0.130706   
3.242030  0.868963   0.131037   
3.262042  0.868634   0.131366   
3.282055  0.868308   0.131692   
3.302067  0.867985   0.132015   
3.322080  0.867664   0.132336   
3.342092  0.867346   0.132654   
3.362105  0.867031   0.132969   
3.382117  0.866718   0.133282   
3.402130  0.866407   0.133593   
3.422142  0.866099   0.133901   
3.442155  0.865793   0.134207   
3.462168  0.865490   0.134510   
3.482180  0.865188   0.134812   
3.502193  0.864889   0.135111   
3.522205  0.864593   0.135407   
3.542218  0.864298   0.135702   
3.562230  0.864006   0.135994   
3.582243  0.863715   0.136285   
3.602255  0.863427   0.136573   
3.622268  0.863141   0.136859   
3.642280  0.862857   0.137143   
3.662293  0.862575   0.137425   
3.682305  0.862294   0.137706   
3.702318  0.862016   0.137984   
3.722330  0.861740   0.138260   
3.742343  0.861465   0.138535   
3.762355  0.861192   0.138808   
3.782368  0.860921   0.139079   
3.802381  0.860652   0.139348   
3.822393  0.860385   0.139615   
3.842406  0.860119   0.139881   
3.862418  0.859856   0.140144   
3.882431  0.859593   0.140407   
3.902443  0.859333   0.140667   
3.922456  0.859074   0.140926   
3.942468  0.858817   0.141183   
3.962481  0.858561   0.141439   
3.982493  0.858307   0.141693   
4.002506  0.858054   0.141946   
4.022518  0.857803   0.142197   
4.042531  0.857554   0.142446   
4.062543  0.857305   0.142695   
4.082556  0.857059   0.142941   
4.102568  0.856814   0.143186   
4.122581  0.856570   0.143430   
4.142594  0.856328   0.143672   
4.162606  0.856087   0.143913   
4.182619  0.855847   0.144153   
4.202631  0.855609   0.144391   
4.222644  0.855372   0.144628   
4.242656  0.855137   0.144863   
4.262669  0.854902   0.145098   
4.282681  0.854669   0.145331   
4.302694  0.854438   0.145562   
4.322706  0.854207   0.145793   
4.342719  0.853978   0.146022   
4.362731  0.853750   0.146250   
4.382744  0.853523   0.146477   
4.402756  0.853297   0.146703   
4.422769  0.853073   0.146927   
4.442781  0.852850   0.147150   
4.462794  0.852627   0.147373   
4.482807  0.852406   0.147594   
4.502819  0.852186   0.147814   
4.522832  0.851968   0.148032   
4.542844  0.851750   0.148250   
4.562857  0.851533   0.148467   
4.582869  0.851318   0.148682   
4.602882  0.851103   0.148897   
4.622894  0.850890   0.149110   
4.642907  0.850677   0.149323   
4.662919  0.850466   0.149534   
4.682932  0.850255   0.149745   
4.702944  0.850045   0.149955   
4.722957  0.849837   0.150163   
4.742969  0.849629   0.150371   
4.762982  0.849423   0.150577   
4.782994  0.849217   0.150783   
4.803007  0.849012   0.150988   
4.823019  0.848808   0.151192   
4.843032  0.848605   0.151395   
4.863045  0.848403   0.151597   
4.883057  0.848202   0.151798   
4.903070  0.848002   0.151998   
4.923082  0.847802   0.152198   
4.943095  0.847604   0.152396   
4.963107  0.847406   0.152594   
4.983120  0.847209   0.152791   
5.003132  0.847013   0.152987   
5.023145  0.846818   0.153182   
5.043157  0.846623   0.153377   
5.063170  0.846430   0.153570   
5.083182  0.846237   0.153763   
5.103195  0.846045   0.153955   
5.123207  0.845853   0.154147   
5.143220  0.845663   0.154337   
5.163232  0.845473   0.154527   
5.183245  0.845284   0.154716   
5.203258  0.845095   0.154905   
5.223270  0.844908   0.155092   
5.243283  0.844721   0.155279   
5.263295  0.844534   0.155466   
5.283308  0.844349   0.155651   
5.303320  0.844164   0.155836   
5.323333  0.843980   0.156020   
5.343345  0.843796   0.156204   
5.363358  0.843613   0.156387   
5.383370  0.843431   0.156569   
5.403383  0.843250   0.156750   
5.423395  0.843069   0.156931   
5.443408  0.842888   0.157112   
5.463420  0.842709   0.157291   
5.483433  0.842530   0.157470   
5.503445  0.842351   0.157649   
5.523458  0.842174   0.157826   
5.543471  0.841996   0.158004   
5.563483  0.841820   0.158180   
5.583496  0.841644   0.158356   
5.603508  0.841468   0.158532   
5.623521  0.841293   0.158707   
5.643533  0.841119   0.158881   
5.663546  0.840945   0.159055   
5.683558  0.840772   0.159228   
5.703571  0.840599   0.159401   
5.723583  0.840427   0.159573   
5.743596  0.840255   0.159745   
5.763608  0.840084   0.159916   
5.783621  0.839914   0.160086   
5.803633  0.839744   0.160256   
5.823646  0.839574   0.160426   
5.843658  0.839405   0.160595   
5.863671  0.839236   0.160764   
5.883684  0.839068   0.160932   
5.903696  0.838900   0.161100   
5.923709  0.838733   0.161267   
5.943721  0.838567   0.161433   
5.963734  0.838400   0.161600   
5.983746  0.838235   0.161765   
6.003759  0.838069   0.161931   
6.023771  0.837904   0.162096   
6.043784  0.837740   0.162260   
6.063796  0.837576   0.162424   
6.083809  0.837412   0.162588   
6.103821  0.837249   0.162751   
6.123834  0.837086   0.162914   
6.143846  0.836924   0.163076   
6.163859  0.836762   0.163238   
6.183871  0.836600   0.163400   
6.203884  0.836439   0.163561   
6.223897  0.836279   0.163721   
6.243909  0.836118   0.163882   
6.263922  0.835958   0.164042   
6.283934  0.835798   0.164202   
6.303947  0.835639   0.164361   
6.323959  0.835480   0.164520   
6.343972  0.835322   0.164678   
6.363984  0.835164   0.164836   
6.383997  0.835006   0.164994   
6.404009  0.834848   0.165152   
6.424022  0.834691   0.165309   
6.444034  0.834534   0.165466   
6.464047  0.834378   0.165622   
6.484059  0.834222   0.165778   
6.504072  0.834066   0.165934   
6.524084  0.833910   0.166090   
6.544097  0.833755   0.166245   
6.564110  0.833600   0.166400   
6.584122  0.833445   0.166555   
6.604135  0.833291   0.166709   
6.624147  0.833137   0.166863   
6.644160  0.832983   0.167017   
6.664172  0.832830   0.167170   
6.684185  0.832677   0.167323   
6.704197  0.832524   0.167476   
6.724210  0.832371   0.167629   
6.744222  0.832219   0.167781   
6.764235  0.832067   0.167933   
6.784247  0.831915   0.168085   
6.804260  0.831763   0.168237   
6.824272  0.831612   0.168388   
6.844285  0.831461   0.168539   
6.864297  0.831310   0.168690   
6.884310  0.831159   0.168841   
6.904323  0.831009   0.168991   
6.924335  0.830859   0.169141   
6.944348  0.830709   0.169291   
6.964360  0.830559   0.169441   
6.984373  0.830410   0.169590   
7.004385  0.830260   0.169740   
7.024398  0.830111   0.169889   
7.044410  0.829963   0.170037   
7.064423  0.829814   0.170186   
7.084435  0.829665   0.170335   
7.104448  0.829517   0.170483   
7.124460  0.829369   0.170631   
7.144473  0.829221   0.170779   
7.164485  0.829074   0.170926   
7.184498  0.828926   0.171074   
7.204510  0.828779   0.171221   
7.224523  0.828632   0.171368   
7.244536  0.828485   0.171515   
7.264548  0.828338   0.171662   
7.284561  0.828191   0.171809   
7.304573  0.828045   0.171955   
7.324586  0.827898   0.172102   
7.344598  0.827752   0.172248   
7.364611  0.827606   0.172394   
7.384623  0.827460   0.172540   
7.404636  0.827315   0.172685   
7.424648  0.827169   0.172831   
7.444661  0.827024   0.172976   
7.464673  0.826878   0.173122   
7.484686  0.826733   0.173267   
7.504698  0.826588   0.173412   
7.524711  0.826443   0.173557   
7.544723  0.826298   0.173702   
7.564736  0.826153   0.173847   
7.584749  0.826009   0.173991   
7.604761  0.825864   0.174136   
7.624774  0.825720   0.174280   
7.644786  0.825576   0.174424   
7.664799  0.825432   0.174568   
7.684811  0.825288   0.174712   
7.704824  0.825144   0.174856   
7.724836  0.825000   0.175000   
7.744849  0.824856   0.175144   
7.764861  0.824712   0.175288   
7.784874  0.824569   0.175431   
7.804886  0.824425   0.175575   
7.824899  0.824282   0.175718   
7.844911  0.824138   0.175862   
7.864924  0.823995   0.176005   
7.884936  0.823852   0.176148   
7.904949  0.823709   0.176291   
7.924962  0.823565   0.176435   
7.944974  0.823422   0.176578   
7.964987  0.823279   0.176721   
7.984999  0.823136   0.176864   
8.005012  0.822994   0.177006   
