0.040025  0.999039   0.000961   
0.060038  0.998322   0.001678   
0.080050  0.997475   0.002525   
0.100063  0.996527   0.003473   
0.120075  0.995494   0.004506   
0.140088  0.994386   0.005614   
0.160100  0.993214   0.006786   
0.180113  0.991988   0.008012   
0.200125  0.990718   0.009282   
0.220138  0.989411   0.010589   
0.240150  0.988076   0.011924   
0.260163  0.986720   0.013280   
0.280175  0.985349   0.014651   
0.300188  0.983970   0.016030   
0.320200  0.982582   0.017418   
0.340213  0.981203   0.018797   
0.360226  0.979832   0.020168   
0.380238  0.978472   0.021528   
0.400251  0.977128   0.022872   
0.420263  0.975804   0.024196   
0.440276  0.974503   0.025497   
0.460288  0.973227   0.026773   
0.480301  0.971980   0.028020   
0.500313  0.970762   0.029238   
0.520326  0.969577   0.030423   
0.540338  0.968426   0.031574   
0.560351  0.967310   0.032690   
0.580363  0.966230   0.033770   
0.600376  0.965187   0.034813   
0.620388  0.964182   0.035818   
0.640401  0.963215   0.036785   
0.660413  0.962286   0.037714   
0.680426  0.961395   0.038605   
0.700439  0.960543   0.039457   
0.720451  0.959728   0.040272   
0.740464  0.958951   0.041049   
0.760476  0.958210   0.041790   
0.780489  0.957365   0.042635   
0.800501  0.956454   0.043546   
0.820514  0.955532   0.044468   
0.840526  0.954614   0.045386   
0.860539  0.953712   0.046288   
0.880551  0.952831   0.047169   
0.900564  0.951975   0.048025   
0.920576  0.951146   0.048854   
0.940589  0.950345   0.049655   
0.960601  0.949573   0.050427   
0.980614  0.948828   0.051172   
1.000626  0.948111   0.051889   
1.020639  0.947421   0.052579   
1.040652  0.946757   0.053243   
1.060664  0.946120   0.053880   
1.080677  0.945512   0.054488   
1.100689  0.944932   0.055068   
1.120702  0.944378   0.055622   
1.140714  0.943849   0.056151   
1.160727  0.943343   0.056657   
1.180739  0.942859   0.057141   
1.200752  0.942395   0.057605   
1.220764  0.941950   0.058050   
1.240777  0.941521   0.058479   
1.260789  0.941107   0.058893   
1.280802  0.940706   0.059294   
1.300814  0.940317   0.059683   
1.320827  0.939938   0.060062   
1.340839  0.939566   0.060434   
1.360852  0.939202   0.060798   
1.380865  0.938842   0.061158   
1.400877  0.938486   0.061514   
1.420890  0.938131   0.061869   
1.440902  0.937778   0.062222   
1.460915  0.937423   0.062577   
1.480927  0.937066   0.062934   
1.500940  0.936707   0.063293   
1.520952  0.936343   0.063657   
1.540965  0.935973   0.064027   
1.560977  0.935598   0.064402   
1.580990  0.935216   0.064784   
1.601002  0.934826   0.065174   
1.621015  0.934428   0.065572   
1.641027  0.934021   0.065979   
1.661040  0.933605   0.066395   
1.681052  0.933179   0.066821   
1.701065  0.932744   0.067256   
1.721077  0.932299   0.067701   
1.741090  0.931844   0.068156   
1.761103  0.931379   0.068621   
1.781115  0.930904   0.069096   
1.801128  0.930419   0.069581   
1.821140  0.929925   0.070075   
1.841153  0.929422   0.070578   
1.861165  0.928909   0.071091   
1.881178  0.928388   0.071612   
1.901190  0.927859   0.072141   
1.921203  0.927322   0.072678   
1.941215  0.926777   0.073223   
1.961228  0.926225   0.073775   
1.981240  0.925667   0.074333   
2.001253  0.925103   0.074897   
2.021265  0.924533   0.075467   
2.041278  0.923958   0.076042   
2.061290  0.923379   0.076621   
2.081303  0.922796   0.077204   
2.101316  0.922210   0.077790   
2.121328  0.921620   0.078380   
2.141341  0.921028   0.078972   
2.161353  0.920433   0.079567   
2.181366  0.919835   0.080165   
2.201378  0.919234   0.080766   
2.221391  0.918631   0.081369   
2.241403  0.918024   0.081976   
2.261416  0.917414   0.082586   
2.281428  0.916801   0.083199   
2.301441  0.916186   0.083814   
2.321453  0.915567   0.084433   
2.341466  0.914945   0.085055   
2.361478  0.914319   0.085681   
2.381491  0.913691   0.086309   
2.401503  0.913059   0.086941   
2.421516  0.912424   0.087576   
2.441529  0.911786   0.088214   
2.461541  0.911144   0.088856   
2.481554  0.910498   0.089502   
2.501566  0.909849   0.090151   
2.521579  0.909197   0.090803   
2.541591  0.908540   0.091460   
2.561604  0.907880   0.092120   
2.581616  0.907216   0.092784   
2.601629  0.906548   0.093452   
2.621641  0.905877   0.094123   
2.641654  0.905201   0.094799   
2.661666  0.904522   0.095478   
2.681679  0.903839   0.096161   
2.701691  0.903152   0.096848   
2.721704  0.902462   0.097538   
2.741716  0.901768   0.098232   
2.761729  0.901070   0.098930   
2.781742  0.900370   0.099630   
2.801754  0.899666   0.100334   
2.821767  0.898959   0.101041   
2.841779  0.898250   0.101750   
2.861792  0.897538   0.102462   
2.881804  0.896824   0.103176   
2.901817  0.896109   0.103891   
2.921829  0.895393   0.104607   
2.941842  0.894676   0.105324   
2.961854  0.893959   0.106041   
2.981867  0.893242   0.106758   
3.001879  0.892526   0.107474   
3.021892  0.891812   0.108188   
3.041904  0.891099   0.108901   
3.061917  0.890390   0.109610   
3.081929  0.889684   0.110316   
3.101942  0.888982   0.111018   
3.121955  0.888285   0.111715   
3.141967  0.887593   0.112407   
3.161980  0.886907   0.113093   
3.181992  0.886227   0.113773   
3.202005  0.885555   0.114445   
3.222017  0.884890   0.115110   
3.242030  0.884233   0.115767   
3.262042  0.883585   0.116415   
3.282055  0.882945   0.117055   
3.302067  0.882315   0.117685   
3.322080  0.881695   0.118305   
3.342092  0.881085   0.118915   
3.362105  0.880485   0.119515   
3.382117  0.879895   0.120105   
3.402130  0.879316   0.120684   
3.422142  0.878748   0.121252   
3.442155  0.878190   0.121810   
3.462168  0.877644   0.122356   
3.482180  0.877109   0.122891   
3.502193  0.876584   0.123416   
3.522205  0.876070   0.123930   
3.542218  0.875568   0.124432   
3.562230  0.875076   0.124924   
3.582243  0.874595   0.125405   
3.602255  0.874124   0.125876   
3.622268  0.873665   0.126335   
3.642280  0.873215   0.126785   
3.662293  0.872776   0.127224   
3.682305  0.872346   0.127654   
3.702318  0.871927   0.128073   
3.722330  0.871517   0.128483   
3.742343  0.871117   0.128883   
3.762355  0.870727   0.129273   
3.782368  0.870345   0.129655   
3.802381  0.869972   0.130028   
3.822393  0.869609   0.130391   
3.842406  0.869253   0.130747   
3.862418  0.868907   0.131093   
3.882431  0.868568   0.131432   
3.902443  0.868238   0.131762   
3.922456  0.867915   0.132085   
3.942468  0.867600   0.132400   
3.962481  0.867292   0.132708   
3.982493  0.866991   0.133009   
4.002506  0.866698   0.133302   
4.022518  0.866412   0.133588   
4.042531  0.866132   0.133868   
4.062543  0.865859   0.134141   
4.082556  0.865592   0.134408   
4.102568  0.865331   0.134669   
4.122581  0.865076   0.134924   
4.142594  0.864828   0.135172   
4.162606  0.864584   0.135416   
4.182619  0.864347   0.135653   
4.202631  0.864115   0.135885   
4.222644  0.863888   0.136112   
4.242656  0.863666   0.136334   
4.262669  0.863450   0.136550   
4.282681  0.863238   0.136762   
4.302694  0.863031   0.136969   
4.322706  0.862828   0.137172   
4.342719  0.862630   0.137370   
4.362731  0.862436   0.137564   
4.382744  0.862247   0.137753   
4.402756  0.862061   0.137939   
4.422769  0.861880   0.138120   
4.442781  0.861703   0.138297   
4.462794  0.861529   0.138471   
4.482807  0.861359   0.138641   
4.502819  0.861193   0.138807   
4.522832  0.861030   0.138970   
4.542844  0.860870   0.139130   
4.562857  0.860714   0.139286   
4.582869  0.860561   0.139439   
4.602882  0.860411   0.139589   
4.622894  0.860265   0.139735   
4.642907  0.860121   0.139879   
4.662919  0.859980   0.140020   
4.682932  0.859842   0.140158   
4.702944  0.859707   0.140293   
4.722957  0.859574   0.140426   
4.742969  0.859444   0.140556   
4.762982  0.859317   0.140683   
4.782994  0.859192   0.140808   
4.803007  0.859069   0.140931   
4.823019  0.858949   0.141051   
4.843032  0.858831   0.141169   
4.863045  0.858715   0.141285   
4.883057  0.858602   0.141398   
4.903070  0.858490   0.141510   
4.923082  0.858381   0.141619   
4.943095  0.858273   0.141727   
4.963107  0.858168   0.141832   
4.983120  0.858064   0.141936   
5.003132  0.857963   0.142037   
5.023145  0.857863   0.142137   
5.043157  0.857765   0.142235   
5.063170  0.857669   0.142331   
5.083182  0.857574   0.142426   
5.103195  0.857481   0.142519   
5.123207  0.857390   0.142610   
5.143220  0.857300   0.142700   
5.163232  0.857211   0.142789   
5.183245  0.857125   0.142875   
5.203258  0.857039   0.142961   
5.223270  0.856955   0.143045   
5.243283  0.856873   0.143127   
5.263295  0.856791   0.143209   
5.283308  0.856711   0.143289   
5.303320  0.856633   0.143367   
5.323333  0.856555   0.143445   
5.343345  0.856479   0.143521   
5.363358  0.856404   0.143596   
5.383370  0.856331   0.143669   
5.403383  0.856258   0.143742   
5.423395  0.856186   0.143814   
5.443408  0.856116   0.143884   
5.463420  0.856047   0.143953   
5.483433  0.855978   0.144022   
5.503445  0.855911   0.144089   
5.523458  0.855845   0.144155   
5.543471  0.855779   0.144221   
5.563483  0.855715   0.144285   
5.583496  0.855651   0.144349   
5.603508  0.855589   0.144411   
5.623521  0.855527   0.144473   
5.643533  0.855466   0.144534   
5.663546  0.855406   0.144594   
5.683558  0.855347   0.144653   
5.703571  0.855289   0.144711   
5.723583  0.855231   0.144769   
5.743596  0.855175   0.144825   
5.763608  0.855119   0.144881   
5.783621  0.855063   0.144937   
5.803633  0.855009   0.144991   
5.823646  0.854955   0.145045   
5.843658  0.854902   0.145098   
5.863671  0.854850   0.145150   
5.883684  0.854798   0.145202   
5.903696  0.854747   0.145253   
5.923709  0.854696   0.145304   
5.943721  0.854646   0.145354   
5.963734  0.854597   0.145403   
5.983746  0.854548   0.145452   
6.003759  0.854500   0.145500   
6.023771  0.854453   0.145547   
6.043784  0.854406   0.145594   
6.063796  0.854360   0.145640   
6.083809  0.854314   0.145686   
6.103821  0.854268   0.145732   
6.123834  0.854224   0.145776   
6.143846  0.854179   0.145821   
6.163859  0.854136   0.145864   
6.183871  0.854092   0.145908   
6.203884  0.854049   0.145951   
6.223897  0.854007   0.145993   
6.243909  0.853965   0.146035   
6.263922  0.853924   0.146076   
6.283934  0.853883   0.146117   
6.303947  0.853842   0.146158   
6.323959  0.853802   0.146198   
6.343972  0.853762   0.146238   
6.363984  0.853723   0.146277   
6.383997  0.853684   0.146316   
6.404009  0.853645   0.146355   
6.424022  0.853607   0.146393   
6.444034  0.853570   0.146430   
6.464047  0.853532   0.146468   
6.484059  0.853495   0.146505   
6.504072  0.853458   0.146542   
6.524084  0.853422   0.146578   
6.544097  0.853386   0.146614   
6.564110  0.853350   0.146650   
6.584122  0.853315   0.146685   
6.604135  0.853280   0.146720   
6.624147  0.853245   0.146755   
6.644160  0.853211   0.146789   
6.664172  0.853177   0.146823   
6.684185  0.853143   0.146857   
6.704197  0.853110   0.146890   
6.724210  0.853077   0.146923   
6.744222  0.853044   0.146956   
6.764235  0.853011   0.146989   
6.784247  0.852979   0.147021   
6.804260  0.852947   0.147053   
6.824272  0.852915   0.147085   
6.844285  0.852883   0.147117   
6.864297  0.852852   0.147148   
6.884310  0.852821   0.147179   
6.904323  0.852790   0.147210   
6.924335  0.852760   0.147240   
6.944348  0.852730   0.147270   
6.964360  0.852700   0.147300   
6.984373  0.852670   0.147330   
7.004385  0.852640   0.147360   
7.024398  0.852611   0.147389   
7.044410  0.852582   0.147418   
7.064423  0.852553   0.147447   
7.084435  0.852524   0.147476   
7.104448  0.852495   0.147505   
7.124460  0.852467   0.147533   
7.144473  0.852439   0.147561   
7.164485  0.852411   0.147589   
7.184498  0.852383   0.147617   
7.204510  0.852356   0.147644   
7.224523  0.852329   0.147671   
7.244536  0.852301   0.147699   
7.264548  0.852274   0.147726   
7.284561  0.852248   0.147752   
7.304573  0.852221   0.147779   
7.324586  0.852195   0.147805   
7.344598  0.852168   0.147832   
7.364611  0.852142   0.147858   
7.384623  0.852116   0.147884   
7.404636  0.852091   0.147909   
7.424648  0.852065   0.147935   
7.444661  0.852040   0.147960   
7.464673  0.852014   0.147986   
7.484686  0.851989   0.148011   
7.504698  0.851964   0.148036   
7.524711  0.851939   0.148061   
7.544723  0.851915   0.148085   
7.564736  0.851890   0.148110   
7.584749  0.851866   0.148134   
7.604761  0.851842   0.148158   
7.624774  0.851817   0.148183   
7.644786  0.851793   0.148207   
7.664799  0.851770   0.148230   
7.684811  0.851746   0.148254   
7.704824  0.851722   0.148278   
7.724836  0.851699   0.148301   
7.744849  0.851676   0.148324   
7.764861  0.851652   0.148348   
7.784874  0.851629   0.148371   
7.804886  0.851606   0.148394   
7.824899  0.851584   0.148416   
7.844911  0.851561   0.148439   
7.864924  0.851538   0.148462   
7.884936  0.851516   0.148484   
7.904949  0.851493   0.148507   
7.924962  0.851471   0.148529   
7.944974  0.851449   0.148551   
7.964987  0.851427   0.148573   
7.984999  0.851405   0.148595   
8.005012  0.851383   0.148617   
