0.040025 0.013282
0.060038 0.019732
0.080050 0.026074
0.100063 0.032319
0.120075 0.038477
0.140088 0.044555
0.160100 0.050562
0.180113 0.056505
0.200125 0.062389
0.220138 0.068221
0.240150 0.074005
0.260163 0.079747
0.280175 0.085450
0.300188 0.091118
0.320200 0.096755
0.340213 0.102363
0.360226 0.107947
0.380238 0.113508
0.400251 0.119048
0.420263 0.124571
0.440276 0.130078
0.460288 0.135570
0.480301 0.141049
0.500313 0.146517
0.520326 0.151974
0.540338 0.157422
0.560351 0.162862
0.580363 0.168293
0.600376 0.173717
0.620388 0.179133
0.640401 0.184543
0.660413 0.189945
0.680426 0.195340
0.700439 0.200727
0.720451 0.206106
0.740464 0.211476
0.760476 0.216837
0.780489 0.222184
0.800501 0.227516
0.820514 0.232834
0.840526 0.238135
0.860539 0.243421
0.880551 0.248687
0.900564 0.253935
0.920576 0.259161
0.940589 0.264365
0.960601 0.269543
0.980614 0.274696
1.000626 0.279821
1.020639 0.284932
1.040652 0.290049
1.060664 0.295170
1.080677 0.300297
1.100689 0.305427
1.120702 0.310560
1.140714 0.315696
1.160727 0.320834
1.180739 0.325972
1.200752 0.331108
1.220764 0.336243
1.240777 0.341374
1.260789 0.346499
1.280802 0.351618
1.300814 0.356727
1.320827 0.361825
1.340839 0.366909
1.360852 0.371978
1.380865 0.377030
1.400877 0.382061
1.420890 0.387069
1.440902 0.392052
1.460915 0.397008
1.480927 0.401933
1.500940 0.406825
1.520952 0.411682
1.540965 0.416501
1.560977 0.421279
1.580990 0.426015
1.601002 0.430704
1.621015 0.435347
1.641027 0.439939
1.661040 0.444479
1.681052 0.448965
1.701065 0.453396
1.721077 0.457769
1.741090 0.462082
1.761103 0.466335
1.781115 0.470526
1.801128 0.474654
1.821140 0.478718
1.841153 0.482718
1.861165 0.486652
1.881178 0.490519
1.901190 0.494321
1.921203 0.498056
1.941215 0.501724
1.961228 0.505326
1.981240 0.508861
2.001253 0.512330
2.021265 0.515732
2.041278 0.519070
2.061290 0.522342
2.081303 0.525551
2.101316 0.528696
2.121328 0.531785
2.141341 0.534851
2.161353 0.537899
2.181366 0.540930
2.201378 0.543944
2.221391 0.546942
2.241403 0.549926
2.261416 0.552896
2.281428 0.555852
2.301441 0.558796
2.321453 0.561729
2.341466 0.564651
2.361478 0.567562
2.381491 0.570465
2.401503 0.573358
2.421516 0.576243
2.441529 0.579121
2.461541 0.581992
2.481554 0.584856
2.501566 0.587714
2.521579 0.590567
2.541591 0.593414
2.561604 0.596256
2.581616 0.599094
2.601629 0.601926
2.621641 0.604754
2.641654 0.607577
2.661666 0.610395
2.681679 0.613208
2.701691 0.616016
2.721704 0.618817
2.741716 0.621612
2.761729 0.624399
2.781742 0.627179
2.801754 0.629950
2.821767 0.632711
2.841779 0.635461
2.861792 0.638200
2.881804 0.640925
2.901817 0.643636
2.921829 0.646330
2.941842 0.649008
2.961854 0.651668
2.981867 0.654307
3.001879 0.656925
3.021892 0.659520
3.041904 0.662091
3.061917 0.664636
3.081929 0.667154
3.101942 0.669645
3.121955 0.672106
3.141967 0.674537
3.161980 0.676936
3.181992 0.679304
3.202005 0.681638
3.222017 0.683939
3.242030 0.686205
3.262042 0.688437
3.282055 0.690633
3.302067 0.692794
3.322080 0.694920
3.342092 0.697010
3.362105 0.699064
3.382117 0.701082
3.402130 0.703065
3.422142 0.705012
3.442155 0.706925
3.462168 0.708802
3.482180 0.710645
3.502193 0.712454
3.522205 0.714229
3.542218 0.715971
3.562230 0.717681
3.582243 0.719358
3.602255 0.721004
3.622268 0.722619
3.642280 0.724203
3.662293 0.725757
3.682305 0.727282
3.702318 0.728779
3.722330 0.730247
3.742343 0.731687
3.762355 0.733101
3.782368 0.734488
3.802381 0.735850
3.822393 0.737186
3.842406 0.738497
3.862418 0.739785
3.882431 0.741049
3.902443 0.742289
3.922456 0.743508
3.942468 0.744704
3.962481 0.745879
3.982493 0.747033
4.002506 0.748166
4.022518 0.749279
4.042531 0.750373
4.062543 0.751448
4.082556 0.752504
4.102568 0.753541
4.122581 0.754561
4.142594 0.755564
4.162606 0.756549
4.182619 0.757518
4.202631 0.758471
4.222644 0.759408
4.242656 0.760329
4.262669 0.761235
4.282681 0.762127
4.302694 0.763003
4.322706 0.763866
4.342719 0.764715
4.362731 0.765550
4.382744 0.766372
4.402756 0.767181
4.422769 0.767978
4.442781 0.768762
4.462794 0.769534
4.482807 0.770294
4.502819 0.771042
4.522832 0.771779
4.542844 0.772505
4.562857 0.773220
4.582869 0.773925
4.602882 0.774618
4.622894 0.775302
4.642907 0.775976
4.662919 0.776639
4.682932 0.777293
4.702944 0.777938
4.722957 0.778574
4.742969 0.779200
4.762982 0.779817
4.782994 0.780426
4.803007 0.781026
4.823019 0.781618
4.843032 0.782202
4.863045 0.782777
4.883057 0.783345
4.903070 0.783905
4.923082 0.784457
4.943095 0.785002
4.963107 0.785540
4.983120 0.786070
5.003132 0.786593
5.023145 0.787110
5.043157 0.787619
5.063170 0.788122
5.083182 0.788618
5.103195 0.789108
5.123207 0.789592
5.143220 0.790069
5.163232 0.790540
5.183245 0.791005
5.203258 0.791465
5.223270 0.791918
5.243283 0.792366
5.263295 0.792808
5.283308 0.793245
5.303320 0.793676
5.323333 0.794102
5.343345 0.794523
5.363358 0.794939
5.383370 0.795349
5.403383 0.795755
5.423395 0.796156
5.443408 0.796552
5.463420 0.796943
5.483433 0.797329
5.503445 0.797711
5.523458 0.798089
5.543471 0.798462
5.563483 0.798831
5.583496 0.799195
5.603508 0.799555
5.623521 0.799911
5.643533 0.800263
5.663546 0.800611
5.683558 0.800955
5.703571 0.801295
5.723583 0.801631
5.743596 0.801964
5.763608 0.802292
5.783621 0.802617
5.803633 0.802939
5.823646 0.803257
5.843658 0.803571
5.863671 0.803882
5.883684 0.804189
5.903696 0.804493
5.923709 0.804794
5.943721 0.805092
5.963734 0.805386
5.983746 0.805677
6.003759 0.805965
6.023771 0.806250
6.043784 0.806532
6.063796 0.806811
6.083809 0.807087
6.103821 0.807361
6.123834 0.807631
6.143846 0.807898
6.163859 0.808163
6.183871 0.808425
6.203884 0.808684
6.223897 0.808941
6.243909 0.809195
6.263922 0.809446
6.283934 0.809695
6.303947 0.809941
6.323959 0.810185
6.343972 0.810426
6.363984 0.810665
6.383997 0.810902
6.404009 0.811136
6.424022 0.811368
6.444034 0.811598
6.464047 0.811825
6.484059 0.812050
6.504072 0.812273
6.524084 0.812494
6.544097 0.812712
6.564110 0.812929
6.584122 0.813143
6.604135 0.813355
6.624147 0.813565
6.644160 0.813774
6.664172 0.813980
6.684185 0.814184
6.704197 0.814387
6.724210 0.814587
6.744222 0.814786
6.764235 0.814982
6.784247 0.815177
6.804260 0.815370
6.824272 0.815562
6.844285 0.815751
6.864297 0.815939
6.884310 0.816125
6.904323 0.816309
6.924335 0.816492
6.944348 0.816673
6.964360 0.816852
6.984373 0.817030
7.004385 0.817206
7.024398 0.817380
7.044410 0.817553
7.064423 0.817725
7.084435 0.817894
7.104448 0.818063
7.124460 0.818230
7.144473 0.818395
7.164485 0.818559
7.184498 0.818721
7.204510 0.818882
7.224523 0.819042
7.244536 0.819200
7.264548 0.819357
7.284561 0.819513
7.304573 0.819667
7.324586 0.819820
7.344598 0.819971
7.364611 0.820122
7.384623 0.820271
7.404636 0.820418
7.424648 0.820565
7.444661 0.820710
7.464673 0.820854
7.484686 0.820997
7.504698 0.821138
7.524711 0.821279
7.544723 0.821418
7.564736 0.821556
7.584749 0.821693
7.604761 0.821829
7.624774 0.821964
7.644786 0.822097
7.664799 0.822230
7.684811 0.822361
7.704824 0.822491
7.724836 0.822621
7.744849 0.822749
7.764861 0.822876
7.784874 0.823002
7.804886 0.823127
7.824899 0.823251
7.844911 0.823375
7.864924 0.823497
7.884936 0.823618
7.904949 0.823738
7.924962 0.823857
7.944974 0.823976
7.964987 0.824093
7.984999 0.824210
8.005012 0.824325
