0.040025 0.839550
0.060038 0.840074
0.080050 0.840789
0.100063 0.841687
0.120075 0.842761
0.140088 0.844003
0.160100 0.845406
0.180113 0.846964
0.200125 0.848672
0.220138 0.850524
0.240150 0.852516
0.260163 0.854643
0.280175 0.856900
0.300188 0.859284
0.320200 0.861791
0.340213 0.864418
0.360226 0.867162
0.380238 0.870019
0.400251 0.872987
0.420263 0.876062
0.440276 0.879243
0.460288 0.882527
0.480301 0.885912
0.500313 0.889396
0.520326 0.892976
0.540338 0.896651
0.560351 0.900419
0.580363 0.904278
0.600376 0.908227
0.620388 0.912264
0.640401 0.916387
0.660413 0.920595
0.680426 0.924886
0.700439 0.929260
0.720451 0.933714
0.740464 0.938248
0.760476 0.942861
0.780489 0.947551
0.800501 0.952317
0.820514 0.957157
0.840526 0.962070
0.860539 0.967055
0.880551 0.972111
0.900564 0.977237
0.920576 0.982432
0.940589 0.987695
0.960601 0.993025
0.980614 0.998421
1.000626 1.003883
1.020639 1.009409
1.040652 1.014998
1.060664 1.020650
1.080677 1.026364
1.100689 1.032140
1.120702 1.037975
1.140714 1.043870
1.160727 1.049824
1.180739 1.055836
1.200752 1.061906
1.220764 1.068032
1.240777 1.074213
1.260789 1.080450
1.280802 1.086742
1.300814 1.093088
1.320827 1.099486
1.340839 1.105937
1.360852 1.112440
1.380865 1.118995
1.400877 1.125600
1.420890 1.132255
1.440902 1.138959
1.460915 1.145712
1.480927 1.152513
1.500940 1.159362
1.520952 1.166258
1.540965 1.173200
1.560977 1.180188
1.580990 1.187221
1.601002 1.194299
1.621015 1.201421
1.641027 1.208586
1.661040 1.215794
1.681052 1.223044
1.701065 1.230337
1.721077 1.237670
1.741090 1.245044
1.761103 1.252458
1.781115 1.259911
1.801128 1.267404
1.821140 1.274935
1.841153 1.282504
1.861165 1.290110
1.881178 1.297752
1.901190 1.305431
1.921203 1.313146
1.941215 1.320896
1.961228 1.328680
1.981240 1.336498
2.001253 1.344350
2.021265 1.352235
2.041278 1.360152
2.061290 1.368101
2.081303 1.376081
2.101316 1.384092
2.121328 1.392133
2.141341 1.400204
2.161353 1.408304
2.181366 1.416433
2.201378 1.424589
2.221391 1.432773
2.241403 1.440984
2.261416 1.449222
2.281428 1.457485
2.301441 1.465774
2.321453 1.474087
2.341466 1.482425
2.361478 1.490786
2.381491 1.499171
2.401503 1.507578
2.421516 1.516007
2.441529 1.524458
2.461541 1.532930
2.481554 1.541422
2.501566 1.549935
2.521579 1.558466
2.541591 1.567017
2.561604 1.575585
2.581616 1.584172
2.601629 1.592776
2.621641 1.601396
2.641654 1.610033
2.661666 1.618685
2.681679 1.627352
2.701691 1.636034
2.721704 1.644730
2.741716 1.653439
2.761729 1.662161
2.781742 1.670896
2.801754 1.679642
2.821767 1.688400
2.841779 1.697169
2.861792 1.705948
2.881804 1.714736
2.901817 1.723534
2.921829 1.732340
2.941842 1.741155
2.961854 1.749977
2.981867 1.758806
3.001879 1.767642
3.021892 1.776484
3.041904 1.785332
3.061917 1.794184
3.081929 1.803041
3.101942 1.811902
3.121955 1.820766
3.141967 1.829633
3.161980 1.838503
3.181992 1.847375
3.202005 1.856248
3.222017 1.865122
3.242030 1.873996
3.262042 1.882870
3.282055 1.891744
3.302067 1.900616
3.322080 1.909487
3.342092 1.918356
3.362105 1.927222
3.382117 1.936085
3.402130 1.944945
3.422142 1.953800
3.442155 1.962651
3.462168 1.971497
3.482180 1.980337
3.502193 1.989171
3.522205 1.997999
3.542218 2.006820
3.562230 2.015633
3.582243 2.024439
3.602255 2.033236
3.622268 2.042025
3.642280 2.050804
3.662293 2.059574
3.682305 2.068333
3.702318 2.077082
3.722330 2.085819
3.742343 2.094546
3.762355 2.103260
3.782368 2.111962
3.802381 2.120651
3.822393 2.129327
3.842406 2.137989
3.862418 2.146637
3.882431 2.155270
3.902443 2.163889
3.922456 2.172492
3.942468 2.181080
3.962481 2.189651
3.982493 2.198206
4.002506 2.206744
4.022518 2.215265
4.042531 2.223767
4.062543 2.232252
4.082556 2.240718
4.102568 2.249165
4.122581 2.257593
4.142594 2.266001
4.162606 2.274390
4.182619 2.282757
4.202631 2.291104
4.222644 2.299430
4.242656 2.307735
4.262669 2.316018
4.282681 2.324278
4.302694 2.332516
4.322706 2.340731
4.342719 2.348923
4.362731 2.357092
4.382744 2.365236
4.402756 2.373357
4.422769 2.381452
4.442781 2.389524
4.462794 2.397570
4.482807 2.405590
4.502819 2.413585
4.522832 2.421554
4.542844 2.429496
4.562857 2.437412
4.582869 2.445301
4.602882 2.453162
4.622894 2.460997
4.642907 2.468803
4.662919 2.476581
4.682932 2.484332
4.702944 2.492053
4.722957 2.499746
4.742969 2.507410
4.762982 2.515044
4.782994 2.522649
4.803007 2.530223
4.823019 2.537768
4.843032 2.545283
4.863045 2.552767
4.883057 2.560220
4.903070 2.567642
4.923082 2.575033
4.943095 2.582393
4.963107 2.589721
4.983120 2.597017
5.003132 2.604281
5.023145 2.611513
5.043157 2.618712
5.063170 2.625878
5.083182 2.633012
5.103195 2.640113
5.123207 2.647180
5.143220 2.654214
5.163232 2.661215
5.183245 2.668182
5.203258 2.675115
5.223270 2.682013
5.243283 2.688878
5.263295 2.695708
5.283308 2.702504
5.303320 2.709264
5.323333 2.715990
5.343345 2.722681
5.363358 2.729337
5.383370 2.735958
5.403383 2.742543
5.423395 2.749093
5.443408 2.755607
5.463420 2.762085
5.483433 2.768527
5.503445 2.774934
5.523458 2.781304
5.543471 2.787638
5.563483 2.793935
5.583496 2.800196
5.603508 2.806421
5.623521 2.812609
5.643533 2.818760
5.663546 2.824874
5.683558 2.830952
5.703571 2.836992
5.723583 2.842996
5.743596 2.848962
5.763608 2.854891
5.783621 2.860783
5.803633 2.866637
5.823646 2.872454
5.843658 2.878233
5.863671 2.883975
5.883684 2.889679
5.903696 2.895345
5.923709 2.900974
5.943721 2.906565
5.963734 2.912118
5.983746 2.917634
6.003759 2.923111
6.023771 2.928550
6.043784 2.933952
6.063796 2.939315
6.083809 2.944641
6.103821 2.949928
6.123834 2.955177
6.143846 2.960388
6.163859 2.965561
6.183871 2.970696
6.203884 2.975793
6.223897 2.980851
6.243909 2.985871
6.263922 2.990853
6.283934 2.995797
6.303947 3.000703
6.323959 3.005570
6.343972 3.010399
6.363984 3.015190
6.383997 3.019943
6.404009 3.024657
6.424022 3.029334
6.444034 3.033972
6.464047 3.038572
6.484059 3.043134
6.504072 3.047657
6.524084 3.052143
6.544097 3.056590
6.564110 3.060999
6.584122 3.065371
6.604135 3.069704
6.624147 3.073999
6.644160 3.078256
6.664172 3.082476
6.684185 3.086657
6.704197 3.090801
6.724210 3.094906
6.744222 3.098974
6.764235 3.103004
6.784247 3.106997
6.804260 3.110952
6.824272 3.114869
6.844285 3.118748
6.864297 3.122590
6.884310 3.126395
6.904323 3.130162
6.924335 3.133892
6.944348 3.137584
6.964360 3.141239
6.984373 3.144857
7.004385 3.148438
7.024398 3.151981
7.044410 3.155488
7.064423 3.158958
7.084435 3.162390
7.104448 3.165786
7.124460 3.169145
7.144473 3.172468
7.164485 3.175753
7.184498 3.179003
7.204510 3.182215
7.224523 3.185391
7.244536 3.188531
7.264548 3.191635
7.284561 3.194702
7.304573 3.197733
7.324586 3.200728
7.344598 3.203687
7.364611 3.206611
7.384623 3.209498
7.404636 3.212350
7.424648 3.215166
7.444661 3.217946
7.464673 3.220691
7.484686 3.223401
7.504698 3.226075
7.524711 3.228714
7.544723 3.231317
7.564736 3.233886
7.584749 3.236420
7.604761 3.238919
7.624774 3.241382
7.644786 3.243812
7.664799 3.246206
7.684811 3.248567
7.704824 3.250892
7.724836 3.253184
7.744849 3.255441
7.764861 3.257664
7.784874 3.259852
7.804886 3.262007
7.824899 3.264128
7.844911 3.266216
7.864924 3.268269
7.884936 3.270289
7.904949 3.272276
7.924962 3.274229
7.944974 3.276149
7.964987 3.278035
7.984999 3.279889
8.005012 3.281709
