0.060038    0.001208 
0.080050    0.001177 
0.100063    0.001187 
0.120075    0.001266 
0.140088    0.001425 
0.160100    0.001668 
0.180113    0.001996 
0.200125    0.002407 
0.220138    0.002899 
0.240150    0.003467 
0.260163    0.004110 
0.280175    0.004822 
0.300188    0.005602 
0.320200    0.006445 
0.340213    0.007350 
0.360226    0.008312 
0.380238    0.009331 
0.400251    0.010402 
0.420263    0.011525 
0.440276    0.012543 
0.460288    0.014062 
0.480301    0.015181 
0.500313    0.016491 
0.520326    0.017843 
0.540338    0.019237 
0.560351    0.020672 
0.580363    0.022146 
0.600376    0.023658 
0.620388    0.025208 
0.640401    0.026794 
0.660413    0.028417 
0.680426    0.030074 
0.700439    0.031766 
0.720451    0.033492 
0.740464    0.035251 
0.760476    0.037043 
0.780489    0.038866 
0.800501    0.040721 
0.820514    0.042493 
0.840526    0.043706 
0.860539    0.045149 
0.880551    0.046800 
0.900564    0.048548 
0.920576    0.050365 
0.940589    0.052239 
0.960601    0.054163 
0.980614    0.056131 
1.000626    0.058140 
1.020639    0.060188 
1.040652    0.062272 
1.060664    0.064392 
1.080677    0.066544 
1.100689    0.068729 
1.120702    0.070945 
1.140714    0.073191 
1.160727    0.075466 
1.180739    0.077769 
1.200752    0.080100 
1.220764    0.082457 
1.240777    0.084839 
1.260789    0.087247 
1.280802    0.089679 
1.300814    0.092135 
1.320827    0.094613 
1.340839    0.097113 
1.360852    0.099635 
1.380865    0.102178 
1.400877    0.104741 
1.420890    0.107324 
1.440902    0.109925 
1.460915    0.112545 
1.480927    0.115183 
1.500940    0.117838 
1.520952    0.120510 
1.540965    0.123197 
1.560977    0.125901 
1.580990    0.128619 
1.601002    0.131351 
1.621015    0.134099 
1.641027    0.136858 
1.661040    0.139632 
1.681052    0.142418 
1.701065    0.145214 
1.721077    0.148023 
1.741090    0.150842 
1.761103    0.153673 
1.781115    0.156513 
1.801128    0.159361 
1.821140    0.162222 
1.841153    0.165086 
1.861165    0.167963 
1.881178    0.170845 
1.901190    0.173734 
1.921203    0.176631 
1.941215    0.179535 
1.961228    0.182442 
1.981240    0.185357 
2.001253    0.188277 
2.021265    0.191200 
2.041278    0.194129 
2.061290    0.197063 
2.081303    0.199996 
2.101316    0.202937 
2.121328    0.205879 
2.141341    0.208822 
2.161353    0.211770 
2.181366    0.214717 
2.201378    0.217665 
2.221391    0.220618 
2.241403    0.223566 
2.261416    0.226518 
2.281428    0.229472 
2.301441    0.232417 
2.321453    0.235374 
2.341466    0.238318 
2.361478    0.241271 
2.381491    0.244214 
2.401503    0.247158 
2.421516    0.250102 
2.441529    0.253041 
2.461541    0.255980 
2.481554    0.258912 
2.501566    0.261845 
2.521579    0.264771 
2.541591    0.267695 
2.561604    0.270614 
2.581616    0.273530 
2.601629    0.276441 
2.621641    0.279345 
2.641654    0.282244 
2.661666    0.285145 
2.681679    0.288032 
2.701691    0.290916 
2.721704    0.293794 
2.741716    0.296668 
2.761729    0.299532 
2.781742    0.302390 
2.801754    0.305247 
2.821767    0.308084 
2.841779    0.310931 
2.861792    0.313757 
2.881804    0.316585 
2.901817    0.319397 
2.921829    0.322203 
2.941842    0.325003 
2.961854    0.327799 
2.981867    0.330579 
3.001879    0.333354 
3.021892    0.336119 
3.041904    0.338876 
3.061917    0.341622 
3.081929    0.344368 
3.101942    0.347089 
3.121955    0.349814 
3.141967    0.352522 
3.161980    0.355221 
3.181992    0.357918 
3.202005    0.360596 
3.222017    0.363266 
3.242030    0.365928 
3.262042    0.368577 
3.282055    0.371216 
3.302067    0.373852 
3.322080    0.376464 
3.342092    0.379075 
3.362105    0.381677 
3.382117    0.384256 
3.402130    0.386833 
3.422142    0.389404 
3.442155    0.391953 
3.462168    0.394493 
3.482180    0.397034 
3.502193    0.399542 
3.522205    0.402056 
3.542218    0.404556 
3.562230    0.407037 
3.582243    0.409511 
3.602255    0.411974 
3.622268    0.414421 
3.642280    0.416864 
3.662293    0.419294 
3.682305    0.421701 
3.702318    0.424112 
3.722330    0.426499 
3.742343    0.428875 
3.762355    0.431247 
3.782368    0.433599 
3.802381    0.435947 
3.822393    0.438271 
3.842406    0.440597 
3.862418    0.442892 
3.882431    0.445194 
3.902443    0.447480 
3.922456    0.449742 
3.942468    0.451999 
3.962481    0.454244 
3.982493    0.456486 
4.002506    0.458702 
4.022518    0.460907 
4.042531    0.463105 
4.062543    0.465287 
4.082556    0.467464 
4.102568    0.469615 
4.122581    0.471768 
4.142594    0.473899 
4.162606    0.476020 
4.182619    0.478130 
4.202631    0.480231 
4.222644    0.482308 
4.242656    0.484395 
4.262669    0.486436 
4.282681    0.488500 
4.302694    0.490533 
4.322706    0.492550 
4.342719    0.494566 
4.362731    0.496564 
4.382744    0.498552 
4.402756    0.500522 
4.422769    0.502492 
4.442781    0.504436 
4.462794    0.506375 
4.482807    0.508310 
4.502819    0.510215 
4.522832    0.512122 
4.542844    0.514002 
4.562857    0.515885 
4.582869    0.517761 
4.602882    0.519607 
4.622894    0.521452 
4.642907    0.523277 
4.662919    0.525107 
4.682932    0.526905 
4.702944    0.528698 
4.722957    0.530484 
4.742969    0.532256 
4.762982    0.534025 
4.782994    0.535765 
4.803007    0.537500 
4.823019    0.539233 
4.843032    0.540933 
4.863045    0.542649 
4.883057    0.544339 
4.903070    0.546024 
4.923082    0.547672 
4.943095    0.549349 
4.963107    0.550996 
4.983120    0.552609 
5.003132    0.554261 
5.023145    0.555857 
5.043157    0.557466 
5.063170    0.559049 
5.083182    0.560646 
5.103195    0.562197 
5.123207    0.563758 
5.143220    0.565306 
5.163232    0.566855 
5.183245    0.568370 
5.203258    0.569892 
5.223270    0.571386 
5.243283    0.572886 
5.263295    0.574382 
5.283308    0.575839 
5.303320    0.577312 
5.323333    0.578757 
5.343345    0.580210 
5.363358    0.581637 
5.383370    0.583062 
5.403383    0.584456 
5.423395    0.585892 
5.443408    0.587251 
5.463420    0.588665 
5.483433    0.590016 
5.503445    0.591388 
5.523458    0.592734 
5.543471    0.594087 
5.563483    0.595397 
5.583496    0.596742 
5.603508    0.598057 
5.623521    0.599357 
5.643533    0.600654 
5.663546    0.601940 
5.683558    0.603208 
5.703571    0.604487 
5.723583    0.605742 
5.743596    0.606992 
5.763608    0.608241 
5.783621    0.609437 
5.803633    0.610694 
5.823646    0.611901 
5.843658    0.613092 
5.863671    0.614307 
5.883684    0.615463 
5.903696    0.616681 
5.923709    0.617814 
5.943721    0.618990 
5.963734    0.620161 
5.983746    0.621259 
6.003759    0.622435 
6.023771    0.623537 
6.043784    0.624668 
6.063796    0.625785 
6.083809    0.626867 
6.103821    0.627965 
6.123834    0.629054 
6.143846    0.630133 
6.163859    0.631206 
6.183871    0.632257 
6.203884    0.633327 
6.223897    0.634350 
6.243909    0.635397 
6.263922    0.636433 
6.283934    0.637451 
6.303947    0.638477 
6.323959    0.639460 
6.343972    0.640459 
6.363984    0.641473 
6.383997    0.642464 
6.404009    0.643406 
6.424022    0.644391 
6.444034    0.645370 
6.464047    0.646293 
6.484059    0.647295 
6.504072    0.648172 
6.524084    0.649145 
6.544097    0.650046 
6.564110    0.650983 
6.584122    0.651908 
6.604135    0.652778 
6.624147    0.653721 
6.644160    0.654569 
6.664172    0.655465 
6.684185    0.656367 
6.704197    0.657210 
6.724210    0.658091 
6.744222    0.658963 
6.764235    0.659787 
6.784247    0.660664 
6.804260    0.661452 
6.824272    0.662341 
6.844285    0.663146 
6.864297    0.663940 
6.884310    0.664790 
6.904323    0.665581 
6.924335    0.666375 
6.944348    0.667217 
6.964360    0.667929 
6.984373    0.668757 
7.004385    0.669558 
7.024398    0.670276 
7.044410    0.671076 
7.064423    0.671836 
7.084435    0.672559 
7.104448    0.673324 
7.124460    0.674071 
7.144473    0.674834 
7.164485    0.675526 
7.184498    0.676234 
7.204510    0.677007 
7.224523    0.677670 
7.244536    0.678410 
7.264548    0.679107 
7.284561    0.679807 
7.304573    0.680480 
7.324586    0.681196 
7.344598    0.681848 
7.364611    0.682564 
7.384623    0.683183 
7.404636    0.683876 
7.424648    0.684540 
7.444661    0.685203 
7.464673    0.685834 
7.484686    0.686469 
7.504698    0.687134 
7.524711    0.687793 
7.544723    0.688359 
7.564736    0.689040 
7.584749    0.689604 
7.604761    0.690288 
7.624774    0.690843 
7.644786    0.691493 
7.664799    0.692016 
7.684811    0.692746 
7.704824    0.693211 
7.724836    0.693898 
7.744849    0.694381 
7.764861    0.695044 
7.784874    0.695543 
7.804886    0.696171 
7.824899    0.696720 
7.844911    0.697285 
7.864924    0.697818 
7.884936    0.698386 
7.904949    0.698983 
7.924962    0.699414 
7.944974    0.699988 
7.964987    0.700629 
7.984999    0.701009 
8.005012    0.701658 
