0.060038    0.001208 
0.080050    0.001177 
0.100063    0.001187 
0.120075    0.001266 
0.140088    0.001425 
0.160100    0.001668 
0.180113    0.001996 
0.200125    0.002407 
0.220138    0.002899 
0.240150    0.003467 
0.260163    0.004110 
0.280175    0.004822 
0.300188    0.005602 
0.320200    0.006445 
0.340213    0.007350 
0.360226    0.008312 
0.380238    0.009331 
0.400251    0.010402 
0.420263    0.011525 
0.440276    0.012543 
0.460288    0.014062 
0.480301    0.015181 
0.500313    0.016491 
0.520326    0.017843 
0.540338    0.019237 
0.560351    0.020672 
0.580363    0.022146 
0.600376    0.023658 
0.620388    0.025208 
0.640401    0.026794 
0.660413    0.028417 
0.680426    0.030074 
0.700439    0.031766 
0.720451    0.033492 
0.740464    0.035251 
0.760476    0.037043 
0.780489    0.038866 
0.800501    0.040721 
0.820514    0.042493 
0.840526    0.043706 
0.860539    0.045149 
0.880551    0.046800 
0.900564    0.048548 
0.920576    0.050365 
0.940589    0.052239 
0.960601    0.054163 
0.980614    0.056131 
1.000626    0.058140 
1.020639    0.060188 
1.040652    0.062272 
1.060664    0.064392 
1.080677    0.066544 
1.100689    0.068729 
1.120702    0.070945 
1.140714    0.073191 
1.160727    0.075466 
1.180739    0.077769 
1.200752    0.080100 
1.220764    0.082457 
1.240777    0.084839 
1.260789    0.087247 
1.280802    0.089679 
1.300814    0.092135 
1.320827    0.094613 
1.340839    0.097113 
1.360852    0.099635 
1.380865    0.102178 
1.400877    0.104741 
1.420890    0.107324 
1.440902    0.109925 
1.460915    0.112545 
1.480927    0.115183 
1.500940    0.117838 
1.520952    0.120510 
1.540965    0.123197 
1.560977    0.125901 
1.580990    0.128619 
1.601002    0.131351 
1.621015    0.134099 
1.641027    0.136858 
1.661040    0.139632 
1.681052    0.142418 
1.701065    0.145214 
1.721077    0.148023 
1.741090    0.150842 
1.761103    0.153673 
1.781115    0.156513 
1.801128    0.159361 
1.821140    0.162222 
1.841153    0.165086 
1.861165    0.167963 
1.881178    0.170845 
1.901190    0.173734 
1.921203    0.176631 
1.941215    0.179535 
1.961228    0.182442 
1.981240    0.185357 
2.001253    0.188277 
2.021265    0.191200 
2.041278    0.194129 
2.061290    0.197063 
2.081303    0.199996 
2.101316    0.202937 
2.121328    0.205879 
2.141341    0.208822 
2.161353    0.211770 
2.181366    0.214717 
2.201378    0.217665 
2.221391    0.220618 
2.241403    0.223566 
2.261416    0.226518 
2.281428    0.229472 
2.301441    0.232417 
2.321453    0.235374 
2.341466    0.238318 
2.361478    0.241271 
2.381491    0.244214 
2.401503    0.247158 
2.421516    0.250102 
2.441529    0.253041 
2.461541    0.255980 
2.481554    0.258912 
2.501566    0.261845 
2.521579    0.264771 
2.541591    0.267695 
2.561604    0.270614 
2.581616    0.273530 
2.601629    0.276441 
2.621641    0.279345 
2.641654    0.282244 
2.661666    0.285145 
2.681679    0.288032 
2.701691    0.290916 
2.721704    0.293794 
2.741716    0.296668 
2.761729    0.299532 
2.781742    0.302390 
2.801754    0.305247 
2.821767    0.308084 
2.841779    0.310931 
2.861792    0.313757 
2.881804    0.316585 
2.901817    0.319397 
2.921829    0.322203 
2.941842    0.325003 
2.961854    0.327799 
2.981867    0.330579 
3.001879    0.333354 
3.021892    0.336119 
3.041904    0.338876 
3.061917    0.341622 
3.081929    0.344368 
3.101942    0.347089 
3.121955    0.349814 
3.141967    0.352522 
3.161980    0.355221 
3.181992    0.357918 
3.202005    0.360596 
3.222017    0.363266 
3.242030    0.365928 
3.262042    0.368577 
3.282055    0.371216 
3.302067    0.373852 
3.322080    0.376464 
3.342092    0.379075 
3.362105    0.381677 
3.382117    0.384256 
3.402130    0.386833 
3.422142    0.389404 
3.442155    0.391953 
3.462168    0.394493 
3.482180    0.397034 
3.502193    0.399542 
3.522205    0.402056 
3.542218    0.404556 
3.562230    0.407037 
3.582243    0.409511 
3.602255    0.411974 
3.622268    0.414421 
3.642280    0.416864 
3.662293    0.419294 
3.682305    0.421701 
3.702318    0.424112 
3.722330    0.426499 
3.742343    0.428875 
3.762355    0.431247 
3.782368    0.433599 
3.802381    0.435947 
3.822393    0.438271 
3.842406    0.440597 
3.862418    0.442892 
3.882431    0.445194 
3.902443    0.447480 
3.922456    0.449742 
3.942468    0.451999 
3.962481    0.454244 
3.982493    0.456486 
4.002506    0.458702 
4.022518    0.460907 
4.042531    0.463104 
4.062543    0.465299 
4.082556    0.467538 
4.102568    0.469813 
4.122581    0.472147 
4.142594    0.474525 
4.162606    0.476937 
4.182619    0.479397 
4.202631    0.481874 
4.222644    0.484369 
4.242656    0.486902 
4.262669    0.489434 
4.282681    0.491987 
4.302694    0.494539 
4.322706    0.497095 
4.342719    0.499636 
4.362731    0.502192 
4.382744    0.504718 
4.402756    0.507243 
4.422769    0.509756 
4.442781    0.512224 
4.462794    0.514703 
4.482807    0.517132 
4.502819    0.519557 
4.522832    0.521946 
4.542844    0.524305 
4.562857    0.526647 
4.582869    0.528940 
4.602882    0.531225 
4.622894    0.533459 
4.642907    0.535679 
4.662919    0.537858 
4.682932    0.540011 
4.702944    0.542125 
4.722957    0.544212 
4.742969    0.546263 
4.762982    0.548303 
4.782994    0.550281 
4.803007    0.552241 
4.823019    0.554184 
4.843032    0.556085 
4.863045    0.557950 
4.883057    0.559794 
4.903070    0.561619 
4.923082    0.563396 
4.943095    0.565161 
4.963107    0.566890 
4.983120    0.568597 
5.003132    0.570269 
5.023145    0.571933 
5.043157    0.573554 
5.063170    0.575161 
5.083182    0.576742 
5.103195    0.578292 
5.123207    0.579828 
5.143220    0.581338 
5.163232    0.582826 
5.183245    0.584292 
5.203258    0.585735 
5.223270    0.587159 
5.243283    0.588563 
5.263295    0.589950 
5.283308    0.591310 
5.303320    0.592656 
5.323333    0.593982 
5.343345    0.595295 
5.363358    0.596582 
5.383370    0.597855 
5.403383    0.599112 
5.423395    0.600350 
5.443408    0.601575 
5.463420    0.602780 
5.483433    0.603971 
5.503445    0.605150 
5.523458    0.606306 
5.543471    0.607457 
5.563483    0.608584 
5.583496    0.609706 
5.603508    0.610808 
5.623521    0.611898 
5.643533    0.612977 
5.663546    0.614040 
5.683558    0.615091 
5.703571    0.616131 
5.723583    0.617158 
5.743596    0.618172 
5.763608    0.619176 
5.783621    0.620169 
5.803633    0.621148 
5.823646    0.622118 
5.843658    0.623077 
5.863671    0.624025 
5.883684    0.624962 
5.903696    0.625890 
5.923709    0.626807 
5.943721    0.627715 
5.963734    0.628613 
5.983746    0.629501 
6.003759    0.630381 
6.023771    0.631251 
6.043784    0.632111 
6.063796    0.632964 
6.083809    0.633809 
6.103821    0.634642 
6.123834    0.635470 
6.143846    0.636290 
6.163859    0.637098 
6.183871    0.637904 
6.203884    0.638696 
6.223897    0.639487 
6.243909    0.640265 
6.263922    0.641036 
6.283934    0.641804 
6.303947    0.642561 
6.323959    0.643313 
6.343972    0.644056 
6.363984    0.644796 
6.383997    0.645524 
6.404009    0.646252 
6.424022    0.646966 
6.444034    0.647678 
6.464047    0.648388 
6.484059    0.649081 
6.504072    0.649781 
6.524084    0.650463 
6.544097    0.651143 
6.564110    0.651824 
6.584122    0.652491 
6.604135    0.653154 
6.624147    0.653817 
6.644160    0.654465 
6.664172    0.655121 
6.684185    0.655753 
6.704197    0.656398 
6.724210    0.657030 
6.744222    0.657654 
6.764235    0.658283 
6.784247    0.658894 
6.804260    0.659512 
6.824272    0.660117 
6.844285    0.660718 
6.864297    0.661325 
6.884310    0.661914 
6.904323    0.662503 
6.924335    0.663092 
6.944348    0.663664 
6.964360    0.664253 
6.984373    0.664821 
7.004385    0.665387 
7.024398    0.665950 
7.044410    0.666516 
7.064423    0.667067 
7.084435    0.667623 
7.104448    0.668162 
7.124460    0.668722 
7.144473    0.669251 
7.164485    0.669792 
7.184498    0.670320 
7.204510    0.670858 
7.224523    0.671375 
7.244536    0.671904 
7.264548    0.672418 
7.284561    0.672931 
7.304573    0.673452 
7.324586    0.673958 
7.344598    0.674450 
7.364611    0.674969 
7.384623    0.675456 
7.404636    0.675954 
7.424648    0.676446 
7.444661    0.676937 
7.464673    0.677421 
7.484686    0.677904 
7.504698    0.678385 
7.524711    0.678861 
7.544723    0.679330 
7.564736    0.679801 
7.584749    0.680272 
7.604761    0.680738 
7.624774    0.681197 
7.644786    0.681656 
7.664799    0.682111 
7.684811    0.682574 
7.704824    0.683007 
7.724836    0.683475 
7.744849    0.683905 
7.764861    0.684358 
7.784874    0.684785 
7.804886    0.685243 
7.824899    0.685662 
7.844911    0.686091 
7.864924    0.686541 
7.884936    0.686949 
7.904949    0.687383 
7.924962    0.687799 
7.944974    0.688234 
7.964987    0.688635 
7.984999    0.689059 
8.005012    0.689472 
