0.008009    0.000101 
0.012014    -0.000125 
0.016018    -0.000381 
0.020023    -0.000659 
0.024027    -0.000951 
0.028032    -0.001251 
0.032036    -0.001555 
0.036041    -0.001861 
0.040045    -0.002168 
0.044050    -0.002475 
0.048054    -0.002780 
0.052059    -0.003083 
0.056063    -0.003383 
0.060068    -0.003680 
0.064072    -0.003973 
0.068077    -0.004263 
0.072081    -0.004549 
0.076086    -0.004830 
0.080090    -0.005107 
0.084095    -0.005380 
0.088099    -0.005647 
0.092104    -0.005911 
0.096108    -0.006169 
0.100113    -0.006422 
0.104117    -0.006671 
0.108122    -0.006914 
0.112126    -0.007153 
0.116131    -0.007386 
0.120135    -0.007614 
0.124140    -0.007838 
0.128144    -0.008056 
0.132149    -0.008269 
0.136153    -0.008477 
0.140158    -0.008680 
0.144162    -0.008877 
0.148167    -0.009070 
0.152171    -0.009257 
0.156176    -0.009440 
0.160180    -0.009617 
0.164185    -0.009790 
0.168189    -0.009957 
0.172194    -0.010119 
0.176198    -0.010276 
0.180203    -0.010429 
0.184207    -0.010576 
0.188212    -0.010718 
0.192216    -0.010856 
0.196221    -0.010988 
0.200225    -0.011116 
0.204230    -0.011238 
0.208234    -0.011356 
0.212239    -0.011469 
0.216243    -0.011577 
0.220248    -0.011681 
0.224252    -0.011780 
0.228257    -0.011873 
0.232261    -0.011963 
0.236266    -0.012047 
0.240270    -0.012127 
0.244275    -0.012203 
0.248279    -0.012273 
0.252284    -0.012339 
0.256289    -0.012401 
0.260293    -0.012458 
0.264298    -0.012510 
0.268302    -0.012559 
0.272307    -0.012602 
0.276311    -0.012641 
0.280316    -0.012676 
0.284320    -0.012706 
0.288325    -0.012732 
0.292329    -0.012754 
0.296334    -0.012772 
0.300338    -0.012785 
0.304343    -0.012794 
0.308347    -0.012798 
0.312352    -0.012799 
0.316356    -0.012795 
0.320361    -0.012787 
0.324365    -0.012775 
0.328370    -0.012759 
0.332374    -0.012739 
0.336379    -0.012714 
0.340383    -0.012686 
0.344388    -0.012654 
0.348392    -0.012617 
0.352397    -0.012577 
0.356401    -0.012533 
0.360406    -0.012485 
0.364410    -0.012433 
0.368415    -0.012377 
0.372419    -0.012317 
0.376424    -0.012254 
0.380428    -0.012186 
0.384433    -0.012115 
0.388437    -0.012040 
0.392442    -0.011961 
0.396446    -0.011879 
0.400451    -0.011793 
0.404455    -0.011703 
0.408460    -0.011610 
0.412464    -0.011513 
0.416469    -0.011412 
0.420473    -0.011308 
0.424478    -0.011201 
0.428482    -0.011089 
0.432487    -0.010974 
0.436491    -0.010856 
0.440496    -0.010734 
0.444500    -0.010609 
0.448505    -0.010481 
0.452509    -0.010348 
0.456514    -0.010213 
0.460518    -0.010074 
0.464523    -0.009932 
0.468527    -0.009786 
0.472532    -0.009638 
0.476536    -0.009485 
0.480541    -0.009330 
0.484545    -0.009171 
0.488550    -0.009009 
0.492554    -0.008844 
0.496559    -0.008676 
0.500564    -0.008504 
0.504568    -0.008330 
0.508573    -0.008152 
0.512577    -0.007971 
0.516582    -0.007787 
0.520586    -0.007599 
0.524591    -0.007409 
0.528595    -0.007216 
0.532600    -0.007020 
0.536604    -0.006820 
0.540609    -0.006618 
0.544613    -0.006413 
0.548618    -0.006204 
0.552622    -0.005993 
0.556627    -0.005779 
0.560631    -0.005562 
0.564636    -0.005342 
0.568640    -0.005119 
0.572645    -0.004893 
0.576649    -0.004664 
0.580654    -0.004433 
0.584658    -0.004199 
0.588663    -0.003962 
0.592667    -0.003722 
0.596672    -0.003479 
0.600676    -0.003234 
0.604681    -0.002986 
0.608685    -0.002735 
0.612690    -0.002482 
0.616694    -0.002225 
0.620699    -0.001967 
0.624703    -0.001705 
0.628708    -0.001441 
0.632712    -0.001174 
0.636717    -0.000905 
0.640721    -0.000633 
0.644726    -0.000358 
0.648730    -0.000081 
0.652735    0.000199 
0.656739    0.000481 
0.660744    0.000766 
0.664748    0.001053 
0.668753    0.001343 
0.672757    0.001635 
0.676762    0.001929 
0.680766    0.002227 
0.684771    0.002526 
0.688775    0.002828 
0.692780    0.003132 
0.696784    0.003439 
0.700789    0.003748 
0.704793    0.004060 
0.708798    0.004374 
0.712802    0.004690 
0.716807    0.005009 
0.720811    0.005329 
0.724816    0.005653 
0.728820    0.005978 
0.732825    0.006306 
0.736829    0.006636 
0.740834    0.006968 
0.744838    0.007302 
0.748843    0.007639 
0.752848    0.007978 
0.756852    0.008319 
0.760857    0.008662 
0.764861    0.009008 
0.768866    0.009355 
0.772870    0.009705 
0.776875    0.010057 
0.780879    0.010411 
0.784884    0.010767 
0.788888    0.011125 
0.792893    0.011485 
0.796897    0.011848 
0.800902    0.012212 
0.804906    0.012578 
0.808911    0.012947 
0.812915    0.013317 
0.816920    0.013690 
0.820924    0.014064 
0.824929    0.014441 
0.828933    0.014819 
0.832938    0.015200 
0.836942    0.015582 
0.840947    0.015967 
0.844951    0.016353 
0.848956    0.016741 
0.852960    0.017131 
0.856965    0.017523 
0.860969    0.017917 
0.864974    0.018313 
0.868978    0.018711 
0.872983    0.019110 
0.876987    0.019511 
0.880992    0.019915 
0.884996    0.020320 
0.889001    0.020726 
0.893005    0.021135 
0.897010    0.021545 
0.901014    0.021958 
0.905019    0.022371 
0.909023    0.022787 
0.913028    0.023205 
0.917032    0.023624 
0.921037    0.024045 
0.925041    0.024467 
0.929046    0.024892 
0.933050    0.025318 
0.937055    0.025746 
0.941059    0.026175 
0.945064    0.026606 
0.949068    0.027039 
0.953073    0.027473 
0.957077    0.027909 
0.961082    0.028347 
0.965086    0.028786 
0.969091    0.029227 
0.973095    0.029670 
0.977100    0.030114 
0.981104    0.030560 
0.985109    0.031007 
0.989113    0.031456 
0.993118    0.031906 
0.997123    0.032358 
1.001127    0.032811 
1.005132    0.033266 
1.009136    0.033723 
1.013141    0.034181 
1.017145    0.034641 
1.021150    0.035102 
1.025154    0.035564 
1.029159    0.036028 
1.033163    0.036493 
1.037168    0.036960 
1.041172    0.037429 
1.045177    0.037898 
1.049181    0.038370 
1.053186    0.038842 
1.057190    0.039316 
1.061195    0.039792 
1.065199    0.040269 
1.069204    0.040747 
1.073208    0.041226 
1.077213    0.041707 
1.081217    0.042190 
1.085222    0.042673 
1.089226    0.043158 
1.093231    0.043645 
1.097235    0.044132 
1.101240    0.044621 
1.105244    0.045112 
1.109249    0.045603 
1.113253    0.046096 
1.117258    0.046590 
1.121262    0.047086 
1.125267    0.047583 
1.129271    0.048081 
1.133276    0.048580 
1.137280    0.049081 
1.141285    0.049582 
1.145289    0.050085 
1.149294    0.050590 
1.153298    0.051095 
1.157303    0.051602 
1.161307    0.052109 
1.165312    0.052619 
1.169316    0.053129 
1.173321    0.053640 
1.177325    0.054153 
1.181330    0.054667 
1.185334    0.055181 
1.189339    0.055697 
1.193343    0.056215 
1.197348    0.056733 
1.201352    0.057252 
1.205357    0.057773 
1.209361    0.058295 
1.213366    0.058818 
1.217370    0.059341 
1.221375    0.059866 
1.225379    0.060393 
1.229384    0.060920 
1.233388    0.061448 
1.237393    0.061977 
1.241397    0.062508 
1.245402    0.063039 
1.249407    0.063571 
1.253411    0.064105 
1.257416    0.064639 
1.261420    0.065175 
1.265425    0.065711 
1.269429    0.066249 
1.273434    0.066788 
1.277438    0.067327 
1.281443    0.067868 
1.285447    0.068409 
1.289452    0.068952 
1.293456    0.069495 
1.297461    0.070039 
1.301465    0.070585 
1.305470    0.071131 
1.309474    0.071678 
1.313479    0.072227 
1.317483    0.072776 
1.321488    0.073326 
1.325492    0.073877 
1.329497    0.074429 
1.333501    0.074981 
1.337506    0.075535 
1.341510    0.076090 
1.345515    0.076645 
1.349519    0.077202 
1.353524    0.077759 
1.357528    0.078317 
1.361533    0.078876 
1.365537    0.079436 
1.369542    0.079996 
1.373546    0.080558 
1.377551    0.081120 
1.381555    0.081683 
1.385560    0.082247 
1.389564    0.082812 
1.393569    0.083378 
1.397573    0.083944 
1.401578    0.084511 
1.405582    0.085079 
1.409587    0.085648 
1.413591    0.086218 
1.417596    0.086788 
1.421600    0.087359 
1.425605    0.087931 
1.429609    0.088504 
1.433614    0.089077 
1.437618    0.089651 
1.441623    0.090226 
1.445627    0.090802 
1.449632    0.091378 
1.453636    0.091955 
1.457641    0.092533 
1.461645    0.093112 
1.465650    0.093691 
1.469654    0.094271 
1.473659    0.094852 
1.477663    0.095433 
1.481668    0.096015 
1.485672    0.096598 
1.489677    0.097181 
1.493682    0.097765 
1.497686    0.098350 
1.501691    0.098935 
1.505695    0.099521 
1.509700    0.100108 
1.513704    0.100695 
1.517709    0.101283 
1.521713    0.101872 
1.525718    0.102461 
1.529722    0.103051 
1.533727    0.103642 
1.537731    0.104233 
1.541736    0.104824 
1.545740    0.105417 
1.549745    0.106010 
1.553749    0.106603 
1.557754    0.107197 
1.561758    0.107792 
1.565763    0.108387 
1.569767    0.108983 
1.573772    0.109580 
1.577776    0.110177 
1.581781    0.110774 
1.585785    0.111372 
1.589790    0.111971 
1.593794    0.112570 
1.597799    0.113170 
1.601803    0.113770 
1.605808    0.114371 
1.609812    0.114972 
1.613817    0.115574 
1.617821    0.116176 
1.621826    0.116779 
1.625830    0.117383 
1.629835    0.117987 
1.633839    0.118591 
1.637844    0.119196 
1.641848    0.119801 
1.645853    0.120407 
1.649857    0.121013 
1.653862    0.121620 
1.657866    0.122227 
1.661871    0.122835 
1.665875    0.123443 
1.669880    0.124052 
1.673884    0.124661 
1.677889    0.125271 
1.681893    0.125881 
1.685898    0.126491 
1.689902    0.127102 
1.693907    0.127713 
1.697911    0.128325 
1.701916    0.128937 
1.705920    0.129550 
1.709925    0.130163 
1.713929    0.130776 
1.717934    0.131390 
1.721938    0.132004 
1.725943    0.132619 
1.729947    0.133234 
1.733952    0.133849 
1.737956    0.134465 
1.741961    0.135081 
1.745966    0.135697 
1.749970    0.136314 
1.753975    0.136931 
1.757979    0.137549 
1.761984    0.138167 
1.765988    0.138785 
1.769993    0.139404 
1.773997    0.140023 
1.778002    0.140642 
1.782006    0.141262 
1.786011    0.141882 
1.790015    0.142502 
1.794020    0.143123 
1.798024    0.143744 
1.802029    0.144365 
1.806033    0.144987 
1.810038    0.145609 
1.814042    0.146231 
1.818047    0.146853 
1.822051    0.147476 
1.826056    0.148099 
1.830060    0.148723 
1.834065    0.149346 
1.838069    0.149970 
1.842074    0.150595 
1.846078    0.151219 
1.850083    0.151844 
1.854087    0.152469 
1.858092    0.153094 
1.862096    0.153720 
1.866101    0.154346 
1.870105    0.154972 
1.874110    0.155598 
1.878114    0.156225 
1.882119    0.156852 
1.886123    0.157479 
1.890128    0.158106 
1.894132    0.158734 
1.898137    0.159361 
1.902141    0.159989 
1.906146    0.160618 
1.910150    0.161246 
1.914155    0.161875 
1.918159    0.162503 
1.922164    0.163132 
1.926168    0.163762 
1.930173    0.164391 
1.934177    0.165021 
1.938182    0.165651 
1.942186    0.166281 
1.946191    0.166911 
1.950195    0.167541 
1.954200    0.168172 
1.958204    0.168802 
1.962209    0.169433 
1.966213    0.170064 
1.970218    0.170696 
1.974222    0.171327 
1.978227    0.171959 
1.982231    0.172590 
1.986236    0.173222 
1.990241    0.173854 
1.994245    0.174486 
1.998250    0.175119 
2.002254    0.175751 
2.006259    0.176384 
2.010263    0.177016 
2.014268    0.177649 
2.018272    0.178282 
2.022277    0.178915 
2.026281    0.179548 
2.030286    0.180181 
2.034290    0.180815 
2.038295    0.181448 
2.042299    0.182082 
2.046304    0.182716 
2.050308    0.183349 
2.054313    0.183983 
2.058317    0.184617 
2.062322    0.185251 
2.066326    0.185886 
2.070331    0.186520 
2.074335    0.187154 
2.078340    0.187789 
2.082344    0.188423 
2.086349    0.189058 
2.090353    0.189692 
2.094358    0.190327 
2.098362    0.190962 
2.102367    0.191597 
2.106371    0.192231 
2.110376    0.192866 
2.114380    0.193501 
2.118385    0.194136 
2.122389    0.194771 
2.126394    0.195406 
2.130398    0.196042 
2.134403    0.196677 
2.138407    0.197312 
2.142412    0.197947 
2.146416    0.198582 
2.150421    0.199218 
2.154425    0.199853 
2.158430    0.200488 
2.162434    0.201124 
2.166439    0.201759 
2.170443    0.202394 
2.174448    0.203030 
2.178452    0.203665 
2.182457    0.204300 
2.186461    0.204936 
2.190466    0.205571 
2.194470    0.206206 
2.198475    0.206842 
2.202479    0.207477 
2.206484    0.208112 
2.210488    0.208748 
2.214493    0.209383 
2.218497    0.210018 
2.222502    0.210653 
2.226506    0.211289 
2.230511    0.211924 
2.234515    0.212559 
2.238520    0.213194 
2.242525    0.213829 
2.246529    0.214464 
2.250534    0.215099 
2.254538    0.215734 
2.258543    0.216369 
2.262547    0.217004 
2.266552    0.217638 
2.270556    0.218273 
2.274561    0.218908 
2.278565    0.219542 
2.282570    0.220177 
2.286574    0.220811 
2.290579    0.221446 
2.294583    0.222080 
2.298588    0.222714 
2.302592    0.223348 
2.306597    0.223982 
2.310601    0.224616 
2.314606    0.225250 
2.318610    0.225884 
2.322615    0.226518 
2.326619    0.227151 
2.330624    0.227785 
2.334628    0.228418 
2.338633    0.229052 
2.342637    0.229685 
2.346642    0.230318 
2.350646    0.230951 
2.354651    0.231584 
2.358655    0.232217 
2.362660    0.232849 
2.366664    0.233482 
2.370669    0.234114 
2.374673    0.234747 
2.378678    0.235379 
2.382682    0.236011 
2.386687    0.236643 
2.390691    0.237275 
2.394696    0.237907 
2.398700    0.238538 
2.402705    0.239170 
2.406709    0.239801 
2.410714    0.240432 
2.414718    0.241063 
2.418723    0.241694 
2.422727    0.242325 
2.426732    0.242955 
2.430736    0.243585 
2.434741    0.244216 
2.438745    0.244846 
2.442750    0.245476 
2.446754    0.246105 
2.450759    0.246735 
2.454763    0.247365 
2.458768    0.247994 
2.462772    0.248623 
2.466777    0.249252 
2.470781    0.249881 
2.474786    0.250509 
2.478790    0.251138 
2.482795    0.251766 
2.486800    0.252394 
2.490804    0.253022 
2.494809    0.253649 
2.498813    0.254277 
2.502818    0.254904 
2.506822    0.255531 
2.510827    0.256158 
2.514831    0.256785 
2.518836    0.257411 
2.522840    0.258038 
2.526845    0.258664 
2.530849    0.259290 
2.534854    0.259915 
2.538858    0.260541 
2.542863    0.261166 
2.546867    0.261791 
2.550872    0.262416 
2.554876    0.263041 
2.558881    0.263665 
2.562885    0.264289 
2.566890    0.264913 
2.570894    0.265537 
2.574899    0.266161 
2.578903    0.266784 
2.582908    0.267407 
2.586912    0.268030 
2.590917    0.268652 
2.594921    0.269275 
2.598926    0.269897 
2.602930    0.270519 
2.606935    0.271140 
2.610939    0.271762 
2.614944    0.272383 
2.618948    0.273004 
2.622953    0.273624 
2.626957    0.274245 
2.630962    0.274865 
2.634966    0.275485 
2.638971    0.276105 
2.642975    0.276724 
2.646980    0.277343 
2.650984    0.277962 
2.654989    0.278581 
2.658993    0.279199 
2.662998    0.279817 
2.667002    0.280435 
2.671007    0.281052 
2.675011    0.281670 
2.679016    0.282287 
2.683020    0.282903 
2.687025    0.283520 
2.691029    0.284136 
2.695034    0.284752 
2.699038    0.285367 
2.703043    0.285983 
2.707047    0.286598 
2.711052    0.287213 
2.715056    0.287827 
2.719061    0.288441 
2.723065    0.289055 
2.727070    0.289669 
2.731074    0.290282 
2.735079    0.290895 
2.739084    0.291508 
2.743088    0.292120 
2.747093    0.292732 
2.751097    0.293344 
2.755102    0.293955 
2.759106    0.294567 
2.763111    0.295178 
2.767115    0.295788 
2.771120    0.296398 
2.775124    0.297008 
2.779129    0.297618 
2.783133    0.298227 
2.787138    0.298836 
2.791142    0.299445 
2.795147    0.300053 
2.799151    0.300661 
2.803156    0.301269 
2.807160    0.301877 
2.811165    0.302484 
2.815169    0.303090 
2.819174    0.303697 
2.823178    0.304303 
2.827183    0.304909 
2.831187    0.305514 
2.835192    0.306119 
2.839196    0.306724 
2.843201    0.307328 
2.847205    0.307932 
2.851210    0.308536 
2.855214    0.309139 
2.859219    0.309743 
2.863223    0.310345 
2.867228    0.310948 
2.871232    0.311550 
2.875237    0.312151 
2.879241    0.312753 
2.883246    0.313354 
2.887250    0.313954 
2.891255    0.314554 
2.895259    0.315154 
2.899264    0.315754 
2.903268    0.316353 
2.907273    0.316952 
2.911277    0.317550 
2.915282    0.318148 
2.919286    0.318746 
2.923291    0.319344 
2.927295    0.319941 
2.931300    0.320537 
2.935304    0.321133 
2.939309    0.321729 
2.943313    0.322325 
2.947318    0.322920 
2.951322    0.323515 
2.955327    0.324109 
2.959331    0.324703 
2.963336    0.325297 
2.967340    0.325890 
2.971345    0.326483 
2.975349    0.327076 
2.979354    0.327668 
2.983359    0.328260 
2.987363    0.328851 
2.991368    0.329442 
2.995372    0.330032 
2.999377    0.330623 
3.003381    0.331212 
3.007386    0.331802 
3.011390    0.332391 
3.015395    0.332980 
3.019399    0.333568 
3.023404    0.334156 
3.027408    0.334743 
3.031413    0.335330 
3.035417    0.335917 
3.039422    0.336503 
3.043426    0.337089 
3.047431    0.337674 
3.051435    0.338259 
3.055440    0.338844 
3.059444    0.339428 
3.063449    0.340012 
3.067453    0.340596 
3.071458    0.341179 
3.075462    0.341761 
3.079467    0.342343 
3.083471    0.342925 
3.087476    0.343506 
3.091480    0.344087 
3.095485    0.344668 
3.099489    0.345248 
3.103494    0.345828 
3.107498    0.346407 
3.111503    0.346986 
3.115507    0.347564 
3.119512    0.348142 
3.123516    0.348720 
3.127521    0.349297 
3.131525    0.349874 
3.135530    0.350450 
3.139534    0.351026 
3.143539    0.351601 
3.147543    0.352176 
3.151548    0.352751 
3.155552    0.353325 
3.159557    0.353899 
3.163561    0.354472 
3.167566    0.355045 
3.171570    0.355618 
3.175575    0.356190 
3.179579    0.356761 
3.183584    0.357332 
3.187588    0.357903 
3.191593    0.358473 
3.195597    0.359043 
3.199602    0.359612 
3.203606    0.360181 
3.207611    0.360750 
3.211615    0.361318 
3.215620    0.361885 
3.219624    0.362453 
3.223629    0.363019 
3.227633    0.363585 
3.231638    0.364151 
3.235643    0.364717 
3.239647    0.365282 
3.243652    0.365846 
3.247656    0.366410 
3.251661    0.366974 
3.255665    0.367537 
3.259670    0.368099 
3.263674    0.368661 
3.267679    0.369223 
3.271683    0.369784 
3.275688    0.370345 
3.279692    0.370906 
3.283697    0.371465 
3.287701    0.372025 
3.291706    0.372584 
3.295710    0.373142 
3.299715    0.373700 
3.303719    0.374258 
3.307724    0.374815 
3.311728    0.375372 
3.315733    0.375928 
3.319737    0.376484 
3.323742    0.377039 
3.327746    0.377594 
3.331751    0.378148 
3.335755    0.378702 
3.339760    0.379255 
3.343764    0.379808 
3.347769    0.380360 
3.351773    0.380912 
3.355778    0.381464 
3.359782    0.382015 
3.363787    0.382565 
3.367791    0.383115 
3.371796    0.383665 
3.375800    0.384214 
3.379805    0.384763 
3.383809    0.385311 
3.387814    0.385859 
3.391818    0.386406 
3.395823    0.386952 
3.399827    0.387499 
3.403832    0.388044 
3.407836    0.388590 
3.411841    0.389134 
3.415845    0.389679 
3.419850    0.390222 
3.423854    0.390766 
3.427859    0.391309 
3.431863    0.391851 
3.435868    0.392393 
3.439872    0.392934 
3.443877    0.393475 
3.447881    0.394015 
3.451886    0.394555 
3.455890    0.395095 
3.459895    0.395634 
3.463899    0.396172 
3.467904    0.396710 
3.471908    0.397247 
3.475913    0.397784 
3.479918    0.398321 
3.483922    0.398857 
3.487927    0.399392 
3.491931    0.399927 
3.495936    0.400462 
3.499940    0.400996 
3.503945    0.401529 
3.507949    0.402062 
3.511954    0.402595 
3.515958    0.403127 
3.519963    0.403658 
3.523967    0.404189 
3.527972    0.404719 
3.531976    0.405249 
3.535981    0.405779 
3.539985    0.406308 
3.543990    0.406836 
3.547994    0.407364 
3.551999    0.407892 
3.556003    0.408419 
3.560008    0.408945 
3.564012    0.409471 
3.568017    0.409997 
3.572021    0.410521 
3.576026    0.411046 
3.580030    0.411570 
3.584035    0.412093 
3.588039    0.412616 
3.592044    0.413138 
3.596048    0.413660 
3.600053    0.414182 
3.604057    0.414703 
3.608062    0.415223 
3.612066    0.415743 
3.616071    0.416262 
3.620075    0.416781 
3.624080    0.417299 
3.628084    0.417817 
3.632089    0.418334 
3.636093    0.418851 
3.640098    0.419367 
3.644102    0.419883 
3.648107    0.420398 
3.652111    0.420913 
3.656116    0.421427 
3.660120    0.421941 
3.664125    0.422454 
3.668129    0.422967 
3.672134    0.423479 
3.676138    0.423990 
3.680143    0.424501 
3.684147    0.425012 
3.688152    0.425522 
3.692156    0.426031 
3.696161    0.426540 
3.700165    0.427049 
3.704170    0.427557 
3.708174    0.428064 
3.712179    0.428571 
3.716183    0.429078 
3.720188    0.429583 
3.724192    0.430089 
3.728197    0.430594 
3.732202    0.431098 
3.736206    0.431602 
3.740211    0.432105 
3.744215    0.432608 
3.748220    0.433110 
3.752224    0.433612 
3.756229    0.434113 
3.760233    0.434613 
3.764238    0.435113 
3.768242    0.435613 
3.772247    0.436112 
3.776251    0.436611 
3.780256    0.437109 
3.784260    0.437606 
3.788265    0.438103 
3.792269    0.438599 
3.796274    0.439095 
3.800278    0.439591 
3.804283    0.440086 
3.808287    0.440580 
3.812292    0.441074 
3.816296    0.441567 
3.820301    0.442060 
3.824305    0.442552 
3.828310    0.443043 
3.832314    0.443535 
3.836319    0.444025 
3.840323    0.444515 
3.844328    0.445005 
3.848332    0.445494 
3.852337    0.445982 
3.856341    0.446470 
3.860346    0.446958 
3.864350    0.447444 
3.868355    0.447931 
3.872359    0.448417 
3.876364    0.448902 
3.880368    0.449387 
3.884373    0.449871 
3.888377    0.450354 
3.892382    0.450838 
3.896386    0.451320 
3.900391    0.451802 
3.904395    0.452284 
3.908400    0.452765 
3.912404    0.453245 
3.916409    0.453725 
3.920413    0.454205 
3.924418    0.454683 
3.928422    0.455162 
3.932427    0.455640 
3.936431    0.456117 
3.940436    0.456593 
3.944440    0.457070 
3.948445    0.457545 
3.952449    0.458020 
3.956454    0.458495 
3.960458    0.458969 
3.964463    0.459443 
3.968467    0.459916 
3.972472    0.460388 
3.976477    0.460860 
3.980481    0.461331 
3.984486    0.461802 
3.988490    0.462272 
3.992495    0.462742 
3.996499    0.463211 
4.000504    0.463680 
4.004508    0.464148 
4.008513    0.464616 
4.012517    0.465083 
4.016522    0.465549 
4.020526    0.466015 
4.024531    0.466481 
4.028535    0.466945 
4.032540    0.467410 
4.036544    0.467874 
4.040549    0.468337 
4.044553    0.468800 
4.048558    0.469262 
4.052562    0.469724 
4.056567    0.470185 
4.060571    0.470645 
4.064576    0.471105 
4.068580    0.471565 
4.072585    0.472024 
4.076589    0.472482 
4.080594    0.472940 
4.084598    0.473397 
4.088603    0.473854 
4.092607    0.474311 
4.096612    0.474766 
4.100616    0.475221 
4.104621    0.475676 
4.108625    0.476130 
4.112630    0.476584 
4.116634    0.477037 
4.120639    0.477489 
4.124643    0.477941 
4.128648    0.478393 
4.132652    0.478844 
4.136657    0.479294 
4.140661    0.479744 
4.144666    0.480193 
4.148670    0.480642 
4.152675    0.481090 
4.156679    0.481537 
4.160684    0.481985 
4.164688    0.482431 
4.168693    0.482877 
4.172697    0.483323 
4.176702    0.483768 
4.180706    0.484212 
4.184711    0.484656 
4.188715    0.485099 
4.192720    0.485542 
4.196724    0.485984 
4.200729    0.486426 
4.204733    0.486867 
4.208738    0.487308 
4.212742    0.487748 
4.216747    0.488187 
4.220751    0.488626 
4.224756    0.489065 
4.228761    0.489503 
4.232765    0.489940 
4.236770    0.490377 
4.240774    0.490813 
4.244779    0.491249 
4.248783    0.491684 
4.252788    0.492119 
4.256792    0.492553 
4.260797    0.492987 
4.264801    0.493420 
4.268806    0.493852 
4.272810    0.494284 
4.276815    0.494716 
4.280819    0.495147 
4.284824    0.495577 
4.288828    0.496007 
4.292833    0.496436 
4.296837    0.496865 
4.300842    0.497293 
4.304846    0.497721 
4.308851    0.498148 
4.312855    0.498575 
4.316860    0.499001 
4.320864    0.499426 
4.324869    0.499851 
4.328873    0.500276 
4.332878    0.500700 
4.336882    0.501123 
4.340887    0.501546 
4.344891    0.501968 
4.348896    0.502390 
4.352900    0.502811 
4.356905    0.503232 
4.360909    0.503652 
4.364914    0.504072 
4.368918    0.504491 
4.372923    0.504909 
4.376927    0.505327 
4.380932    0.505745 
4.384936    0.506162 
4.388941    0.506578 
4.392945    0.506994 
4.396950    0.507410 
4.400954    0.507824 
4.404959    0.508239 
4.408963    0.508652 
4.412968    0.509066 
4.416972    0.509478 
4.420977    0.509890 
4.424981    0.510302 
4.428986    0.510713 
4.432990    0.511124 
4.436995    0.511534 
4.440999    0.511943 
4.445004    0.512352 
4.449008    0.512761 
4.453013    0.513168 
4.457017    0.513576 
4.461022    0.513983 
4.465026    0.514389 
4.469031    0.514795 
4.473036    0.515200 
4.477040    0.515605 
4.481045    0.516009 
4.485049    0.516412 
4.489054    0.516816 
4.493058    0.517218 
4.497063    0.517620 
4.501067    0.518022 
4.505072    0.518423 
4.509076    0.518823 
4.513081    0.519223 
4.517085    0.519622 
4.521090    0.520021 
4.525094    0.520420 
4.529099    0.520817 
4.533103    0.521215 
4.537108    0.521611 
4.541112    0.522008 
4.545117    0.522403 
4.549121    0.522798 
4.553126    0.523193 
4.557130    0.523587 
4.561135    0.523981 
4.565139    0.524374 
4.569144    0.524766 
4.573148    0.525158 
4.577153    0.525550 
4.581157    0.525941 
4.585162    0.526331 
4.589166    0.526721 
4.593171    0.527111 
4.597175    0.527499 
4.601180    0.527888 
4.605184    0.528276 
4.609189    0.528663 
4.613193    0.529050 
4.617198    0.529436 
4.621202    0.529821 
4.625207    0.530207 
4.629211    0.530591 
4.633216    0.530975 
4.637220    0.531359 
4.641225    0.531742 
4.645229    0.532125 
4.649234    0.532507 
4.653238    0.532888 
4.657243    0.533269 
4.661247    0.533650 
4.665252    0.534030 
4.669256    0.534409 
4.673261    0.534788 
4.677265    0.535167 
4.681270    0.535545 
4.685274    0.535922 
4.689279    0.536299 
4.693283    0.536675 
4.697288    0.537051 
4.701292    0.537426 
4.705297    0.537801 
4.709301    0.538175 
4.713306    0.538549 
4.717310    0.538922 
4.721315    0.539295 
4.725320    0.539667 
4.729324    0.540039 
4.733329    0.540410 
4.737333    0.540781 
4.741338    0.541151 
4.745342    0.541520 
4.749347    0.541890 
4.753351    0.542258 
4.757356    0.542626 
4.761360    0.542994 
4.765365    0.543361 
4.769369    0.543727 
4.773374    0.544094 
4.777378    0.544459 
4.781383    0.544824 
4.785387    0.545189 
4.789392    0.545553 
4.793396    0.545916 
4.797401    0.546279 
4.801405    0.546641 
4.805410    0.547003 
4.809414    0.547365 
4.813419    0.547726 
4.817423    0.548086 
4.821428    0.548446 
4.825432    0.548806 
4.829437    0.549164 
4.833441    0.549523 
4.837446    0.549881 
4.841450    0.550238 
4.845455    0.550595 
4.849459    0.550951 
4.853464    0.551307 
4.857468    0.551663 
4.861473    0.552017 
4.865477    0.552372 
4.869482    0.552726 
4.873486    0.553079 
4.877491    0.553432 
4.881495    0.553784 
4.885500    0.554136 
4.889504    0.554487 
4.893509    0.554838 
4.897513    0.555189 
4.901518    0.555538 
4.905522    0.555888 
4.909527    0.556237 
4.913531    0.556585 
4.917536    0.556933 
4.921540    0.557280 
4.925545    0.557627 
4.929549    0.557973 
4.933554    0.558319 
4.937558    0.558664 
4.941563    0.559009 
4.945567    0.559353 
4.949572    0.559697 
4.953576    0.560041 
4.957581    0.560384 
4.961585    0.560726 
4.965590    0.561068 
4.969595    0.561409 
4.973599    0.561750 
4.977604    0.562090 
4.981608    0.562430 
4.985613    0.562770 
4.989617    0.563109 
4.993622    0.563447 
4.997626    0.563785 
5.001631    0.564122 
5.005635    0.564459 
5.009640    0.564796 
5.013644    0.565132 
5.017649    0.565467 
5.021653    0.565802 
5.025658    0.566137 
5.029662    0.566471 
5.033667    0.566804 
5.037671    0.567137 
5.041676    0.567470 
5.045680    0.567802 
5.049685    0.568133 
5.053689    0.568464 
5.057694    0.568795 
5.061698    0.569125 
5.065703    0.569454 
5.069707    0.569784 
5.073712    0.570112 
5.077716    0.570440 
5.081721    0.570768 
5.085725    0.571095 
5.089730    0.571422 
5.093734    0.571748 
5.097739    0.572074 
5.101743    0.572399 
5.105748    0.572724 
5.109752    0.573048 
5.113757    0.573372 
5.117761    0.573695 
5.121766    0.574018 
5.125770    0.574341 
5.129775    0.574663 
5.133779    0.574984 
5.137784    0.575305 
5.141788    0.575625 
5.145793    0.575945 
5.149797    0.576265 
5.153802    0.576584 
5.157806    0.576902 
5.161811    0.577221 
5.165815    0.577538 
5.169820    0.577855 
5.173824    0.578172 
5.177829    0.578488 
5.181833    0.578804 
5.185838    0.579119 
5.189842    0.579434 
5.193847    0.579748 
5.197851    0.580062 
5.201856    0.580375 
5.205860    0.580688 
5.209865    0.581001 
5.213869    0.581313 
5.217874    0.581624 
5.221879    0.581935 
5.225883    0.582246 
5.229888    0.582556 
5.233892    0.582865 
5.237897    0.583174 
5.241901    0.583483 
5.245906    0.583791 
5.249910    0.584099 
5.253915    0.584406 
5.257919    0.584713 
5.261924    0.585019 
5.265928    0.585325 
5.269933    0.585631 
5.273937    0.585936 
5.277942    0.586240 
5.281946    0.586544 
5.285951    0.586848 
5.289955    0.587151 
5.293960    0.587453 
5.297964    0.587756 
5.301969    0.588057 
5.305973    0.588358 
5.309978    0.588659 
5.313982    0.588960 
5.317987    0.589259 
5.321991    0.589559 
5.325996    0.589858 
5.330000    0.590156 
5.334005    0.590454 
5.338009    0.590752 
5.342014    0.591049 
5.346018    0.591346 
5.350023    0.591642 
5.354027    0.591938 
5.358032    0.592233 
5.362036    0.592528 
5.366041    0.592822 
5.370045    0.593116 
5.374050    0.593410 
5.378054    0.593703 
5.382059    0.593996 
5.386063    0.594288 
5.390068    0.594579 
5.394072    0.594871 
5.398077    0.595161 
5.402081    0.595452 
5.406086    0.595742 
5.410090    0.596031 
5.414095    0.596320 
5.418099    0.596609 
5.422104    0.596897 
5.426108    0.597185 
5.430113    0.597472 
5.434117    0.597759 
5.438122    0.598045 
5.442126    0.598331 
5.446131    0.598616 
5.450135    0.598901 
5.454140    0.599186 
5.458144    0.599470 
5.462149    0.599754 
5.466154    0.600037 
5.470158    0.600320 
5.474163    0.600602 
5.478167    0.600884 
5.482172    0.601165 
5.486176    0.601446 
5.490181    0.601727 
5.494185    0.602007 
5.498190    0.602287 
5.502194    0.602566 
5.506199    0.602845 
5.510203    0.603123 
5.514208    0.603401 
5.518212    0.603679 
5.522217    0.603956 
5.526221    0.604233 
5.530226    0.604509 
5.534230    0.604785 
5.538235    0.605060 
5.542239    0.605335 
5.546244    0.605610 
5.550248    0.605884 
5.554253    0.606157 
5.558257    0.606431 
5.562262    0.606703 
5.566266    0.606976 
5.570271    0.607248 
5.574275    0.607519 
5.578280    0.607790 
5.582284    0.608061 
5.586289    0.608331 
5.590293    0.608601 
5.594298    0.608870 
5.598302    0.609139 
5.602307    0.609408 
5.606311    0.609676 
5.610316    0.609943 
5.614320    0.610210 
5.618325    0.610477 
5.622329    0.610744 
5.626334    0.611010 
5.630338    0.611275 
5.634343    0.611540 
5.638347    0.611805 
5.642352    0.612069 
5.646356    0.612333 
5.650361    0.612597 
5.654365    0.612860 
5.658370    0.613122 
5.662374    0.613384 
5.666379    0.613646 
5.670383    0.613907 
5.674388    0.614168 
5.678392    0.614429 
5.682397    0.614689 
5.686401    0.614949 
5.690406    0.615208 
5.694410    0.615467 
5.698415    0.615725 
5.702419    0.615983 
5.706424    0.616241 
5.710428    0.616498 
5.714433    0.616755 
5.718438    0.617011 
5.722442    0.617267 
5.726447    0.617523 
5.730451    0.617778 
5.734456    0.618033 
5.738460    0.618287 
5.742465    0.618541 
5.746469    0.618794 
5.750474    0.619047 
5.754478    0.619300 
5.758483    0.619552 
5.762487    0.619804 
5.766492    0.620056 
5.770496    0.620307 
5.774501    0.620557 
5.778505    0.620808 
5.782510    0.621057 
5.786514    0.621307 
5.790519    0.621556 
5.794523    0.621805 
5.798528    0.622053 
5.802532    0.622301 
5.806537    0.622548 
5.810541    0.622795 
5.814546    0.623042 
5.818550    0.623288 
5.822555    0.623534 
5.826559    0.623779 
5.830564    0.624024 
5.834568    0.624269 
5.838573    0.624513 
5.842577    0.624757 
5.846582    0.625000 
5.850586    0.625243 
5.854591    0.625486 
5.858595    0.625728 
5.862600    0.625970 
5.866604    0.626212 
5.870609    0.626453 
5.874613    0.626693 
5.878618    0.626934 
5.882622    0.627174 
5.886627    0.627413 
5.890631    0.627652 
5.894636    0.627891 
5.898640    0.628129 
5.902645    0.628367 
5.906649    0.628605 
5.910654    0.628842 
5.914658    0.629079 
5.918663    0.629315 
5.922667    0.629551 
5.926672    0.629787 
5.930676    0.630022 
5.934681    0.630257 
5.938685    0.630491 
5.942690    0.630725 
5.946694    0.630959 
5.950699    0.631192 
5.954703    0.631425 
5.958708    0.631658 
5.962713    0.631890 
5.966717    0.632122 
5.970722    0.632353 
5.974726    0.632584 
5.978731    0.632815 
5.982735    0.633045 
5.986740    0.633275 
5.990744    0.633504 
5.994749    0.633733 
5.998753    0.633962 
6.002758    0.634191 
6.006762    0.634419 
6.010767    0.634646 
6.014771    0.634873 
6.018776    0.635100 
6.022780    0.635327 
6.026785    0.635553 
6.030789    0.635778 
6.034794    0.636004 
6.038798    0.636229 
6.042803    0.636453 
6.046807    0.636678 
6.050812    0.636901 
6.054816    0.637125 
6.058821    0.637348 
6.062825    0.637571 
6.066830    0.637793 
6.070834    0.638015 
6.074839    0.638237 
6.078843    0.638458 
6.082848    0.638679 
6.086852    0.638899 
6.090857    0.639120 
6.094861    0.639339 
6.098866    0.639559 
6.102870    0.639778 
6.106875    0.639997 
6.110879    0.640215 
6.114884    0.640433 
6.118888    0.640650 
6.122893    0.640868 
6.126897    0.641085 
6.130902    0.641301 
6.134906    0.641517 
6.138911    0.641733 
6.142915    0.641948 
6.146920    0.642163 
6.150924    0.642378 
6.154929    0.642592 
6.158933    0.642806 
6.162938    0.643020 
6.166942    0.643233 
6.170947    0.643446 
6.174951    0.643659 
6.178956    0.643871 
6.182960    0.644083 
6.186965    0.644294 
6.190969    0.644505 
6.194974    0.644716 
6.198978    0.644926 
6.202983    0.645137 
6.206987    0.645346 
6.210992    0.645556 
6.214997    0.645765 
6.219001    0.645973 
6.223006    0.646181 
6.227010    0.646389 
6.231015    0.646597 
6.235019    0.646804 
6.239024    0.647011 
6.243028    0.647218 
6.247033    0.647424 
6.251037    0.647630 
6.255042    0.647835 
6.259046    0.648040 
6.263051    0.648245 
6.267055    0.648449 
6.271060    0.648654 
6.275064    0.648857 
6.279069    0.649061 
6.283073    0.649264 
6.287078    0.649466 
6.291082    0.649669 
6.295087    0.649871 
6.299091    0.650073 
6.303096    0.650274 
6.307100    0.650475 
6.311105    0.650676 
6.315109    0.650876 
6.319114    0.651076 
6.323118    0.651275 
6.327123    0.651475 
6.331127    0.651674 
6.335132    0.651872 
6.339136    0.652071 
6.343141    0.652268 
6.347145    0.652466 
6.351150    0.652663 
6.355154    0.652860 
6.359159    0.653057 
6.363163    0.653253 
6.367168    0.653449 
6.371172    0.653645 
6.375177    0.653840 
6.379181    0.654035 
6.383186    0.654229 
6.387190    0.654423 
6.391195    0.654617 
6.395199    0.654811 
6.399204    0.655004 
6.403208    0.655197 
6.407213    0.655390 
6.411217    0.655582 
6.415222    0.655774 
6.419226    0.655965 
6.423231    0.656157 
6.427235    0.656347 
6.431240    0.656538 
6.435244    0.656728 
6.439249    0.656918 
6.443253    0.657108 
6.447258    0.657297 
6.451262    0.657486 
6.455267    0.657675 
6.459272    0.657863 
6.463276    0.658051 
6.467281    0.658239 
6.471285    0.658426 
6.475290    0.658613 
6.479294    0.658800 
6.483299    0.658986 
6.487303    0.659172 
6.491308    0.659358 
6.495312    0.659543 
6.499317    0.659728 
6.503321    0.659913 
6.507326    0.660097 
6.511330    0.660282 
6.515335    0.660465 
6.519339    0.660649 
6.523344    0.660832 
6.527348    0.661015 
6.531353    0.661197 
6.535357    0.661379 
6.539362    0.661561 
6.543366    0.661743 
6.547371    0.661924 
6.551375    0.662105 
6.555380    0.662286 
6.559384    0.662466 
6.563389    0.662646 
6.567393    0.662826 
6.571398    0.663005 
6.575402    0.663184 
6.579407    0.663363 
6.583411    0.663541 
6.587416    0.663719 
6.591420    0.663897 
6.595425    0.664075 
6.599429    0.664252 
6.603434    0.664429 
6.607438    0.664605 
6.611443    0.664781 
6.615447    0.664957 
6.619452    0.665133 
6.623456    0.665308 
6.627461    0.665483 
6.631465    0.665658 
6.635470    0.665832 
6.639474    0.666007 
6.643479    0.666180 
6.647483    0.666354 
6.651488    0.666527 
6.655492    0.666700 
6.659497    0.666872 
6.663501    0.667045 
6.667506    0.667217 
6.671510    0.667388 
6.675515    0.667560 
6.679519    0.667731 
6.683524    0.667901 
6.687528    0.668072 
6.691533    0.668242 
6.695537    0.668412 
6.699542    0.668581 
6.703546    0.668751 
6.707551    0.668920 
6.711556    0.669088 
6.715560    0.669257 
6.719565    0.669425 
6.723569    0.669592 
6.727574    0.669760 
6.731578    0.669927 
6.735583    0.670094 
6.739587    0.670261 
6.743592    0.670427 
6.747596    0.670593 
6.751601    0.670758 
6.755605    0.670924 
6.759610    0.671089 
6.763614    0.671254 
6.767619    0.671418 
6.771623    0.671582 
6.775628    0.671746 
6.779632    0.671910 
6.783637    0.672073 
6.787641    0.672236 
6.791646    0.672399 
6.795650    0.672562 
6.799655    0.672724 
6.803659    0.672886 
6.807664    0.673047 
6.811668    0.673209 
6.815673    0.673370 
6.819677    0.673530 
6.823682    0.673691 
6.827686    0.673851 
6.831691    0.674011 
6.835695    0.674170 
6.839700    0.674330 
6.843704    0.674489 
6.847709    0.674648 
6.851713    0.674806 
6.855718    0.674964 
6.859722    0.675122 
6.863727    0.675280 
6.867731    0.675437 
6.871736    0.675594 
6.875740    0.675751 
6.879745    0.675907 
6.883749    0.676063 
6.887754    0.676219 
6.891758    0.676375 
6.895763    0.676530 
6.899767    0.676685 
6.903772    0.676840 
6.907776    0.676995 
6.911781    0.677149 
6.915785    0.677303 
6.919790    0.677456 
6.923794    0.677610 
6.927799    0.677763 
6.931803    0.677916 
6.935808    0.678068 
6.939812    0.678221 
6.943817    0.678373 
6.947821    0.678524 
6.951826    0.678676 
6.955831    0.678827 
6.959835    0.678978 
6.963840    0.679129 
6.967844    0.679279 
6.971849    0.679429 
6.975853    0.679579 
6.979858    0.679728 
6.983862    0.679878 
6.987867    0.680027 
6.991871    0.680175 
6.995876    0.680324 
6.999880    0.680472 
7.003885    0.680620 
7.007889    0.680768 
7.011894    0.680915 
7.015898    0.681062 
7.019903    0.681209 
7.023907    0.681356 
7.027912    0.681502 
7.031916    0.681648 
7.035921    0.681794 
7.039925    0.681939 
7.043930    0.682085 
7.047934    0.682230 
7.051939    0.682374 
7.055943    0.682519 
7.059948    0.682663 
7.063952    0.682807 
7.067957    0.682950 
7.071961    0.683094 
7.075966    0.683237 
7.079970    0.683380 
7.083975    0.683522 
7.087979    0.683665 
7.091984    0.683807 
7.095988    0.683949 
7.099993    0.684090 
7.103997    0.684232 
7.108002    0.684373 
7.112006    0.684513 
7.116011    0.684654 
7.120015    0.684794 
7.124020    0.684934 
7.128024    0.685074 
7.132029    0.685213 
7.136033    0.685353 
7.140038    0.685492 
7.144042    0.685630 
7.148047    0.685769 
7.152051    0.685907 
7.156056    0.686045 
7.160060    0.686183 
7.164065    0.686320 
7.168069    0.686457 
7.172074    0.686594 
7.176078    0.686731 
7.180083    0.686867 
7.184087    0.687004 
7.188092    0.687139 
7.192096    0.687275 
7.196101    0.687410 
7.200105    0.687546 
7.204110    0.687681 
7.208115    0.687815 
7.212119    0.687950 
7.216124    0.688084 
7.220128    0.688218 
7.224133    0.688351 
7.228137    0.688485 
7.232142    0.688618 
7.236146    0.688751 
7.240151    0.688883 
7.244155    0.689016 
7.248160    0.689148 
7.252164    0.689280 
7.256169    0.689412 
7.260173    0.689543 
7.264178    0.689674 
7.268182    0.689805 
7.272187    0.689936 
7.276191    0.690066 
7.280196    0.690196 
7.284200    0.690326 
7.288205    0.690456 
7.292209    0.690586 
7.296214    0.690715 
7.300218    0.690844 
7.304223    0.690973 
7.308227    0.691101 
7.312232    0.691229 
7.316236    0.691357 
7.320241    0.691485 
7.324245    0.691613 
7.328250    0.691740 
7.332254    0.691867 
7.336259    0.691994 
7.340263    0.692120 
7.344268    0.692247 
7.348272    0.692373 
7.352277    0.692499 
7.356281    0.692624 
7.360286    0.692750 
7.364290    0.692875 
7.368295    0.693000 
7.372299    0.693124 
7.376304    0.693249 
7.380308    0.693373 
7.384313    0.693497 
7.388317    0.693621 
7.392322    0.693744 
7.396326    0.693867 
7.400331    0.693990 
7.404335    0.694113 
7.408340    0.694236 
7.412344    0.694358 
7.416349    0.694480 
7.420353    0.694602 
7.424358    0.694723 
7.428362    0.694845 
7.432367    0.694966 
7.436371    0.695087 
7.440376    0.695208 
7.444380    0.695328 
7.448385    0.695448 
7.452390    0.695568 
7.456394    0.695688 
7.460399    0.695807 
7.464403    0.695927 
7.468408    0.696046 
7.472412    0.696165 
7.476417    0.696283 
7.480421    0.696402 
7.484426    0.696520 
7.488430    0.696638 
7.492435    0.696756 
7.496439    0.696873 
7.500444    0.696990 
7.504448    0.697107 
7.508453    0.697224 
7.512457    0.697341 
7.516462    0.697457 
7.520466    0.697573 
7.524471    0.697689 
7.528475    0.697805 
7.532480    0.697920 
7.536484    0.698035 
7.540489    0.698150 
7.544493    0.698265 
7.548498    0.698380 
7.552502    0.698494 
7.556507    0.698608 
7.560511    0.698722 
7.564516    0.698836 
7.568520    0.698949 
7.572525    0.699062 
7.576529    0.699175 
7.580534    0.699288 
7.584538    0.699401 
7.588543    0.699513 
7.592547    0.699625 
7.596552    0.699737 
7.600556    0.699849 
7.604561    0.699960 
7.608565    0.700072 
7.612570    0.700183 
7.616574    0.700293 
7.620579    0.700404 
7.624583    0.700514 
7.628588    0.700625 
7.632592    0.700735 
7.636597    0.700844 
7.640601    0.700954 
7.644606    0.701063 
7.648610    0.701172 
7.652615    0.701281 
7.656619    0.701390 
7.660624    0.701498 
7.664628    0.701606 
7.668633    0.701714 
7.672637    0.701822 
7.676642    0.701930 
7.680646    0.702037 
7.684651    0.702144 
7.688655    0.702251 
7.692660    0.702358 
7.696664    0.702465 
7.700669    0.702571 
7.704674    0.702677 
7.708678    0.702783 
7.712683    0.702889 
7.716687    0.702994 
7.720692    0.703099 
7.724696    0.703204 
7.728701    0.703309 
7.732705    0.703414 
7.736710    0.703518 
7.740714    0.703623 
7.744719    0.703727 
7.748723    0.703830 
7.752728    0.703934 
7.756732    0.704037 
7.760737    0.704141 
7.764741    0.704244 
7.768746    0.704346 
7.772750    0.704449 
7.776755    0.704551 
7.780759    0.704654 
7.784764    0.704755 
7.788768    0.704857 
7.792773    0.704959 
7.796777    0.705060 
7.800782    0.705161 
7.804786    0.705262 
7.808791    0.705363 
7.812795    0.705463 
7.816800    0.705564 
7.820804    0.705664 
7.824809    0.705764 
7.828813    0.705864 
7.832818    0.705963 
7.836822    0.706062 
7.840827    0.706161 
7.844831    0.706260 
7.848836    0.706359 
7.852840    0.706458 
7.856845    0.706556 
7.860849    0.706654 
7.864854    0.706752 
7.868858    0.706850 
7.872863    0.706947 
7.876867    0.707044 
7.880872    0.707142 
7.884876    0.707239 
7.888881    0.707335 
7.892885    0.707432 
7.896890    0.707528 
7.900894    0.707624 
7.904899    0.707720 
7.908903    0.707816 
7.912908    0.707911 
7.916912    0.708007 
7.920917    0.708102 
7.924921    0.708197 
7.928926    0.708292 
7.932930    0.708386 
7.936935    0.708481 
7.940939    0.708575 
7.944944    0.708669 
7.948949    0.708763 
7.952953    0.708856 
7.956958    0.708950 
7.960962    0.709043 
7.964967    0.709136 
7.968971    0.709229 
7.972976    0.709321 
7.976980    0.709414 
7.980985    0.709506 
7.984989    0.709598 
7.988994    0.709690 
7.992998    0.709782 
7.997003    0.709873 
8.001007    0.709964 
8.005012    0.710055 
