0.040025  0.999266   0.000734   
0.060038  0.998747   0.001253   
0.080050  0.998142   0.001858   
0.100063  0.997472   0.002528   
0.120075  0.996742   0.003258   
0.140088  0.995961   0.004039   
0.160100  0.995132   0.004868   
0.180113  0.994261   0.005739   
0.200125  0.993351   0.006649   
0.220138  0.992408   0.007592   
0.240150  0.991434   0.008566   
0.260163  0.990432   0.009568   
0.280175  0.989407   0.010593   
0.300188  0.988360   0.011640   
0.320200  0.987295   0.012705   
0.340213  0.986213   0.013787   
0.360226  0.985119   0.014881   
0.380238  0.984013   0.015987   
0.400251  0.982898   0.017102   
0.420263  0.981776   0.018224   
0.440276  0.980644   0.019356   
0.460288  0.979513   0.020487   
0.480301  0.978379   0.021621   
0.500313  0.977246   0.022754   
0.520326  0.976113   0.023887   
0.540338  0.974982   0.025018   
0.560351  0.973854   0.026146   
0.580363  0.972730   0.027270   
0.600376  0.971612   0.028388   
0.620388  0.970500   0.029500   
0.640401  0.969395   0.030605   
0.660413  0.968297   0.031703   
0.680426  0.967208   0.032792   
0.700439  0.966128   0.033872   
0.720451  0.965057   0.034943   
0.740464  0.963996   0.036004   
0.760476  0.962946   0.037054   
0.780489  0.961906   0.038094   
0.800501  0.960878   0.039122   
0.820514  0.959758   0.040242   
0.840526  0.958482   0.041518   
0.860539  0.957145   0.042855   
0.880551  0.955773   0.044227   
0.900564  0.954381   0.045619   
0.920576  0.952980   0.047020   
0.940589  0.951576   0.048424   
0.960601  0.950175   0.049825   
0.980614  0.948779   0.051221   
1.000626  0.947393   0.052607   
1.020639  0.946018   0.053982   
1.040652  0.944656   0.055344   
1.060664  0.943308   0.056692   
1.080677  0.941977   0.058023   
1.100689  0.940662   0.059338   
1.120702  0.939365   0.060635   
1.140714  0.938086   0.061914   
1.160727  0.936825   0.063175   
1.180739  0.935582   0.064418   
1.200752  0.934358   0.065642   
1.220764  0.933153   0.066847   
1.240777  0.931967   0.068033   
1.260789  0.930799   0.069201   
1.280802  0.929651   0.070349   
1.300814  0.928521   0.071479   
1.320827  0.927409   0.072591   
1.340839  0.926315   0.073685   
1.360852  0.925240   0.074760   
1.380865  0.924182   0.075818   
1.400877  0.923142   0.076858   
1.420890  0.922120   0.077880   
1.440902  0.921114   0.078886   
1.460915  0.920125   0.079875   
1.480927  0.919153   0.080847   
1.500940  0.918196   0.081804   
1.520952  0.917256   0.082744   
1.540965  0.916331   0.083669   
1.560977  0.915422   0.084578   
1.580990  0.914528   0.085472   
1.601002  0.913648   0.086352   
1.621015  0.912783   0.087217   
1.641027  0.911932   0.088068   
1.661040  0.911095   0.088905   
1.681052  0.910271   0.089729   
1.701065  0.909461   0.090539   
1.721077  0.908663   0.091337   
1.741090  0.907879   0.092121   
1.761103  0.907107   0.092893   
1.781115  0.906347   0.093653   
1.801128  0.905599   0.094401   
1.821140  0.904862   0.095138   
1.841153  0.904137   0.095863   
1.861165  0.903424   0.096576   
1.881178  0.902721   0.097279   
1.901190  0.902029   0.097971   
1.921203  0.901347   0.098653   
1.941215  0.900675   0.099325   
1.961228  0.900014   0.099986   
1.981240  0.899362   0.100638   
2.001253  0.898720   0.101280   
2.021265  0.898087   0.101913   
2.041278  0.897463   0.102537   
2.061290  0.896849   0.103151   
2.081303  0.896243   0.103757   
2.101316  0.895645   0.104355   
2.121328  0.895056   0.104944   
2.141341  0.894475   0.105525   
2.161353  0.893902   0.106098   
2.181366  0.893337   0.106663   
2.201378  0.892779   0.107221   
2.221391  0.892229   0.107771   
2.241403  0.891686   0.108314   
2.261416  0.891151   0.108849   
2.281428  0.890622   0.109378   
2.301441  0.890100   0.109900   
2.321453  0.889585   0.110415   
2.341466  0.889077   0.110923   
2.361478  0.888574   0.111426   
2.381491  0.888079   0.111921   
2.401503  0.887589   0.112411   
2.421516  0.887105   0.112895   
2.441529  0.886627   0.113373   
2.461541  0.886155   0.113845   
2.481554  0.885689   0.114311   
2.501566  0.885228   0.114772   
2.521579  0.884772   0.115228   
2.541591  0.884322   0.115678   
2.561604  0.883876   0.116124   
2.581616  0.883436   0.116564   
2.601629  0.883001   0.116999   
2.621641  0.882571   0.117429   
2.641654  0.882145   0.117855   
2.661666  0.881724   0.118276   
2.681679  0.881308   0.118692   
2.701691  0.880896   0.119104   
2.721704  0.880489   0.119511   
2.741716  0.880086   0.119914   
2.761729  0.879687   0.120313   
2.781742  0.879292   0.120708   
2.801754  0.878901   0.121099   
2.821767  0.878514   0.121486   
2.841779  0.878131   0.121869   
2.861792  0.877752   0.122248   
2.881804  0.877376   0.122624   
2.901817  0.877004   0.122996   
2.921829  0.876636   0.123364   
2.941842  0.876271   0.123729   
2.961854  0.875910   0.124090   
2.981867  0.875552   0.124448   
3.001879  0.875198   0.124802   
3.021892  0.874846   0.125154   
3.041904  0.874498   0.125502   
3.061917  0.874153   0.125847   
3.081929  0.873811   0.126189   
3.101942  0.873473   0.126527   
3.121955  0.873137   0.126863   
3.141967  0.872804   0.127196   
3.161980  0.872474   0.127526   
3.181992  0.872146   0.127854   
3.202005  0.871822   0.128178   
3.222017  0.871500   0.128500   
3.242030  0.871181   0.128819   
3.262042  0.870864   0.129136   
3.282055  0.870550   0.129450   
3.302067  0.870239   0.129761   
3.322080  0.869930   0.130070   
3.342092  0.869623   0.130377   
3.362105  0.869319   0.130681   
3.382117  0.869017   0.130983   
3.402130  0.868718   0.131282   
3.422142  0.868421   0.131579   
3.442155  0.868126   0.131874   
3.462168  0.867833   0.132167   
3.482180  0.867543   0.132457   
3.502193  0.867254   0.132746   
3.522205  0.866968   0.133032   
3.542218  0.866684   0.133316   
3.562230  0.866402   0.133598   
3.582243  0.866121   0.133879   
3.602255  0.865843   0.134157   
3.622268  0.865567   0.134433   
3.642280  0.865292   0.134708   
3.662293  0.865020   0.134980   
3.682305  0.864749   0.135251   
3.702318  0.864481   0.135519   
3.722330  0.864214   0.135786   
3.742343  0.863948   0.136052   
3.762355  0.863685   0.136315   
3.782368  0.863423   0.136577   
3.802381  0.863163   0.136837   
3.822393  0.862905   0.137095   
3.842406  0.862648   0.137352   
3.862418  0.862393   0.137607   
3.882431  0.862139   0.137861   
3.902443  0.861887   0.138113   
3.922456  0.861637   0.138363   
3.942468  0.861388   0.138612   
3.962481  0.861140   0.138860   
3.982493  0.860894   0.139106   
4.002506  0.860650   0.139350   
4.022518  0.860407   0.139593   
4.042531  0.860165   0.139835   
4.062543  0.859920   0.140080   
4.082556  0.859661   0.140339   
4.102568  0.859387   0.140613   
4.122581  0.859099   0.140901   
4.142594  0.858798   0.141202   
4.162606  0.858488   0.141512   
4.182619  0.858170   0.141830   
4.202631  0.857846   0.142154   
4.222644  0.857517   0.142483   
4.242656  0.857185   0.142815   
4.262669  0.856849   0.143151   
4.282681  0.856510   0.143490   
4.302694  0.856170   0.143830   
4.322706  0.855828   0.144172   
4.342719  0.855485   0.144515   
4.362731  0.855140   0.144860   
4.382744  0.854795   0.145205   
4.402756  0.854450   0.145550   
4.422769  0.854104   0.145896   
4.442781  0.853758   0.146242   
4.462794  0.853412   0.146588   
4.482807  0.853067   0.146933   
4.502819  0.852721   0.147279   
4.522832  0.852376   0.147624   
4.542844  0.852031   0.147969   
4.562857  0.851687   0.148313   
4.582869  0.851343   0.148657   
4.602882  0.851000   0.149000   
4.622894  0.850657   0.149343   
4.642907  0.850316   0.149684   
4.662919  0.849975   0.150025   
4.682932  0.849634   0.150366   
4.702944  0.849295   0.150705   
4.722957  0.848956   0.151044   
4.742969  0.848619   0.151381   
4.762982  0.848282   0.151718   
4.782994  0.847946   0.152054   
4.803007  0.847611   0.152389   
4.823019  0.847277   0.152723   
4.843032  0.846944   0.153056   
4.863045  0.846612   0.153388   
4.883057  0.846281   0.153719   
4.903070  0.845951   0.154049   
4.923082  0.845623   0.154377   
4.943095  0.845295   0.154705   
4.963107  0.844968   0.155032   
4.983120  0.844642   0.155358   
5.003132  0.844318   0.155682   
5.023145  0.843994   0.156006   
5.043157  0.843672   0.156328   
5.063170  0.843350   0.156650   
5.083182  0.843030   0.156970   
5.103195  0.842711   0.157289   
5.123207  0.842393   0.157607   
5.143220  0.842076   0.157924   
5.163232  0.841760   0.158240   
5.183245  0.841445   0.158555   
5.203258  0.841131   0.158869   
5.223270  0.840819   0.159181   
5.243283  0.840507   0.159493   
5.263295  0.840197   0.159803   
5.283308  0.839887   0.160113   
5.303320  0.839579   0.160421   
5.323333  0.839272   0.160728   
5.343345  0.838966   0.161034   
5.363358  0.838661   0.161339   
5.383370  0.838357   0.161643   
5.403383  0.838054   0.161946   
5.423395  0.837752   0.162248   
5.443408  0.837452   0.162548   
5.463420  0.837152   0.162848   
5.483433  0.836853   0.163147   
5.503445  0.836556   0.163444   
5.523458  0.836260   0.163740   
5.543471  0.835964   0.164036   
5.563483  0.835670   0.164330   
5.583496  0.835377   0.164623   
5.603508  0.835084   0.164916   
5.623521  0.834793   0.165207   
5.643533  0.834503   0.165497   
5.663546  0.834214   0.165786   
5.683558  0.833926   0.166074   
5.703571  0.833639   0.166361   
5.723583  0.833353   0.166647   
5.743596  0.833068   0.166932   
5.763608  0.832784   0.167216   
5.783621  0.832500   0.167500   
5.803633  0.832218   0.167782   
5.823646  0.831937   0.168063   
5.843658  0.831657   0.168343   
5.863671  0.831378   0.168622   
5.883684  0.831100   0.168900   
5.903696  0.830823   0.169177   
5.923709  0.830547   0.169453   
5.943721  0.830271   0.169729   
5.963734  0.829997   0.170003   
5.983746  0.829724   0.170276   
6.003759  0.829452   0.170548   
6.023771  0.829180   0.170820   
6.043784  0.828910   0.171090   
6.063796  0.828640   0.171360   
6.083809  0.828371   0.171629   
6.103821  0.828104   0.171896   
6.123834  0.827837   0.172163   
6.143846  0.827571   0.172429   
6.163859  0.827306   0.172694   
6.183871  0.827042   0.172958   
6.203884  0.826779   0.173221   
6.223897  0.826517   0.173483   
6.243909  0.826255   0.173745   
6.263922  0.825995   0.174005   
6.283934  0.825735   0.174265   
6.303947  0.825476   0.174524   
6.323959  0.825218   0.174782   
6.343972  0.824961   0.175039   
6.363984  0.824705   0.175295   
6.383997  0.824450   0.175550   
6.404009  0.824195   0.175805   
6.424022  0.823942   0.176058   
6.444034  0.823689   0.176311   
6.464047  0.823437   0.176563   
6.484059  0.823186   0.176814   
6.504072  0.822935   0.177065   
6.524084  0.822686   0.177314   
6.544097  0.822437   0.177563   
6.564110  0.822189   0.177811   
6.584122  0.821942   0.178058   
6.604135  0.821696   0.178304   
6.624147  0.821450   0.178550   
6.644160  0.821206   0.178794   
6.664172  0.820962   0.179038   
6.684185  0.820718   0.179282   
6.704197  0.820476   0.179524   
6.724210  0.820234   0.179766   
6.744222  0.819994   0.180006   
6.764235  0.819754   0.180246   
6.784247  0.819514   0.180486   
6.804260  0.819276   0.180724   
6.824272  0.819038   0.180962   
6.844285  0.818801   0.181199   
6.864297  0.818564   0.181436   
6.884310  0.818329   0.181671   
6.904323  0.818094   0.181906   
6.924335  0.817860   0.182140   
6.944348  0.817626   0.182374   
6.964360  0.817394   0.182606   
6.984373  0.817162   0.182838   
7.004385  0.816931   0.183069   
7.024398  0.816700   0.183300   
7.044410  0.816470   0.183530   
7.064423  0.816241   0.183759   
7.084435  0.816013   0.183987   
7.104448  0.815785   0.184215   
7.124460  0.815558   0.184442   
7.144473  0.815331   0.184669   
7.164485  0.815106   0.184894   
7.184498  0.814881   0.185119   
7.204510  0.814656   0.185344   
7.224523  0.814432   0.185568   
7.244536  0.814209   0.185791   
7.264548  0.813987   0.186013   
7.284561  0.813765   0.186235   
7.304573  0.813544   0.186456   
7.324586  0.813324   0.186676   
7.344598  0.813104   0.186896   
7.364611  0.812885   0.187115   
7.384623  0.812666   0.187334   
7.404636  0.812448   0.187552   
7.424648  0.812231   0.187769   
7.444661  0.812015   0.187985   
7.464673  0.811799   0.188201   
7.484686  0.811583   0.188417   
7.504698  0.811369   0.188631   
7.524711  0.811154   0.188846   
7.544723  0.810941   0.189059   
7.564736  0.810728   0.189272   
7.584749  0.810516   0.189484   
7.604761  0.810304   0.189696   
7.624774  0.810093   0.189907   
7.644786  0.809882   0.190118   
7.664799  0.809672   0.190328   
7.684811  0.809463   0.190537   
7.704824  0.809254   0.190746   
7.724836  0.809046   0.190954   
7.744849  0.808838   0.191162   
7.764861  0.808631   0.191369   
7.784874  0.808425   0.191575   
7.804886  0.808219   0.191781   
7.824899  0.808013   0.191987   
7.844911  0.807809   0.192191   
7.864924  0.807604   0.192396   
7.884936  0.807401   0.192599   
7.904949  0.807198   0.192802   
7.924962  0.806995   0.193005   
7.944974  0.806793   0.193207   
7.964987  0.806591   0.193409   
7.984999  0.806391   0.193609   
8.005012  0.806190   0.193810   
