0.060038    0.001195 
0.080050    0.001158 
0.100063    0.001164 
0.120075    0.001238 
0.140088    0.001393 
0.160100    0.001634 
0.180113    0.001961 
0.200125    0.002372 
0.220138    0.002865 
0.240150    0.003436 
0.260163    0.004082 
0.280175    0.004799 
0.300188    0.005585 
0.320200    0.006435 
0.340213    0.007348 
0.360226    0.008320 
0.380238    0.009349 
0.400251    0.010432 
0.420263    0.011567 
0.440276    0.012600 
0.460288    0.014129 
0.480301    0.015265 
0.500313    0.016590 
0.520326    0.017958 
0.540338    0.019369 
0.560351    0.020820 
0.580363    0.022312 
0.600376    0.023842 
0.620388    0.025410 
0.640401    0.027015 
0.660413    0.028656 
0.680426    0.030333 
0.700439    0.032043 
0.720451    0.033788 
0.740464    0.035566 
0.760476    0.037377 
0.780489    0.039219 
0.800501    0.041093 
0.820514    0.042900 
0.840526    0.044139 
0.860539    0.045577 
0.880551    0.047237 
0.900564    0.048995 
0.920576    0.050824 
0.940589    0.052710 
0.960601    0.054644 
0.980614    0.056624 
1.000626    0.058644 
1.020639    0.060702 
1.040652    0.062797 
1.060664    0.064927 
1.080677    0.067089 
1.100689    0.069283 
1.120702    0.071508 
1.140714    0.073763 
1.160727    0.076046 
1.180739    0.078357 
1.200752    0.080695 
1.220764    0.083059 
1.240777    0.085449 
1.260789    0.087863 
1.280802    0.090300 
1.300814    0.092761 
1.320827    0.095244 
1.340839    0.097750 
1.360852    0.100275 
1.380865    0.102822 
1.400877    0.105388 
1.420890    0.107975 
1.440902    0.110578 
1.460915    0.113201 
1.480927    0.115841 
1.500940    0.118497 
1.520952    0.121170 
1.540965    0.123859 
1.560977    0.126563 
1.580990    0.129281 
1.601002    0.132014 
1.621015    0.134760 
1.641027    0.137519 
1.661040    0.140292 
1.681052    0.143075 
1.701065    0.145871 
1.721077    0.148677 
1.741090    0.151495 
1.761103    0.154321 
1.781115    0.157160 
1.801128    0.160005 
1.821140    0.162860 
1.841153    0.165723 
1.861165    0.168594 
1.881178    0.171473 
1.901190    0.174357 
1.921203    0.177251 
1.941215    0.180147 
1.961228    0.183052 
1.981240    0.185962 
2.001253    0.188874 
2.021265    0.191793 
2.041278    0.194716 
2.061290    0.197642 
2.081303    0.200572 
2.101316    0.203505 
2.121328    0.206440 
2.141341    0.209376 
2.161353    0.212319 
2.181366    0.215258 
2.201378    0.218199 
2.221391    0.221145 
2.241403    0.224089 
2.261416    0.227029 
2.281428    0.229977 
2.301441    0.232918 
2.321453    0.235860 
2.341466    0.238804 
2.361478    0.241742 
2.381491    0.244681 
2.401503    0.247618 
2.421516    0.250552 
2.441529    0.253485 
2.461541    0.256414 
2.481554    0.259340 
2.501566    0.262263 
2.521579    0.265180 
2.541591    0.268101 
2.561604    0.271005 
2.581616    0.273917 
2.601629    0.276817 
2.621641    0.279717 
2.641654    0.282609 
2.661666    0.285495 
2.681679    0.288378 
2.701691    0.291251 
2.721704    0.294128 
2.741716    0.296985 
2.761729    0.299848 
2.781742    0.302693 
2.801754    0.305542 
2.821767    0.308379 
2.841779    0.311207 
2.861792    0.314034 
2.881804    0.316846 
2.901817    0.319657 
2.921829    0.322454 
2.941842    0.325249 
2.961854    0.328029 
2.981867    0.330810 
3.001879    0.333571 
3.021892    0.336332 
3.041904    0.339079 
3.061917    0.341826 
3.081929    0.344554 
3.101942    0.347278 
3.121955    0.349990 
3.141967    0.352688 
3.161980    0.355394 
3.181992    0.358063 
3.202005    0.360749 
3.222017    0.363411 
3.242030    0.366063 
3.262042    0.368711 
3.282055    0.371340 
3.302067    0.373962 
3.322080    0.376582 
3.342092    0.379182 
3.362105    0.381774 
3.382117    0.384351 
3.402130    0.386924 
3.422142    0.389482 
3.442155    0.392032 
3.462168    0.394566 
3.482180    0.397094 
3.502193    0.399614 
3.522205    0.402107 
3.542218    0.405575 
3.562230    0.414974 
3.582243    0.429006 
3.602255    0.442546 
3.622268    0.453833 
3.642280    0.462935 
3.662293    0.470326 
3.682305    0.476454 
3.702318    0.481641 
3.722330    0.486124 
3.742343    0.490065 
3.762355    0.493582 
3.782368    0.496763 
3.802381    0.499672 
3.822393    0.502356 
3.842406    0.504854 
3.862418    0.507195 
3.882431    0.509401 
3.902443    0.511492 
3.922456    0.513482 
3.942468    0.515384 
3.962481    0.517208 
3.982493    0.518963 
4.002506    0.520656 
4.022518    0.522293 
4.042531    0.523880 
4.062543    0.525422 
4.082556    0.526920 
4.102568    0.528381 
4.122581    0.529806 
4.142594    0.531199 
4.162606    0.532561 
4.182619    0.533896 
4.202631    0.535202 
4.222644    0.536485 
4.242656    0.537746 
4.262669    0.538982 
4.282681    0.540200 
4.302694    0.541398 
4.322706    0.542577 
4.342719    0.543739 
4.362731    0.544883 
4.382744    0.546013 
4.402756    0.547127 
4.422769    0.548227 
4.442781    0.549312 
4.462794    0.550385 
4.482807    0.551445 
4.502819    0.552493 
4.522832    0.553528 
4.542844    0.554550 
4.562857    0.555567 
4.582869    0.556570 
4.602882    0.557559 
4.622894    0.558544 
4.642907    0.559516 
4.662919    0.560480 
4.682932    0.561433 
4.702944    0.562381 
4.722957    0.563318 
4.742969    0.564246 
4.762982    0.565169 
4.782994    0.566079 
4.803007    0.566987 
4.823019    0.567886 
4.843032    0.568774 
4.863045    0.569657 
4.883057    0.570536 
4.903070    0.571405 
4.923082    0.572268 
4.943095    0.573123 
4.963107    0.573974 
4.983120    0.574821 
5.003132    0.575657 
5.023145    0.576487 
5.043157    0.577314 
5.063170    0.578137 
5.083182    0.578949 
5.103195    0.579759 
5.123207    0.580564 
5.143220    0.581361 
5.163232    0.582153 
5.183245    0.582943 
5.203258    0.583726 
5.223270    0.584503 
5.243283    0.585277 
5.263295    0.586046 
5.283308    0.586808 
5.303320    0.587567 
5.323333    0.588320 
5.343345    0.589069 
5.363358    0.589820 
5.383370    0.590557 
5.403383    0.591293 
5.423395    0.592025 
5.443408    0.592754 
5.463420    0.593480 
5.483433    0.594192 
5.503445    0.594913 
5.523458    0.595629 
5.543471    0.596330 
5.563483    0.597034 
5.583496    0.597735 
5.603508    0.598436 
5.623521    0.599118 
5.643533    0.599815 
5.663546    0.600499 
5.683558    0.601177 
5.703571    0.601857 
5.723583    0.602532 
5.743596    0.603204 
5.763608    0.603868 
5.783621    0.604529 
5.803633    0.605195 
5.823646    0.605855 
5.843658    0.606503 
5.863671    0.607153 
5.883684    0.607807 
5.903696    0.608447 
5.923709    0.609087 
5.943721    0.609722 
5.963734    0.610363 
5.983746    0.610993 
6.003759    0.611623 
6.023771    0.612240 
6.043784    0.612877 
6.063796    0.613483 
6.083809    0.614110 
6.103821    0.614719 
6.123834    0.615331 
6.143846    0.615938 
6.163859    0.616548 
6.183871    0.617149 
6.203884    0.617740 
6.223897    0.618352 
6.243909    0.618935 
6.263922    0.619533 
6.283934    0.620119 
6.303947    0.620707 
6.323959    0.621287 
6.343972    0.621872 
6.363984    0.622454 
6.383997    0.623020 
6.404009    0.623604 
6.424022    0.624170 
6.444034    0.624741 
6.464047    0.625306 
6.484059    0.625871 
6.504072    0.626430 
6.524084    0.626988 
6.544097    0.627543 
6.564110    0.628107 
6.584122    0.628651 
6.604135    0.629203 
6.624147    0.629748 
6.644160    0.630294 
6.664172    0.630842 
6.684185    0.631370 
6.704197    0.631917 
6.724210    0.632453 
6.744222    0.632984 
6.764235    0.633518 
6.784247    0.634047 
6.804260    0.634570 
6.824272    0.635096 
6.844285    0.635629 
6.864297    0.636134 
6.884310    0.636660 
6.904323    0.637185 
6.924335    0.637688 
6.944348    0.638205 
6.964360    0.638719 
6.984373    0.639223 
7.004385    0.639728 
7.024398    0.640238 
7.044410    0.640737 
7.064423    0.641240 
7.084435    0.641740 
7.104448    0.642227 
7.124460    0.642739 
7.144473    0.643215 
7.164485    0.643713 
7.184498    0.644205 
7.204510    0.644688 
7.224523    0.645183 
7.244536    0.645651 
7.264548    0.646145 
7.284561    0.646619 
7.304573    0.647094 
7.324586    0.647579 
7.344598    0.648057 
7.364611    0.648513 
7.384623    0.648999 
7.404636    0.649464 
7.424648    0.649933 
7.444661    0.650393 
7.464673    0.650863 
7.484686    0.651331 
7.504698    0.651774 
7.524711    0.652255 
7.544723    0.652690 
7.564736    0.653165 
7.584749    0.653608 
7.604761    0.654068 
7.624774    0.654517 
7.644786    0.654955 
7.664799    0.655420 
7.684811    0.655852 
7.704824    0.656300 
7.724836    0.656751 
7.744849    0.657195 
7.764861    0.657618 
7.784874    0.658062 
7.804886    0.658507 
7.824899    0.658926 
7.844911    0.659387 
7.864924    0.659794 
7.884936    0.660240 
7.904949    0.660658 
7.924962    0.661086 
7.944974    0.661521 
7.964987    0.661945 
7.984999    0.662353 
8.005012    0.662799 
