0.040025  0.999266   0.000734   
0.060038  0.998747   0.001253   
0.080050  0.998142   0.001858   
0.100063  0.997472   0.002528   
0.120075  0.996742   0.003258   
0.140088  0.995961   0.004039   
0.160100  0.995132   0.004868   
0.180113  0.994261   0.005739   
0.200125  0.993351   0.006649   
0.220138  0.992408   0.007592   
0.240150  0.991434   0.008566   
0.260163  0.990432   0.009568   
0.280175  0.989407   0.010593   
0.300188  0.988360   0.011640   
0.320200  0.987295   0.012705   
0.340213  0.986213   0.013787   
0.360226  0.985119   0.014881   
0.380238  0.984013   0.015987   
0.400251  0.982898   0.017102   
0.420263  0.981776   0.018224   
0.440276  0.980644   0.019356   
0.460288  0.979513   0.020487   
0.480301  0.978379   0.021621   
0.500313  0.977246   0.022754   
0.520326  0.976113   0.023887   
0.540338  0.974982   0.025018   
0.560351  0.973854   0.026146   
0.580363  0.972730   0.027270   
0.600376  0.971612   0.028388   
0.620388  0.970500   0.029500   
0.640401  0.969395   0.030605   
0.660413  0.968297   0.031703   
0.680426  0.967208   0.032792   
0.700439  0.966128   0.033872   
0.720451  0.965057   0.034943   
0.740464  0.963996   0.036004   
0.760476  0.962946   0.037054   
0.780489  0.961906   0.038094   
0.800501  0.960878   0.039122   
0.820514  0.959758   0.040242   
0.840526  0.958482   0.041518   
0.860539  0.957145   0.042855   
0.880551  0.955773   0.044227   
0.900564  0.954381   0.045619   
0.920576  0.952980   0.047020   
0.940589  0.951576   0.048424   
0.960601  0.950175   0.049825   
0.980614  0.948779   0.051221   
1.000626  0.947393   0.052607   
1.020639  0.946018   0.053982   
1.040652  0.944656   0.055344   
1.060664  0.943308   0.056692   
1.080677  0.941977   0.058023   
1.100689  0.940662   0.059338   
1.120702  0.939365   0.060635   
1.140714  0.938086   0.061914   
1.160727  0.936825   0.063175   
1.180739  0.935582   0.064418   
1.200752  0.934358   0.065642   
1.220764  0.933153   0.066847   
1.240777  0.931967   0.068033   
1.260789  0.930799   0.069201   
1.280802  0.929651   0.070349   
1.300814  0.928521   0.071479   
1.320827  0.927409   0.072591   
1.340839  0.926315   0.073685   
1.360852  0.925240   0.074760   
1.380865  0.924182   0.075818   
1.400877  0.923142   0.076858   
1.420890  0.922120   0.077880   
1.440902  0.921114   0.078886   
1.460915  0.920125   0.079875   
1.480927  0.919153   0.080847   
1.500940  0.918196   0.081804   
1.520952  0.917256   0.082744   
1.540965  0.916331   0.083669   
1.560977  0.915422   0.084578   
1.580990  0.914528   0.085472   
1.601002  0.913648   0.086352   
1.621015  0.912783   0.087217   
1.641027  0.911932   0.088068   
1.661040  0.911095   0.088905   
1.681052  0.910271   0.089729   
1.701065  0.909461   0.090539   
1.721077  0.908663   0.091337   
1.741090  0.907879   0.092121   
1.761103  0.907107   0.092893   
1.781115  0.906347   0.093653   
1.801128  0.905599   0.094401   
1.821140  0.904862   0.095138   
1.841153  0.904137   0.095863   
1.861165  0.903424   0.096576   
1.881178  0.902721   0.097279   
1.901190  0.902029   0.097971   
1.921203  0.901347   0.098653   
1.941215  0.900675   0.099325   
1.961228  0.900014   0.099986   
1.981240  0.899362   0.100638   
2.001253  0.898720   0.101280   
2.021265  0.898087   0.101913   
2.041278  0.897463   0.102537   
2.061290  0.896849   0.103151   
2.081303  0.896243   0.103757   
2.101316  0.895645   0.104355   
2.121328  0.895056   0.104944   
2.141341  0.894475   0.105525   
2.161353  0.893902   0.106098   
2.181366  0.893337   0.106663   
2.201378  0.892779   0.107221   
2.221391  0.892229   0.107771   
2.241403  0.891686   0.108314   
2.261416  0.891151   0.108849   
2.281428  0.890622   0.109378   
2.301441  0.890100   0.109900   
2.321453  0.889585   0.110415   
2.341466  0.889077   0.110923   
2.361478  0.888574   0.111426   
2.381491  0.888079   0.111921   
2.401503  0.887589   0.112411   
2.421516  0.887105   0.112895   
2.441529  0.886627   0.113373   
2.461541  0.886155   0.113845   
2.481554  0.885689   0.114311   
2.501566  0.885228   0.114772   
2.521579  0.884772   0.115228   
2.541591  0.884322   0.115678   
2.561604  0.883876   0.116124   
2.581616  0.883436   0.116564   
2.601629  0.883001   0.116999   
2.621641  0.882571   0.117429   
2.641654  0.882145   0.117855   
2.661666  0.881724   0.118276   
2.681679  0.881308   0.118692   
2.701691  0.880896   0.119104   
2.721704  0.880489   0.119511   
2.741716  0.880086   0.119914   
2.761729  0.879687   0.120313   
2.781742  0.879292   0.120708   
2.801754  0.878901   0.121099   
2.821767  0.878514   0.121486   
2.841779  0.878131   0.121869   
2.861792  0.877752   0.122248   
2.881804  0.877376   0.122624   
2.901817  0.877004   0.122996   
2.921829  0.876636   0.123364   
2.941842  0.876271   0.123729   
2.961854  0.875910   0.124090   
2.981867  0.875552   0.124448   
3.001879  0.875198   0.124802   
3.021892  0.874846   0.125154   
3.041904  0.874498   0.125502   
3.061917  0.874153   0.125847   
3.081929  0.873811   0.126189   
3.101942  0.873473   0.126527   
3.121955  0.873137   0.126863   
3.141967  0.872804   0.127196   
3.161980  0.872474   0.127526   
3.181992  0.872146   0.127854   
3.202005  0.871822   0.128178   
3.222017  0.871500   0.128500   
3.242030  0.871181   0.128819   
3.262042  0.870864   0.129136   
3.282055  0.870550   0.129450   
3.302067  0.870239   0.129761   
3.322080  0.869930   0.130070   
3.342092  0.869623   0.130377   
3.362105  0.869319   0.130681   
3.382117  0.869017   0.130983   
3.402130  0.868718   0.131282   
3.422142  0.868421   0.131579   
3.442155  0.868126   0.131874   
3.462168  0.867833   0.132167   
3.482180  0.867543   0.132457   
3.502193  0.867254   0.132746   
3.522205  0.866968   0.133032   
3.542218  0.866684   0.133316   
3.562230  0.866402   0.133598   
3.582243  0.866121   0.133879   
3.602255  0.865843   0.134157   
3.622268  0.865567   0.134433   
3.642280  0.865292   0.134708   
3.662293  0.865020   0.134980   
3.682305  0.864749   0.135251   
3.702318  0.864481   0.135519   
3.722330  0.864214   0.135786   
3.742343  0.863948   0.136052   
3.762355  0.863685   0.136315   
3.782368  0.863423   0.136577   
3.802381  0.863163   0.136837   
3.822393  0.862905   0.137095   
3.842406  0.862648   0.137352   
3.862418  0.862393   0.137607   
3.882431  0.862139   0.137861   
3.902443  0.861887   0.138113   
3.922456  0.861637   0.138363   
3.942468  0.861388   0.138612   
3.962481  0.861140   0.138860   
3.982493  0.860894   0.139106   
4.002506  0.860650   0.139350   
4.022518  0.860407   0.139593   
4.042531  0.860165   0.139835   
4.062543  0.859925   0.140075   
4.082556  0.859687   0.140313   
4.102568  0.859449   0.140551   
4.122581  0.859213   0.140787   
4.142594  0.858978   0.141022   
4.162606  0.858745   0.141255   
4.182619  0.858513   0.141487   
4.202631  0.858282   0.141718   
4.222644  0.858052   0.141948   
4.242656  0.857824   0.142176   
4.262669  0.857597   0.142403   
4.282681  0.857371   0.142629   
4.302694  0.857146   0.142854   
4.322706  0.856923   0.143077   
4.342719  0.856701   0.143299   
4.362731  0.856479   0.143521   
4.382744  0.856259   0.143741   
4.402756  0.856041   0.143959   
4.422769  0.855823   0.144177   
4.442781  0.855606   0.144394   
4.462794  0.855390   0.144610   
4.482807  0.855176   0.144824   
4.502819  0.854962   0.145038   
4.522832  0.854750   0.145250   
4.542844  0.854539   0.145461   
4.562857  0.854328   0.145672   
4.582869  0.854119   0.145881   
4.602882  0.853910   0.146090   
4.622894  0.853703   0.146297   
4.642907  0.853497   0.146503   
4.662919  0.853291   0.146709   
4.682932  0.853087   0.146913   
4.702944  0.852883   0.147117   
4.722957  0.852680   0.147320   
4.742969  0.852479   0.147521   
4.762982  0.852278   0.147722   
4.782994  0.852078   0.147922   
4.803007  0.851879   0.148121   
4.823019  0.851680   0.148320   
4.843032  0.851483   0.148517   
4.863045  0.851287   0.148713   
4.883057  0.851091   0.148909   
4.903070  0.850896   0.149104   
4.923082  0.850702   0.149298   
4.943095  0.850509   0.149491   
4.963107  0.850317   0.149683   
4.983120  0.850125   0.149875   
5.003132  0.849934   0.150066   
5.023145  0.849744   0.150256   
5.043157  0.849555   0.150445   
5.063170  0.849366   0.150634   
5.083182  0.849179   0.150821   
5.103195  0.848992   0.151008   
5.123207  0.848805   0.151195   
5.143220  0.848620   0.151380   
5.163232  0.848435   0.151565   
5.183245  0.848251   0.151749   
5.203258  0.848067   0.151933   
5.223270  0.847885   0.152115   
5.243283  0.847703   0.152297   
5.263295  0.847521   0.152479   
5.283308  0.847341   0.152659   
5.303320  0.847160   0.152840   
5.323333  0.846981   0.153019   
5.343345  0.846802   0.153198   
5.363358  0.846624   0.153376   
5.383370  0.846447   0.153553   
5.403383  0.846270   0.153730   
5.423395  0.846094   0.153906   
5.443408  0.845918   0.154082   
5.463420  0.845743   0.154257   
5.483433  0.845568   0.154432   
5.503445  0.845395   0.154605   
5.523458  0.845221   0.154779   
5.543471  0.845048   0.154952   
5.563483  0.844876   0.155124   
5.583496  0.844705   0.155295   
5.603508  0.844534   0.155466   
5.623521  0.844363   0.155637   
5.643533  0.844193   0.155807   
5.663546  0.844024   0.155976   
5.683558  0.843855   0.156145   
5.703571  0.843687   0.156313   
5.723583  0.843519   0.156481   
5.743596  0.843351   0.156649   
5.763608  0.843185   0.156815   
5.783621  0.843018   0.156982   
5.803633  0.842852   0.157148   
5.823646  0.842687   0.157313   
5.843658  0.842522   0.157478   
5.863671  0.842358   0.157642   
5.883684  0.842194   0.157806   
5.903696  0.842030   0.157970   
5.923709  0.841867   0.158133   
5.943721  0.841705   0.158295   
5.963734  0.841542   0.158458   
5.983746  0.841381   0.158619   
6.003759  0.841219   0.158781   
6.023771  0.841059   0.158941   
6.043784  0.840898   0.159102   
6.063796  0.840738   0.159262   
6.083809  0.840579   0.159421   
6.103821  0.840419   0.159581   
6.123834  0.840261   0.159739   
6.143846  0.840102   0.159898   
6.163859  0.839944   0.160056   
6.183871  0.839787   0.160213   
6.203884  0.839629   0.160371   
6.223897  0.839473   0.160527   
6.243909  0.839316   0.160684   
6.263922  0.839160   0.160840   
6.283934  0.839004   0.160996   
6.303947  0.838849   0.161151   
6.323959  0.838694   0.161306   
6.343972  0.838539   0.161461   
6.363984  0.838385   0.161615   
6.383997  0.838231   0.161769   
6.404009  0.838077   0.161923   
6.424022  0.837924   0.162076   
6.444034  0.837771   0.162229   
6.464047  0.837618   0.162382   
6.484059  0.837466   0.162534   
6.504072  0.837314   0.162686   
6.524084  0.837162   0.162838   
6.544097  0.837010   0.162990   
6.564110  0.836859   0.163141   
6.584122  0.836708   0.163292   
6.604135  0.836558   0.163442   
6.624147  0.836407   0.163593   
6.644160  0.836257   0.163743   
6.664172  0.836108   0.163892   
6.684185  0.835958   0.164042   
6.704197  0.835809   0.164191   
6.724210  0.835660   0.164340   
6.744222  0.835511   0.164489   
6.764235  0.835363   0.164637   
6.784247  0.835215   0.164785   
6.804260  0.835067   0.164933   
6.824272  0.834919   0.165081   
6.844285  0.834772   0.165228   
6.864297  0.834625   0.165375   
6.884310  0.834478   0.165522   
6.904323  0.834331   0.165669   
6.924335  0.834184   0.165816   
6.944348  0.834038   0.165962   
6.964360  0.833892   0.166108   
6.984373  0.833746   0.166254   
7.004385  0.833600   0.166400   
7.024398  0.833455   0.166545   
7.044410  0.833310   0.166690   
7.064423  0.833165   0.166835   
7.084435  0.833020   0.166980   
7.104448  0.832875   0.167125   
7.124460  0.832731   0.167269   
7.144473  0.832586   0.167414   
7.164485  0.832442   0.167558   
7.184498  0.832298   0.167702   
7.204510  0.832155   0.167845   
7.224523  0.832011   0.167989   
7.244536  0.831867   0.168133   
7.264548  0.831724   0.168276   
7.284561  0.831581   0.168419   
7.304573  0.831438   0.168562   
7.324586  0.831295   0.168705   
7.344598  0.831153   0.168847   
7.364611  0.831010   0.168990   
7.384623  0.830868   0.169132   
7.404636  0.830726   0.169274   
7.424648  0.830584   0.169416   
7.444661  0.830442   0.169558   
7.464673  0.830300   0.169700   
7.484686  0.830158   0.169842   
7.504698  0.830017   0.169983   
7.524711  0.829875   0.170125   
7.544723  0.829734   0.170266   
7.564736  0.829593   0.170407   
7.584749  0.829452   0.170548   
7.604761  0.829311   0.170689   
7.624774  0.829170   0.170830   
7.644786  0.829029   0.170971   
7.664799  0.828888   0.171112   
7.684811  0.828748   0.171252   
7.704824  0.828607   0.171393   
7.724836  0.828467   0.171533   
7.744849  0.828327   0.171673   
7.764861  0.828186   0.171814   
7.784874  0.828046   0.171954   
7.804886  0.827906   0.172094   
7.824899  0.827766   0.172234   
7.844911  0.827626   0.172374   
7.864924  0.827486   0.172514   
7.884936  0.827347   0.172653   
7.904949  0.827207   0.172793   
7.924962  0.827067   0.172933   
7.944974  0.826928   0.173072   
7.964987  0.826788   0.173212   
7.984999  0.826649   0.173351   
8.005012  0.826509   0.173491   
