0.040025  0.999272   0.000728   
0.060038  0.998757   0.001243   
0.080050  0.998158   0.001842   
0.100063  0.997493   0.002507   
0.120075  0.996770   0.003230   
0.140088  0.995996   0.004004   
0.160100  0.995175   0.004825   
0.180113  0.994311   0.005689   
0.200125  0.993410   0.006590   
0.220138  0.992475   0.007525   
0.240150  0.991508   0.008492   
0.260163  0.990515   0.009485   
0.280175  0.989497   0.010503   
0.300188  0.988457   0.011543   
0.320200  0.987399   0.012601   
0.340213  0.986325   0.013675   
0.360226  0.985236   0.014764   
0.380238  0.984136   0.015864   
0.400251  0.983026   0.016974   
0.420263  0.981909   0.018091   
0.440276  0.980781   0.019219   
0.460288  0.979653   0.020347   
0.480301  0.978523   0.021477   
0.500313  0.977391   0.022609   
0.520326  0.976259   0.023741   
0.540338  0.975129   0.024871   
0.560351  0.974001   0.025999   
0.580363  0.972877   0.027123   
0.600376  0.971757   0.028243   
0.620388  0.970643   0.029357   
0.640401  0.969535   0.030465   
0.660413  0.968434   0.031566   
0.680426  0.967341   0.032659   
0.700439  0.966256   0.033744   
0.720451  0.965179   0.034821   
0.740464  0.964112   0.035888   
0.760476  0.963055   0.036945   
0.780489  0.962008   0.037992   
0.800501  0.960972   0.039028   
0.820514  0.959852   0.040148   
0.840526  0.958570   0.041430   
0.860539  0.957223   0.042777   
0.880551  0.955840   0.044160   
0.900564  0.954436   0.045564   
0.920576  0.953021   0.046979   
0.940589  0.951603   0.048397   
0.960601  0.950185   0.049815   
0.980614  0.948773   0.051227   
1.000626  0.947369   0.052631   
1.020639  0.945976   0.054024   
1.040652  0.944596   0.055404   
1.060664  0.943230   0.056770   
1.080677  0.941879   0.058121   
1.100689  0.940544   0.059456   
1.120702  0.939226   0.060774   
1.140714  0.937925   0.062075   
1.160727  0.936643   0.063357   
1.180739  0.935379   0.064621   
1.200752  0.934133   0.065867   
1.220764  0.932905   0.067095   
1.240777  0.931696   0.068304   
1.260789  0.930506   0.069494   
1.280802  0.929334   0.070666   
1.300814  0.928181   0.071819   
1.320827  0.927046   0.072954   
1.340839  0.925929   0.074071   
1.360852  0.924830   0.075170   
1.380865  0.923748   0.076252   
1.400877  0.922684   0.077316   
1.420890  0.921637   0.078363   
1.440902  0.920608   0.079392   
1.460915  0.919595   0.080405   
1.480927  0.918598   0.081402   
1.500940  0.917617   0.082383   
1.520952  0.916653   0.083347   
1.540965  0.915704   0.084296   
1.560977  0.914770   0.085230   
1.580990  0.913852   0.086148   
1.601002  0.912948   0.087052   
1.621015  0.912059   0.087941   
1.641027  0.911183   0.088817   
1.661040  0.910322   0.089678   
1.681052  0.909474   0.090526   
1.701065  0.908640   0.091360   
1.721077  0.907819   0.092181   
1.741090  0.907011   0.092989   
1.761103  0.906215   0.093785   
1.781115  0.905431   0.094569   
1.801128  0.904660   0.095340   
1.821140  0.903900   0.096100   
1.841153  0.903152   0.096848   
1.861165  0.902415   0.097585   
1.881178  0.901689   0.098311   
1.901190  0.900974   0.099026   
1.921203  0.900270   0.099730   
1.941215  0.899575   0.100425   
1.961228  0.898891   0.101109   
1.981240  0.898217   0.101783   
2.001253  0.897553   0.102447   
2.021265  0.896898   0.103102   
2.041278  0.896252   0.103748   
2.061290  0.895616   0.104384   
2.081303  0.894988   0.105012   
2.101316  0.894369   0.105631   
2.121328  0.893759   0.106241   
2.141341  0.893157   0.106843   
2.161353  0.892563   0.107437   
2.181366  0.891977   0.108023   
2.201378  0.891399   0.108601   
2.221391  0.890828   0.109172   
2.241403  0.890265   0.109735   
2.261416  0.889710   0.110290   
2.281428  0.889161   0.110839   
2.301441  0.888620   0.111380   
2.321453  0.888085   0.111915   
2.341466  0.887557   0.112443   
2.361478  0.887036   0.112964   
2.381491  0.886521   0.113479   
2.401503  0.886012   0.113988   
2.421516  0.885510   0.114490   
2.441529  0.885014   0.114986   
2.461541  0.884523   0.115477   
2.481554  0.884038   0.115962   
2.501566  0.883559   0.116441   
2.521579  0.883086   0.116914   
2.541591  0.882618   0.117382   
2.561604  0.882156   0.117844   
2.581616  0.881698   0.118302   
2.601629  0.881246   0.118754   
2.621641  0.880799   0.119201   
2.641654  0.880356   0.119644   
2.661666  0.879919   0.120081   
2.681679  0.879486   0.120514   
2.701691  0.879058   0.120942   
2.721704  0.878634   0.121366   
2.741716  0.878215   0.121785   
2.761729  0.877800   0.122200   
2.781742  0.877390   0.122610   
2.801754  0.876984   0.123016   
2.821767  0.876582   0.123418   
2.841779  0.876183   0.123817   
2.861792  0.875789   0.124211   
2.881804  0.875399   0.124601   
2.901817  0.875013   0.124987   
2.921829  0.874630   0.125370   
2.941842  0.874251   0.125749   
2.961854  0.873875   0.126125   
2.981867  0.873503   0.126497   
3.001879  0.873135   0.126865   
3.021892  0.872770   0.127230   
3.041904  0.872408   0.127592   
3.061917  0.872050   0.127950   
3.081929  0.871695   0.128305   
3.101942  0.871343   0.128657   
3.121955  0.870994   0.129006   
3.141967  0.870648   0.129352   
3.161980  0.870305   0.129695   
3.181992  0.869965   0.130035   
3.202005  0.869628   0.130372   
3.222017  0.869294   0.130706   
3.242030  0.868963   0.131037   
3.262042  0.868634   0.131366   
3.282055  0.868308   0.131692   
3.302067  0.867985   0.132015   
3.322080  0.867664   0.132336   
3.342092  0.867346   0.132654   
3.362105  0.867031   0.132969   
3.382117  0.866718   0.133282   
3.402130  0.866407   0.133593   
3.422142  0.866099   0.133901   
3.442155  0.865793   0.134207   
3.462168  0.865490   0.134510   
3.482180  0.865188   0.134812   
3.502193  0.864889   0.135111   
3.522205  0.864593   0.135407   
3.542218  0.864298   0.135702   
3.562230  0.864006   0.135994   
3.582243  0.863715   0.136285   
3.602255  0.863427   0.136573   
3.622268  0.863141   0.136859   
3.642280  0.862857   0.137143   
3.662293  0.862574   0.137426   
3.682305  0.862294   0.137706   
3.702318  0.862016   0.137984   
3.722330  0.861739   0.138261   
3.742343  0.861464   0.138536   
3.762355  0.861192   0.138808   
3.782368  0.860920   0.139080   
3.802381  0.860651   0.139349   
3.822393  0.860383   0.139617   
3.842406  0.860118   0.139882   
3.862418  0.859853   0.140147   
3.882431  0.859591   0.140409   
3.902443  0.859330   0.140670   
3.922456  0.859070   0.140930   
3.942468  0.858812   0.141188   
3.962481  0.858556   0.141444   
3.982493  0.858301   0.141699   
4.002506  0.858048   0.141952   
4.022518  0.857796   0.142204   
4.042531  0.857545   0.142455   
4.062543  0.857296   0.142704   
4.082556  0.857048   0.142952   
4.102568  0.856802   0.143198   
4.122581  0.856557   0.143443   
4.142594  0.856314   0.143686   
4.162606  0.856071   0.143929   
4.182619  0.855830   0.144170   
4.202631  0.855590   0.144410   
4.222644  0.855352   0.144648   
4.242656  0.855114   0.144886   
4.262669  0.854878   0.145122   
4.282681  0.854643   0.145357   
4.302694  0.854409   0.145591   
4.322706  0.854177   0.145823   
4.342719  0.853945   0.146055   
4.362731  0.853715   0.146285   
4.382744  0.853486   0.146514   
4.402756  0.853257   0.146743   
4.422769  0.853030   0.146970   
4.442781  0.852804   0.147196   
4.462794  0.852579   0.147421   
4.482807  0.852355   0.147645   
4.502819  0.852132   0.147868   
4.522832  0.851910   0.148090   
4.542844  0.851689   0.148311   
4.562857  0.851469   0.148531   
4.582869  0.851250   0.148750   
4.602882  0.851031   0.148969   
4.622894  0.850814   0.149186   
4.642907  0.850598   0.149402   
4.662919  0.850382   0.149618   
4.682932  0.850167   0.149833   
4.702944  0.849954   0.150046   
4.722957  0.849741   0.150259   
4.742969  0.849529   0.150471   
4.762982  0.849317   0.150683   
4.782994  0.849107   0.150893   
4.803007  0.848898   0.151102   
4.823019  0.848689   0.151311   
4.843032  0.848481   0.151519   
4.863045  0.848274   0.151726   
4.883057  0.848067   0.151933   
4.903070  0.847861   0.152139   
4.923082  0.847657   0.152343   
4.943095  0.847452   0.152548   
4.963107  0.847249   0.152751   
4.983120  0.847046   0.152954   
5.003132  0.846844   0.153156   
5.023145  0.846643   0.153357   
5.043157  0.846442   0.153558   
5.063170  0.846242   0.153758   
5.083182  0.846043   0.153957   
5.103195  0.845845   0.154155   
5.123207  0.845647   0.154353   
5.143220  0.845449   0.154551   
5.163232  0.845253   0.154747   
5.183245  0.845057   0.154943   
5.203258  0.844861   0.155139   
5.223270  0.844667   0.155333   
5.243283  0.844473   0.155527   
5.263295  0.844279   0.155721   
5.283308  0.844086   0.155914   
5.303320  0.843894   0.156106   
5.323333  0.843702   0.156298   
5.343345  0.843511   0.156489   
5.363358  0.843321   0.156679   
5.383370  0.843131   0.156869   
5.403383  0.842941   0.157059   
5.423395  0.842752   0.157248   
5.443408  0.842564   0.157436   
5.463420  0.842376   0.157624   
5.483433  0.842189   0.157811   
5.503445  0.842003   0.157997   
5.523458  0.841816   0.158184   
5.543471  0.841631   0.158369   
5.563483  0.841446   0.158554   
5.583496  0.841261   0.158739   
5.603508  0.841077   0.158923   
5.623521  0.840893   0.159107   
5.643533  0.840710   0.159290   
5.663546  0.840527   0.159473   
5.683558  0.840345   0.159655   
5.703571  0.840164   0.159836   
5.723583  0.839982   0.160018   
5.743596  0.839802   0.160198   
5.763608  0.839621   0.160379   
5.783621  0.839442   0.160558   
5.803633  0.839262   0.160738   
5.823646  0.839083   0.160917   
5.843658  0.838905   0.161095   
5.863671  0.838727   0.161273   
5.883684  0.838549   0.161451   
5.903696  0.838372   0.161628   
5.923709  0.838195   0.161805   
5.943721  0.838019   0.161981   
5.963734  0.837843   0.162157   
5.983746  0.837667   0.162333   
6.003759  0.837492   0.162508   
6.023771  0.837318   0.162682   
6.043784  0.837143   0.162857   
6.063796  0.836969   0.163031   
6.083809  0.836796   0.163204   
6.103821  0.836623   0.163377   
6.123834  0.836450   0.163550   
6.143846  0.836277   0.163723   
6.163859  0.836105   0.163895   
6.183871  0.835934   0.164066   
6.203884  0.835762   0.164238   
6.223897  0.835592   0.164408   
6.243909  0.835421   0.164579   
6.263922  0.835251   0.164749   
6.283934  0.835081   0.164919   
6.303947  0.834911   0.165089   
6.323959  0.834742   0.165258   
6.343972  0.834573   0.165427   
6.363984  0.834405   0.165595   
6.383997  0.834237   0.165763   
6.404009  0.834069   0.165931   
6.424022  0.833901   0.166099   
6.444034  0.833734   0.166266   
6.464047  0.833567   0.166433   
6.484059  0.833401   0.166599   
6.504072  0.833234   0.166766   
6.524084  0.833069   0.166931   
6.544097  0.832903   0.167097   
6.564110  0.832738   0.167262   
6.584122  0.832573   0.167427   
6.604135  0.832408   0.167592   
6.624147  0.832243   0.167757   
6.644160  0.832079   0.167921   
6.664172  0.831915   0.168085   
6.684185  0.831752   0.168248   
6.704197  0.831588   0.168412   
6.724210  0.831425   0.168575   
6.744222  0.831263   0.168737   
6.764235  0.831100   0.168900   
6.784247  0.830938   0.169062   
6.804260  0.830776   0.169224   
6.824272  0.830614   0.169386   
6.844285  0.830453   0.169547   
6.864297  0.830291   0.169709   
6.884310  0.830131   0.169869   
6.904323  0.829970   0.170030   
6.924335  0.829809   0.170191   
6.944348  0.829649   0.170351   
6.964360  0.829489   0.170511   
6.984373  0.829329   0.170671   
7.004385  0.829170   0.170830   
7.024398  0.829011   0.170989   
7.044410  0.828852   0.171148   
7.064423  0.828693   0.171307   
7.084435  0.828534   0.171466   
7.104448  0.828376   0.171624   
7.124460  0.828218   0.171782   
7.144473  0.828060   0.171940   
7.164485  0.827902   0.172098   
7.184498  0.827745   0.172255   
7.204510  0.827587   0.172413   
7.224523  0.827430   0.172570   
7.244536  0.827273   0.172727   
7.264548  0.827117   0.172883   
7.284561  0.826960   0.173040   
7.304573  0.826804   0.173196   
7.324586  0.826648   0.173352   
7.344598  0.826492   0.173508   
7.364611  0.826336   0.173664   
7.384623  0.826180   0.173820   
7.404636  0.826025   0.173975   
7.424648  0.825870   0.174130   
7.444661  0.825715   0.174285   
7.464673  0.825560   0.174440   
7.484686  0.825405   0.174595   
7.504698  0.825251   0.174749   
7.524711  0.825096   0.174904   
7.544723  0.824942   0.175058   
7.564736  0.824788   0.175212   
7.584749  0.824634   0.175366   
7.604761  0.824481   0.175519   
7.624774  0.824327   0.175673   
7.644786  0.824174   0.175826   
7.664799  0.824020   0.175980   
7.684811  0.823867   0.176133   
7.704824  0.823714   0.176286   
7.724836  0.823561   0.176439   
7.744849  0.823409   0.176591   
7.764861  0.823256   0.176744   
7.784874  0.823104   0.176896   
7.804886  0.822952   0.177048   
7.824899  0.822799   0.177201   
7.844911  0.822647   0.177353   
7.864924  0.822496   0.177504   
7.884936  0.822344   0.177656   
7.904949  0.822192   0.177808   
7.924962  0.822041   0.177959   
7.944974  0.821889   0.178111   
7.964987  0.821738   0.178262   
7.984999  0.821587   0.178413   
8.005012  0.821436   0.178564   
