0.008009    0.000050 
0.012014    -0.000221 
0.016018    -0.000518 
0.020023    -0.000833 
0.024027    -0.001156 
0.028032    -0.001484 
0.032036    -0.001812 
0.036041    -0.002139 
0.040045    -0.002463 
0.044050    -0.002783 
0.048054    -0.003098 
0.052059    -0.003408 
0.056063    -0.003713 
0.060068    -0.004012 
0.064072    -0.004304 
0.068077    -0.004591 
0.072081    -0.004871 
0.076086    -0.005145 
0.080090    -0.005412 
0.084095    -0.005673 
0.088099    -0.005927 
0.092104    -0.006175 
0.096108    -0.006417 
0.100113    -0.006652 
0.104117    -0.006880 
0.108122    -0.007103 
0.112126    -0.007319 
0.116131    -0.007529 
0.120135    -0.007733 
0.124140    -0.007930 
0.128144    -0.008122 
0.132149    -0.008308 
0.136153    -0.008488 
0.140158    -0.008662 
0.144162    -0.008830 
0.148167    -0.008993 
0.152171    -0.009150 
0.156176    -0.009302 
0.160180    -0.009448 
0.164185    -0.009589 
0.168189    -0.009725 
0.172194    -0.009855 
0.176198    -0.009980 
0.180203    -0.010100 
0.184207    -0.010215 
0.188212    -0.010325 
0.192216    -0.010430 
0.196221    -0.010530 
0.200225    -0.010626 
0.204230    -0.010717 
0.208234    -0.010803 
0.212239    -0.010884 
0.216243    -0.010961 
0.220248    -0.011034 
0.224252    -0.011102 
0.228257    -0.011166 
0.232261    -0.011225 
0.236266    -0.011280 
0.240270    -0.011331 
0.244275    -0.011378 
0.248279    -0.011421 
0.252284    -0.011459 
0.256289    -0.011494 
0.260293    -0.011525 
0.264298    -0.011552 
0.268302    -0.011574 
0.272307    -0.011594 
0.276311    -0.011609 
0.280316    -0.011621 
0.284320    -0.011629 
0.288325    -0.011633 
0.292329    -0.011634 
0.296334    -0.011631 
0.300338    -0.011625 
0.304343    -0.011615 
0.308347    -0.011602 
0.312352    -0.011586 
0.316356    -0.011566 
0.320361    -0.011542 
0.324365    -0.011516 
0.328370    -0.011486 
0.332374    -0.011453 
0.336379    -0.011417 
0.340383    -0.011377 
0.344388    -0.011335 
0.348392    -0.011289 
0.352397    -0.011241 
0.356401    -0.011189 
0.360406    -0.011134 
0.364410    -0.011077 
0.368415    -0.011016 
0.372419    -0.010952 
0.376424    -0.010886 
0.380428    -0.010817 
0.384433    -0.010744 
0.388437    -0.010669 
0.392442    -0.010591 
0.396446    -0.010511 
0.400451    -0.010427 
0.404455    -0.010341 
0.408460    -0.010252 
0.412464    -0.010160 
0.416469    -0.010066 
0.420473    -0.009969 
0.424478    -0.009870 
0.428482    -0.009767 
0.432487    -0.009662 
0.436491    -0.009555 
0.440496    -0.009445 
0.444500    -0.009332 
0.448505    -0.009217 
0.452509    -0.009099 
0.456514    -0.008979 
0.460518    -0.008856 
0.464523    -0.008730 
0.468527    -0.008602 
0.472532    -0.008472 
0.476536    -0.008339 
0.480541    -0.008204 
0.484545    -0.008066 
0.488550    -0.007926 
0.492554    -0.007783 
0.496559    -0.007638 
0.500564    -0.007490 
0.504568    -0.007340 
0.508573    -0.007188 
0.512577    -0.007033 
0.516582    -0.006876 
0.520586    -0.006716 
0.524591    -0.006554 
0.528595    -0.006390 
0.532600    -0.006223 
0.536604    -0.006053 
0.540609    -0.005882 
0.544613    -0.005708 
0.548618    -0.005531 
0.552622    -0.005352 
0.556627    -0.005171 
0.560631    -0.004988 
0.564636    -0.004802 
0.568640    -0.004613 
0.572645    -0.004422 
0.576649    -0.004229 
0.580654    -0.004033 
0.584658    -0.003835 
0.588663    -0.003635 
0.592667    -0.003432 
0.596672    -0.003227 
0.600676    -0.003019 
0.604681    -0.002809 
0.608685    -0.002596 
0.612690    -0.002381 
0.616694    -0.002164 
0.620699    -0.001944 
0.624703    -0.001721 
0.628708    -0.001496 
0.632712    -0.001269 
0.636717    -0.001039 
0.640721    -0.000807 
0.644726    -0.000572 
0.648730    -0.000334 
0.652735    -0.000094 
0.656739    0.000148 
0.660744    0.000393 
0.664748    0.000641 
0.668753    0.000891 
0.672757    0.001144 
0.676762    0.001400 
0.680766    0.001658 
0.684771    0.001919 
0.688775    0.002182 
0.692780    0.002449 
0.696784    0.002717 
0.700789    0.002989 
0.704793    0.003263 
0.708798    0.003540 
0.712802    0.003820 
0.716807    0.004103 
0.720811    0.004388 
0.724816    0.004676 
0.728820    0.004967 
0.732825    0.005261 
0.736829    0.005558 
0.740834    0.005858 
0.744838    0.006160 
0.748843    0.006466 
0.752848    0.006774 
0.756852    0.007086 
0.760857    0.007400 
0.764861    0.007718 
0.768866    0.008038 
0.772870    0.008362 
0.776875    0.008689 
0.780879    0.009018 
0.784884    0.009351 
0.788888    0.009688 
0.792893    0.010027 
0.796897    0.010369 
0.800902    0.010715 
0.804906    0.011064 
0.808911    0.011417 
0.812915    0.011772 
0.816920    0.012131 
0.820924    0.012494 
0.824929    0.012859 
0.828933    0.013229 
0.832938    0.013601 
0.836942    0.013977 
0.840947    0.014357 
0.844951    0.014740 
0.848956    0.015127 
0.852960    0.015517 
0.856965    0.015911 
0.860969    0.016309 
0.864974    0.016710 
0.868978    0.017115 
0.872983    0.017523 
0.876987    0.017936 
0.880992    0.018352 
0.884996    0.018772 
0.889001    0.019196 
0.893005    0.019623 
0.897010    0.020055 
0.901014    0.020491 
0.905019    0.020930 
0.909023    0.021374 
0.913028    0.021821 
0.917032    0.022273 
0.921037    0.022728 
0.925041    0.023188 
0.929046    0.023652 
0.933050    0.024120 
0.937055    0.024593 
0.941059    0.025069 
0.945064    0.025550 
0.949068    0.026035 
0.953073    0.026524 
0.957077    0.027018 
0.961082    0.027516 
0.965086    0.028019 
0.969091    0.028526 
0.973095    0.029037 
0.977100    0.029553 
0.981104    0.030074 
0.985109    0.030599 
0.989113    0.031128 
0.993118    0.031663 
0.997123    0.032201 
1.001127    0.032745 
1.005132    0.033293 
1.009136    0.033846 
1.013141    0.034404 
1.017145    0.034966 
1.021150    0.035534 
1.025154    0.036106 
1.029159    0.036683 
1.033163    0.037264 
1.037168    0.037851 
1.041172    0.038443 
1.045177    0.039039 
1.049181    0.039641 
1.053186    0.040248 
1.057190    0.040859 
1.061195    0.041476 
1.065199    0.042098 
1.069204    0.042725 
1.073208    0.043357 
1.077213    0.043994 
1.081217    0.044636 
1.085222    0.045282 
1.089226    0.045820 
1.093231    0.046184 
1.097235    0.046531 
1.101240    0.046878 
1.105244    0.047225 
1.109249    0.047571 
1.113253    0.047917 
1.117258    0.048262 
1.121262    0.048606 
1.125267    0.048951 
1.129271    0.049295 
1.133276    0.049638 
1.137280    0.049981 
1.141285    0.050324 
1.145289    0.050667 
1.149294    0.051009 
1.153298    0.051351 
1.157303    0.051692 
1.161307    0.052034 
1.165312    0.052375 
1.169316    0.052716 
1.173321    0.053056 
1.177325    0.053397 
1.181330    0.053737 
1.185334    0.054078 
1.189339    0.054418 
1.193343    0.054758 
1.197348    0.055099 
1.201352    0.055439 
1.205357    0.055779 
1.209361    0.056120 
1.213366    0.056460 
1.217370    0.056801 
1.221375    0.057142 
1.225379    0.057483 
1.229384    0.057825 
1.233388    0.058166 
1.237393    0.058509 
1.241397    0.058851 
1.245402    0.059194 
1.249407    0.059538 
1.253411    0.059882 
1.257416    0.060226 
1.261420    0.060572 
1.265425    0.060918 
1.269429    0.061264 
1.273434    0.061612 
1.277438    0.061960 
1.281443    0.062309 
1.285447    0.062659 
1.289452    0.063011 
1.293456    0.063363 
1.297461    0.063716 
1.301465    0.064071 
1.305470    0.064426 
1.309474    0.064783 
1.313479    0.065142 
1.317483    0.065502 
1.321488    0.065863 
1.325492    0.066226 
1.329497    0.066591 
1.333501    0.066957 
1.337506    0.067325 
1.341510    0.067695 
1.345515    0.068067 
1.349519    0.068441 
1.353524    0.068817 
1.357528    0.069195 
1.361533    0.069576 
1.365537    0.069958 
1.369542    0.070344 
1.373546    0.070731 
1.377551    0.071122 
1.381555    0.071515 
1.385560    0.071910 
1.389564    0.072309 
1.393569    0.072710 
1.397573    0.073115 
1.401578    0.073523 
1.405582    0.073934 
1.409587    0.074348 
1.413591    0.074765 
1.417596    0.075187 
1.421600    0.075611 
1.425605    0.076040 
1.429609    0.076472 
1.433614    0.076908 
1.437618    0.077349 
1.441623    0.077793 
1.445627    0.078241 
1.449632    0.078694 
1.453636    0.079152 
1.457641    0.079614 
1.461645    0.080080 
1.465650    0.080552 
1.469654    0.081028 
1.473659    0.081509 
1.477663    0.081996 
1.481668    0.082487 
1.485672    0.082984 
1.489677    0.083487 
1.493682    0.083995 
1.497686    0.084508 
1.501691    0.085028 
1.505695    0.085553 
1.509700    0.086085 
1.513704    0.086623 
1.517709    0.087166 
1.521713    0.087717 
1.525718    0.088274 
1.529722    0.088837 
1.533727    0.089407 
1.537731    0.089984 
1.541736    0.090568 
1.545740    0.091160 
1.549745    0.091758 
1.553749    0.092364 
1.557754    0.092977 
1.561758    0.093598 
1.565763    0.094226 
1.569767    0.094862 
1.573772    0.095506 
1.577776    0.096159 
1.581781    0.096819 
1.585785    0.097488 
1.589790    0.098165 
1.593794    0.098850 
1.597799    0.099544 
1.601803    0.100247 
1.605808    0.100958 
1.609812    0.101679 
1.613817    0.102408 
1.617821    0.103147 
1.621826    0.103894 
1.625830    0.104651 
1.629835    0.105418 
1.633839    0.106194 
1.637844    0.106979 
1.641848    0.107775 
1.645853    0.108579 
1.649857    0.109394 
1.653862    0.110219 
1.657866    0.111054 
1.661871    0.111899 
1.665875    0.112754 
1.669880    0.113619 
1.673884    0.114495 
1.677889    0.115380 
1.681893    0.116277 
1.685898    0.117184 
1.689902    0.118101 
1.693907    0.119029 
1.697911    0.119968 
1.701916    0.120918 
1.705920    0.121878 
1.709925    0.122849 
1.713929    0.123831 
1.717934    0.124823 
1.721938    0.125827 
1.725943    0.126842 
1.729947    0.127867 
1.733952    0.128904 
1.737956    0.129952 
1.741961    0.131010 
1.745966    0.132080 
1.749970    0.133161 
1.753975    0.134253 
1.757979    0.135355 
1.761984    0.136469 
1.765988    0.137594 
1.769993    0.138730 
1.773997    0.139877 
1.778002    0.141035 
1.782006    0.142204 
1.786011    0.143384 
1.790015    0.144574 
1.794020    0.145776 
1.798024    0.146989 
1.802029    0.148212 
1.806033    0.149446 
1.810038    0.150691 
1.814042    0.151946 
1.818047    0.153212 
1.822051    0.154488 
1.826056    0.155775 
1.830060    0.157073 
1.834065    0.158380 
1.838069    0.159698 
1.842074    0.161026 
1.846078    0.162365 
1.850083    0.163713 
1.854087    0.165071 
1.858092    0.166439 
1.862096    0.167817 
1.866101    0.169204 
1.870105    0.170601 
1.874110    0.172007 
1.878114    0.173423 
1.882119    0.174848 
1.886123    0.176282 
1.890128    0.177725 
1.894132    0.179177 
1.898137    0.180638 
1.902141    0.182107 
1.906146    0.183585 
1.910150    0.185071 
1.914155    0.186565 
1.918159    0.188068 
1.922164    0.189578 
1.926168    0.191097 
1.930173    0.192623 
1.934177    0.194157 
1.938182    0.195698 
1.942186    0.197246 
1.946191    0.198802 
1.950195    0.200365 
1.954200    0.201934 
1.958204    0.203511 
1.962209    0.205093 
1.966213    0.206683 
1.970218    0.208278 
1.974222    0.209880 
1.978227    0.211488 
1.982231    0.213101 
1.986236    0.214720 
1.990241    0.216345 
1.994245    0.217975 
1.998250    0.219610 
2.002254    0.221251 
2.006259    0.222896 
2.010263    0.224546 
2.014268    0.226201 
2.018272    0.227860 
2.022277    0.229523 
2.026281    0.231191 
2.030286    0.232862 
2.034290    0.234537 
2.038295    0.236216 
2.042299    0.237899 
2.046304    0.239584 
2.050308    0.241274 
2.054313    0.242966 
2.058317    0.244661 
2.062322    0.246358 
2.066326    0.248059 
2.070331    0.249762 
2.074335    0.251467 
2.078340    0.253174 
2.082344    0.254884 
2.086349    0.256595 
2.090353    0.258308 
2.094358    0.260022 
2.098362    0.261738 
2.102367    0.263456 
2.106371    0.265174 
2.110376    0.266894 
2.114380    0.268614 
2.118385    0.270336 
2.122389    0.272058 
2.126394    0.273780 
2.130398    0.275503 
2.134403    0.277226 
2.138407    0.278920 
2.142412    0.280139 
2.146416    0.280963 
2.150421    0.281770 
2.154425    0.282573 
2.158430    0.283371 
2.162434    0.284164 
2.166439    0.284952 
2.170443    0.285736 
2.174448    0.286514 
2.178452    0.287287 
2.182457    0.288056 
2.186461    0.288819 
2.190466    0.289578 
2.194470    0.290331 
2.198475    0.291080 
2.202479    0.291823 
2.206484    0.292562 
2.210488    0.293295 
2.214493    0.294023 
2.218497    0.294746 
2.222502    0.295464 
2.226506    0.296176 
2.230511    0.296884 
2.234515    0.297586 
2.238520    0.298283 
2.242525    0.298975 
2.246529    0.299662 
2.250534    0.300343 
2.254538    0.301019 
2.258543    0.301690 
2.262547    0.302356 
2.266552    0.303016 
2.270556    0.303671 
2.274561    0.304321 
2.278565    0.304965 
2.282570    0.305605 
2.286574    0.306239 
2.290579    0.306867 
2.294583    0.307490 
2.298588    0.308108 
2.302592    0.308721 
2.306597    0.309329 
2.310601    0.309931 
2.314606    0.310528 
2.318610    0.311119 
2.322615    0.311705 
2.326619    0.312286 
2.330624    0.312862 
2.334628    0.313433 
2.338633    0.313998 
2.342637    0.314558 
2.346642    0.315113 
2.350646    0.315663 
2.354651    0.316208 
2.358655    0.316747 
2.362660    0.317282 
2.366664    0.317811 
2.370669    0.318335 
2.374673    0.318854 
2.378678    0.319369 
2.382682    0.319878 
2.386687    0.320382 
2.390691    0.320882 
2.394696    0.321376 
2.398700    0.321866 
2.402705    0.322351 
2.406709    0.322831 
2.410714    0.323307 
2.414718    0.323778 
2.418723    0.324244 
2.422727    0.324706 
2.426732    0.325163 
2.430736    0.325616 
2.434741    0.326064 
2.438745    0.326508 
2.442750    0.326948 
2.446754    0.327384 
2.450759    0.327815 
2.454763    0.328243 
2.458768    0.328666 
2.462772    0.329086 
2.466777    0.329501 
2.470781    0.329913 
2.474786    0.330321 
2.478790    0.330726 
2.482795    0.331127 
2.486800    0.331525 
2.490804    0.331919 
2.494809    0.332310 
2.498813    0.332698 
2.502818    0.333082 
2.506822    0.333464 
2.510827    0.333843 
2.514831    0.334219 
2.518836    0.334593 
2.522840    0.334963 
2.526845    0.335332 
2.530849    0.335698 
2.534854    0.336062 
2.538858    0.336423 
2.542863    0.336783 
2.546867    0.337141 
2.550872    0.337497 
2.554876    0.337851 
2.558881    0.338204 
2.562885    0.338556 
2.566890    0.338906 
2.570894    0.339255 
2.574899    0.339604 
2.578903    0.339951 
2.582908    0.340297 
2.586912    0.340643 
2.590917    0.340989 
2.594921    0.341334 
2.598926    0.341679 
2.602930    0.342024 
2.606935    0.342369 
2.610939    0.342715 
2.614944    0.343061 
2.618948    0.343407 
2.622953    0.343754 
2.626957    0.344102 
2.630962    0.344451 
2.634966    0.344801 
2.638971    0.345152 
2.642975    0.345505 
2.646980    0.345859 
2.650984    0.346216 
2.654989    0.346573 
2.658993    0.346933 
2.662998    0.347296 
2.667002    0.347660 
2.671007    0.348027 
2.675011    0.348397 
2.679016    0.348769 
2.683020    0.349144 
2.687025    0.349522 
2.691029    0.349904 
2.695034    0.350288 
2.699038    0.350676 
2.703043    0.351068 
2.707047    0.351463 
2.711052    0.351863 
2.715056    0.352266 
2.719061    0.352673 
2.723065    0.353085 
2.727070    0.353500 
2.731074    0.353921 
2.735079    0.354346 
2.739084    0.354775 
2.743088    0.355210 
2.747093    0.355649 
2.751097    0.356093 
2.755102    0.356542 
2.759106    0.356997 
2.763111    0.357457 
2.767115    0.357922 
2.771120    0.358393 
2.775124    0.358869 
2.779129    0.359351 
2.783133    0.359838 
2.787138    0.360332 
2.791142    0.360831 
2.795147    0.361336 
2.799151    0.361847 
2.803156    0.362364 
2.807160    0.362887 
2.811165    0.363417 
2.815169    0.363952 
2.819174    0.364494 
2.823178    0.365042 
2.827183    0.365596 
2.831187    0.366156 
2.835192    0.366723 
2.839196    0.367296 
2.843201    0.367875 
2.847205    0.368461 
2.851210    0.369053 
2.855214    0.369652 
2.859219    0.370257 
2.863223    0.370868 
2.867228    0.371486 
2.871232    0.372110 
2.875237    0.372740 
2.879241    0.373377 
2.883246    0.374020 
2.887250    0.374669 
2.891255    0.375324 
2.895259    0.375986 
2.899264    0.376653 
2.903268    0.377327 
2.907273    0.378007 
2.911277    0.378693 
2.915282    0.379385 
2.919286    0.380083 
2.923291    0.380786 
2.927295    0.381496 
2.931300    0.382211 
2.935304    0.382932 
2.939309    0.383658 
2.943313    0.384390 
2.947318    0.385128 
2.951322    0.385871 
2.955327    0.386619 
2.959331    0.387373 
2.963336    0.388131 
2.967340    0.388895 
2.971345    0.389664 
2.975349    0.390438 
2.979354    0.391216 
2.983359    0.392000 
2.987363    0.392788 
2.991368    0.393580 
2.995372    0.394377 
2.999377    0.395179 
3.003381    0.395985 
3.007386    0.396795 
3.011390    0.397609 
3.015395    0.398427 
3.019399    0.399249 
3.023404    0.400076 
3.027408    0.400905 
3.031413    0.401739 
3.035417    0.402576 
3.039422    0.403416 
3.043426    0.404260 
3.047431    0.405107 
3.051435    0.405958 
3.055440    0.406811 
3.059444    0.407668 
3.063449    0.408527 
3.067453    0.409389 
3.071458    0.410254 
3.075462    0.411122 
3.079467    0.411992 
3.083471    0.412865 
3.087476    0.413740 
3.091480    0.414617 
3.095485    0.415496 
3.099489    0.416377 
3.103494    0.417261 
3.107498    0.418146 
3.111503    0.419033 
3.115507    0.419922 
3.119512    0.420813 
3.123516    0.421705 
3.127521    0.422598 
3.131525    0.423493 
3.135530    0.424389 
3.139534    0.425287 
3.143539    0.426186 
3.147543    0.427085 
3.151548    0.427986 
3.155552    0.428888 
3.159557    0.429790 
3.163561    0.430693 
3.167566    0.431597 
3.171570    0.432502 
3.175575    0.433407 
3.179579    0.434313 
3.183584    0.435219 
3.187588    0.436125 
3.191593    0.437032 
3.195597    0.437939 
3.199602    0.438846 
3.203606    0.439753 
3.207611    0.440660 
3.211615    0.441567 
3.215620    0.442474 
3.219624    0.443381 
3.223629    0.444288 
3.227633    0.445194 
3.231638    0.446100 
3.235643    0.447006 
3.239647    0.447911 
3.243652    0.448816 
3.247656    0.449720 
3.251661    0.450624 
3.255665    0.451527 
3.259670    0.452429 
3.263674    0.453331 
3.267679    0.454232 
3.271683    0.455132 
3.275688    0.456031 
3.279692    0.456929 
3.283697    0.457827 
3.287701    0.458723 
3.291706    0.459618 
3.295710    0.460513 
3.299715    0.461406 
3.303719    0.462298 
3.307724    0.463189 
3.311728    0.464079 
3.315733    0.464967 
3.319737    0.465854 
3.323742    0.466740 
3.327746    0.467625 
3.331751    0.468508 
3.335755    0.469390 
3.339760    0.470270 
3.343764    0.471149 
3.347769    0.472026 
3.351773    0.472902 
3.355778    0.473777 
3.359782    0.474650 
3.363787    0.475521 
3.367791    0.476391 
3.371796    0.477259 
3.375800    0.478125 
3.379805    0.478990 
3.383809    0.479853 
3.387814    0.480714 
3.391818    0.481574 
3.395823    0.482432 
3.399827    0.483288 
3.403832    0.484142 
3.407836    0.484994 
3.411841    0.485845 
3.415845    0.486694 
3.419850    0.487541 
3.423854    0.488386 
3.427859    0.489229 
3.431863    0.490071 
3.435868    0.490910 
3.439872    0.491748 
3.443877    0.492584 
3.447881    0.493417 
3.451886    0.494249 
3.455890    0.495079 
3.459895    0.495907 
3.463899    0.496732 
3.467904    0.497556 
3.471908    0.498378 
3.475913    0.499198 
3.479918    0.500016 
3.483922    0.500832 
3.487927    0.501646 
3.491931    0.502457 
3.495936    0.503267 
3.499940    0.504075 
3.503945    0.504881 
3.507949    0.505684 
3.511954    0.506486 
3.515958    0.507285 
3.519963    0.508083 
3.523967    0.508878 
3.527972    0.509671 
3.531976    0.510462 
3.535981    0.511251 
3.539985    0.512038 
3.543990    0.512823 
3.547994    0.513606 
3.551999    0.514387 
3.556003    0.515166 
3.560008    0.515942 
3.564012    0.516717 
3.568017    0.517489 
3.572021    0.518259 
3.576026    0.519027 
3.580030    0.519793 
3.584035    0.520557 
3.588039    0.521319 
3.592044    0.522079 
3.596048    0.522837 
3.600053    0.523592 
3.604057    0.524346 
3.608062    0.525097 
3.612066    0.525846 
3.616071    0.526594 
3.620075    0.527339 
3.624080    0.528082 
3.628084    0.528823 
3.632089    0.529562 
3.636093    0.530298 
3.640098    0.531033 
3.644102    0.531766 
3.648107    0.532496 
3.652111    0.533225 
3.656116    0.533951 
3.660120    0.534675 
3.664125    0.535398 
3.668129    0.536118 
3.672134    0.536836 
3.676138    0.537552 
3.680143    0.538266 
3.684147    0.538978 
3.688152    0.539688 
3.692156    0.540396 
3.696161    0.541102 
3.700165    0.541806 
3.704170    0.542508 
3.708174    0.543208 
3.712179    0.543906 
3.716183    0.544601 
3.720188    0.545295 
3.724192    0.545987 
3.728197    0.546677 
3.732202    0.547365 
3.736206    0.548050 
3.740211    0.548734 
3.744215    0.549416 
3.748220    0.550096 
3.752224    0.550774 
3.756229    0.551450 
3.760233    0.552124 
3.764238    0.552796 
3.768242    0.553466 
3.772247    0.554134 
3.776251    0.554801 
3.780256    0.555465 
3.784260    0.556127 
3.788265    0.556788 
3.792269    0.557446 
3.796274    0.558103 
3.800278    0.558758 
3.804283    0.559411 
3.808287    0.560061 
3.812292    0.560711 
3.816296    0.561358 
3.820301    0.562003 
3.824305    0.562646 
3.828310    0.563288 
3.832314    0.563928 
3.836319    0.564566 
3.840323    0.565202 
3.844328    0.565836 
3.848332    0.566468 
3.852337    0.567099 
3.856341    0.567727 
3.860346    0.568354 
3.864350    0.568979 
3.868355    0.569603 
3.872359    0.570224 
3.876364    0.570844 
3.880368    0.571462 
3.884373    0.572078 
3.888377    0.572692 
3.892382    0.573305 
3.896386    0.573916 
3.900391    0.574525 
3.904395    0.575132 
3.908400    0.575737 
3.912404    0.576341 
3.916409    0.576943 
3.920413    0.577544 
3.924418    0.578142 
3.928422    0.578739 
3.932427    0.579334 
3.936431    0.579928 
3.940436    0.580520 
3.944440    0.581110 
3.948445    0.581698 
3.952449    0.582285 
3.956454    0.582870 
3.960458    0.583454 
3.964463    0.584035 
3.968467    0.584615 
3.972472    0.585194 
3.976477    0.585771 
3.980481    0.586346 
3.984486    0.586919 
3.988490    0.587491 
3.992495    0.588062 
3.996499    0.588630 
4.000504    0.589197 
4.004508    0.589763 
4.008513    0.590327 
4.012517    0.590889 
4.016522    0.591450 
4.020526    0.592009 
4.024531    0.592566 
4.028535    0.593122 
4.032540    0.593677 
4.036544    0.594230 
4.040549    0.594781 
4.044553    0.595331 
4.048558    0.595879 
4.052562    0.596426 
4.056567    0.596971 
4.060571    0.597514 
4.064576    0.598057 
4.068580    0.598597 
4.072585    0.599136 
4.076589    0.599674 
4.080594    0.600210 
4.084598    0.600745 
4.088603    0.601278 
4.092607    0.601809 
4.096612    0.602340 
4.100616    0.602868 
4.104621    0.603396 
4.108625    0.603921 
4.112630    0.604446 
4.116634    0.604969 
4.120639    0.605490 
4.124643    0.606010 
4.128648    0.606529 
4.132652    0.607046 
4.136657    0.607562 
4.140661    0.608076 
4.144666    0.608589 
4.148670    0.609100 
4.152675    0.609611 
4.156679    0.610119 
4.160684    0.610627 
4.164688    0.611133 
4.168693    0.611637 
4.172697    0.612140 
4.176702    0.612642 
4.180706    0.613143 
4.184711    0.613642 
4.188715    0.614140 
4.192720    0.614636 
4.196724    0.615131 
4.200729    0.615625 
4.204733    0.616117 
4.208738    0.616609 
4.212742    0.617098 
4.216747    0.617587 
4.220751    0.618074 
4.224756    0.618560 
4.228761    0.619044 
4.232765    0.619528 
4.236770    0.620009 
4.240774    0.620490 
4.244779    0.620969 
4.248783    0.621448 
4.252788    0.621924 
4.256792    0.622400 
4.260797    0.622874 
4.264801    0.623347 
4.268806    0.623819 
4.272810    0.624290 
4.276815    0.624759 
4.280819    0.625227 
4.284824    0.625694 
4.288828    0.626159 
4.292833    0.626623 
4.296837    0.627087 
4.300842    0.627548 
4.304846    0.628009 
4.308851    0.628469 
4.312855    0.628927 
4.316860    0.629384 
4.320864    0.629840 
4.324869    0.630294 
4.328873    0.630748 
4.332878    0.631200 
4.336882    0.631651 
4.340887    0.632101 
4.344891    0.632550 
4.348896    0.632997 
4.352900    0.633444 
4.356905    0.633889 
4.360909    0.634333 
4.364914    0.634776 
4.368918    0.635218 
4.372923    0.635659 
4.376927    0.636098 
4.380932    0.636537 
4.384936    0.636974 
4.388941    0.637410 
4.392945    0.637845 
4.396950    0.638279 
4.400954    0.638712 
4.404959    0.639143 
4.408963    0.639574 
4.412968    0.640003 
4.416972    0.640432 
4.420977    0.640859 
4.424981    0.641285 
4.428986    0.641710 
4.432990    0.642134 
4.436995    0.642557 
4.440999    0.642979 
4.445004    0.643400 
4.449008    0.643820 
4.453013    0.644238 
4.457017    0.644656 
4.461022    0.645072 
4.465026    0.645488 
4.469031    0.645902 
4.473036    0.646316 
4.477040    0.646728 
4.481045    0.647139 
4.485049    0.647550 
4.489054    0.647959 
4.493058    0.648367 
4.497063    0.648774 
4.501067    0.649181 
4.505072    0.649586 
4.509076    0.649990 
4.513081    0.650393 
4.517085    0.650795 
4.521090    0.651196 
4.525094    0.651596 
4.529099    0.651996 
4.533103    0.652394 
4.537108    0.652791 
4.541112    0.653187 
4.545117    0.653582 
4.549121    0.653976 
4.553126    0.654370 
4.557130    0.654762 
4.561135    0.655153 
4.565139    0.655543 
4.569144    0.655933 
4.573148    0.656321 
4.577153    0.656709 
4.581157    0.657095 
4.585162    0.657481 
4.589166    0.657865 
4.593171    0.658249 
4.597175    0.658632 
4.601180    0.659013 
4.605184    0.659394 
4.609189    0.659774 
4.613193    0.660153 
4.617198    0.660531 
4.621202    0.660908 
4.625207    0.661285 
4.629211    0.661660 
4.633216    0.662034 
4.637220    0.662408 
4.641225    0.662780 
4.645229    0.663152 
4.649234    0.663523 
4.653238    0.663893 
4.657243    0.664262 
4.661247    0.664630 
4.665252    0.664997 
4.669256    0.665363 
4.673261    0.665729 
4.677265    0.666093 
4.681270    0.666457 
4.685274    0.666820 
4.689279    0.667182 
4.693283    0.667543 
4.697288    0.667903 
4.701292    0.668262 
4.705297    0.668621 
4.709301    0.668979 
4.713306    0.669335 
4.717310    0.669691 
4.721315    0.670046 
4.725320    0.670401 
4.729324    0.670754 
4.733329    0.671107 
4.737333    0.671458 
4.741338    0.671809 
4.745342    0.672159 
4.749347    0.672509 
4.753351    0.672857 
4.757356    0.673205 
4.761360    0.673551 
4.765365    0.673897 
4.769369    0.674242 
4.773374    0.674587 
4.777378    0.674930 
4.781383    0.675273 
4.785387    0.675615 
4.789392    0.675956 
4.793396    0.676296 
4.797401    0.676636 
4.801405    0.676974 
4.805410    0.677312 
4.809414    0.677649 
4.813419    0.677986 
4.817423    0.678321 
4.821428    0.678656 
4.825432    0.678990 
4.829437    0.679323 
4.833441    0.679656 
4.837446    0.679987 
4.841450    0.680318 
4.845455    0.680648 
4.849459    0.680978 
4.853464    0.681306 
4.857468    0.681634 
4.861473    0.681961 
4.865477    0.682288 
4.869482    0.682613 
4.873486    0.682938 
4.877491    0.683262 
4.881495    0.683585 
4.885500    0.683908 
4.889504    0.684230 
4.893509    0.684551 
4.897513    0.684871 
4.901518    0.685191 
4.905522    0.685510 
4.909527    0.685828 
4.913531    0.686145 
4.917536    0.686462 
4.921540    0.686778 
4.925545    0.687093 
4.929549    0.687408 
4.933554    0.687722 
4.937558    0.688035 
4.941563    0.688347 
4.945567    0.688659 
4.949572    0.688970 
4.953576    0.689280 
4.957581    0.689590 
4.961585    0.689899 
4.965590    0.690207 
4.969595    0.690514 
4.973599    0.690821 
4.977604    0.691127 
4.981608    0.691433 
4.985613    0.691737 
4.989617    0.692041 
4.993622    0.692345 
4.997626    0.692647 
5.001631    0.692949 
5.005635    0.693251 
5.009640    0.693551 
5.013644    0.693851 
5.017649    0.694150 
5.021653    0.694449 
5.025658    0.694747 
5.029662    0.695044 
5.033667    0.695341 
5.037671    0.695637 
5.041676    0.695932 
5.045680    0.696227 
5.049685    0.696521 
5.053689    0.696814 
5.057694    0.697107 
5.061698    0.697399 
5.065703    0.697690 
5.069707    0.697981 
5.073712    0.698271 
5.077716    0.698560 
5.081721    0.698849 
5.085725    0.699137 
5.089730    0.699425 
5.093734    0.699711 
5.097739    0.699998 
5.101743    0.700283 
5.105748    0.700568 
5.109752    0.700853 
5.113757    0.701136 
5.117761    0.701419 
5.121766    0.701702 
5.125770    0.701984 
5.129775    0.702265 
5.133779    0.702546 
5.137784    0.702826 
5.141788    0.703105 
5.145793    0.703384 
5.149797    0.703662 
5.153802    0.703940 
5.157806    0.704217 
5.161811    0.704493 
5.165815    0.704769 
5.169820    0.705044 
5.173824    0.705318 
5.177829    0.705592 
5.181833    0.705866 
5.185838    0.706138 
5.189842    0.706411 
5.193847    0.706682 
5.197851    0.706953 
5.201856    0.707224 
5.205860    0.707493 
5.209865    0.707763 
5.213869    0.708031 
5.217874    0.708299 
5.221879    0.708567 
5.225883    0.708834 
5.229888    0.709100 
5.233892    0.709366 
5.237897    0.709631 
5.241901    0.709896 
5.245906    0.710160 
5.249910    0.710423 
5.253915    0.710686 
5.257919    0.710949 
5.261924    0.711210 
5.265928    0.711472 
5.269933    0.711732 
5.273937    0.711992 
5.277942    0.712252 
5.281946    0.712511 
5.285951    0.712769 
5.289955    0.713027 
5.293960    0.713285 
5.297964    0.713541 
5.301969    0.713798 
5.305973    0.714053 
5.309978    0.714309 
5.313982    0.714563 
5.317987    0.714817 
5.321991    0.715071 
5.325996    0.715324 
5.330000    0.715576 
5.334005    0.715828 
5.338009    0.716080 
5.342014    0.716331 
5.346018    0.716581 
5.350023    0.716831 
5.354027    0.717080 
5.358032    0.717329 
5.362036    0.717577 
5.366041    0.717825 
5.370045    0.718072 
5.374050    0.718319 
5.378054    0.718565 
5.382059    0.718810 
5.386063    0.719055 
5.390068    0.719300 
5.394072    0.719544 
5.398077    0.719788 
5.402081    0.720031 
5.406086    0.720273 
5.410090    0.720515 
5.414095    0.720757 
5.418099    0.720998 
5.422104    0.721239 
5.426108    0.721479 
5.430113    0.721718 
5.434117    0.721957 
5.438122    0.722196 
5.442126    0.722434 
5.446131    0.722671 
5.450135    0.722908 
5.454140    0.723145 
5.458144    0.723381 
5.462149    0.723617 
5.466154    0.723852 
5.470158    0.724086 
5.474163    0.724321 
5.478167    0.724554 
5.482172    0.724787 
5.486176    0.725020 
5.490181    0.725252 
5.494185    0.725484 
5.498190    0.725715 
5.502194    0.725946 
5.506199    0.726176 
5.510203    0.726406 
5.514208    0.726635 
5.518212    0.726864 
5.522217    0.727093 
5.526221    0.727321 
5.530226    0.727548 
5.534230    0.727775 
5.538235    0.728002 
5.542239    0.728228 
5.546244    0.728453 
5.550248    0.728679 
5.554253    0.728903 
5.558257    0.729127 
5.562262    0.729351 
5.566266    0.729575 
5.570271    0.729797 
5.574275    0.730020 
5.578280    0.730242 
5.582284    0.730463 
5.586289    0.730684 
5.590293    0.730905 
5.594298    0.731125 
5.598302    0.731345 
5.602307    0.731564 
5.606311    0.731783 
5.610316    0.732001 
5.614320    0.732219 
5.618325    0.732437 
5.622329    0.732654 
5.626334    0.732871 
5.630338    0.733087 
5.634343    0.733302 
5.638347    0.733518 
5.642352    0.733733 
5.646356    0.733947 
5.650361    0.734161 
5.654365    0.734375 
5.658370    0.734588 
5.662374    0.734801 
5.666379    0.735013 
5.670383    0.735225 
5.674388    0.735436 
5.678392    0.735647 
5.682397    0.735858 
5.686401    0.736068 
5.690406    0.736278 
5.694410    0.736487 
5.698415    0.736696 
5.702419    0.736905 
5.706424    0.737113 
5.710428    0.737321 
5.714433    0.737528 
5.718438    0.737735 
5.722442    0.737941 
5.726447    0.738147 
5.730451    0.738353 
5.734456    0.738558 
5.738460    0.738763 
5.742465    0.738967 
5.746469    0.739171 
5.750474    0.739375 
5.754478    0.739578 
5.758483    0.739781 
5.762487    0.739983 
5.766492    0.740185 
5.770496    0.740387 
5.774501    0.740588 
5.778505    0.740789 
5.782510    0.740990 
5.786514    0.741190 
5.790519    0.741389 
5.794523    0.741588 
5.798528    0.741787 
5.802532    0.741986 
5.806537    0.742184 
5.810541    0.742381 
5.814546    0.742579 
5.818550    0.742776 
5.822555    0.742972 
5.826559    0.743168 
5.830564    0.743364 
5.834568    0.743559 
5.838573    0.743754 
5.842577    0.743949 
5.846582    0.744143 
5.850586    0.744337 
5.854591    0.744531 
5.858595    0.744724 
5.862600    0.744917 
5.866604    0.745109 
5.870609    0.745301 
5.874613    0.745492 
5.878618    0.745684 
5.882622    0.745875 
5.886627    0.746065 
5.890631    0.746255 
5.894636    0.746445 
5.898640    0.746634 
5.902645    0.746823 
5.906649    0.747012 
5.910654    0.747200 
5.914658    0.747388 
5.918663    0.747576 
5.922667    0.747763 
5.926672    0.747950 
5.930676    0.748136 
5.934681    0.748323 
5.938685    0.748508 
5.942690    0.748694 
5.946694    0.748879 
5.950699    0.749064 
5.954703    0.749248 
5.958708    0.749432 
5.962713    0.749616 
5.966717    0.749799 
5.970722    0.749982 
5.974726    0.750164 
5.978731    0.750347 
5.982735    0.750529 
5.986740    0.750710 
5.990744    0.750891 
5.994749    0.751072 
5.998753    0.751253 
6.002758    0.751433 
6.006762    0.751613 
6.010767    0.751792 
6.014771    0.751972 
6.018776    0.752150 
6.022780    0.752329 
6.026785    0.752507 
6.030789    0.752685 
6.034794    0.752862 
6.038798    0.753039 
6.042803    0.753216 
6.046807    0.753393 
6.050812    0.753569 
6.054816    0.753745 
6.058821    0.753920 
6.062825    0.754095 
6.066830    0.754270 
6.070834    0.754445 
6.074839    0.754619 
6.078843    0.754793 
6.082848    0.754966 
6.086852    0.755139 
6.090857    0.755312 
6.094861    0.755485 
6.098866    0.755657 
6.102870    0.755829 
6.106875    0.756000 
6.110879    0.756172 
6.114884    0.756342 
6.118888    0.756513 
6.122893    0.756683 
6.126897    0.756853 
6.130902    0.757023 
6.134906    0.757192 
6.138911    0.757361 
6.142915    0.757530 
6.146920    0.757698 
6.150924    0.757867 
6.154929    0.758034 
6.158933    0.758202 
6.162938    0.758369 
6.166942    0.758536 
6.170947    0.758702 
6.174951    0.758869 
6.178956    0.759034 
6.182960    0.759200 
6.186965    0.759365 
6.190969    0.759530 
6.194974    0.759695 
6.198978    0.759859 
6.202983    0.760024 
6.206987    0.760187 
6.210992    0.760351 
6.214997    0.760514 
6.219001    0.760677 
6.223006    0.760840 
6.227010    0.761002 
6.231015    0.761164 
6.235019    0.761326 
6.239024    0.761487 
6.243028    0.761648 
6.247033    0.761809 
6.251037    0.761969 
6.255042    0.762130 
6.259046    0.762290 
6.263051    0.762449 
6.267055    0.762609 
6.271060    0.762768 
6.275064    0.762926 
6.279069    0.763085 
6.283073    0.763243 
6.287078    0.763401 
6.291082    0.763559 
6.295087    0.763716 
6.299091    0.763873 
6.303096    0.764030 
6.307100    0.764186 
6.311105    0.764342 
6.315109    0.764498 
6.319114    0.764654 
6.323118    0.764809 
6.327123    0.764964 
6.331127    0.765119 
6.335132    0.765274 
6.339136    0.765428 
6.343141    0.765582 
6.347145    0.765736 
6.351150    0.765889 
6.355154    0.766042 
6.359159    0.766195 
6.363163    0.766348 
6.367168    0.766500 
6.371172    0.766652 
6.375177    0.766804 
6.379181    0.766955 
6.383186    0.767106 
6.387190    0.767257 
6.391195    0.767408 
6.395199    0.767558 
6.399204    0.767709 
6.403208    0.767859 
6.407213    0.768008 
6.411217    0.768157 
6.415222    0.768307 
6.419226    0.768455 
6.423231    0.768604 
6.427235    0.768752 
6.431240    0.768900 
6.435244    0.769048 
6.439249    0.769195 
6.443253    0.769343 
6.447258    0.769490 
6.451262    0.769636 
6.455267    0.769783 
6.459272    0.769929 
6.463276    0.770075 
6.467281    0.770221 
6.471285    0.770366 
6.475290    0.770511 
6.479294    0.770656 
6.483299    0.770801 
6.487303    0.770945 
6.491308    0.771089 
6.495312    0.771233 
6.499317    0.771377 
6.503321    0.771520 
6.507326    0.771664 
6.511330    0.771806 
6.515335    0.771949 
6.519339    0.772092 
6.523344    0.772234 
6.527348    0.772376 
6.531353    0.772517 
6.535357    0.772659 
6.539362    0.772800 
6.543366    0.772941 
6.547371    0.773081 
6.551375    0.773222 
6.555380    0.773362 
6.559384    0.773502 
6.563389    0.773642 
6.567393    0.773781 
6.571398    0.773920 
6.575402    0.774059 
6.579407    0.774198 
6.583411    0.774336 
6.587416    0.774475 
6.591420    0.774613 
6.595425    0.774750 
6.599429    0.774888 
6.603434    0.775025 
6.607438    0.775162 
6.611443    0.775299 
6.615447    0.775436 
6.619452    0.775572 
6.623456    0.775708 
6.627461    0.775844 
6.631465    0.775980 
6.635470    0.776115 
6.639474    0.776250 
6.643479    0.776385 
6.647483    0.776520 
6.651488    0.776655 
6.655492    0.776789 
6.659497    0.776923 
6.663501    0.777057 
6.667506    0.777190 
6.671510    0.777324 
6.675515    0.777457 
6.679519    0.777590 
6.683524    0.777722 
6.687528    0.777855 
6.691533    0.777987 
6.695537    0.778119 
6.699542    0.778251 
6.703546    0.778382 
6.707551    0.778514 
6.711556    0.778645 
6.715560    0.778776 
6.719565    0.778906 
6.723569    0.779037 
6.727574    0.779167 
6.731578    0.779297 
6.735583    0.779427 
6.739587    0.779556 
6.743592    0.779685 
6.747596    0.779815 
6.751601    0.779944 
6.755605    0.780072 
6.759610    0.780201 
6.763614    0.780329 
6.767619    0.780457 
6.771623    0.780585 
6.775628    0.780712 
6.779632    0.780840 
6.783637    0.780967 
6.787641    0.781094 
6.791646    0.781221 
6.795650    0.781347 
6.799655    0.781474 
6.803659    0.781600 
6.807664    0.781726 
6.811668    0.781851 
6.815673    0.781977 
6.819677    0.782102 
6.823682    0.782227 
6.827686    0.782352 
6.831691    0.782477 
6.835695    0.782601 
6.839700    0.782725 
6.843704    0.782850 
6.847709    0.782973 
6.851713    0.783097 
6.855718    0.783220 
6.859722    0.783344 
6.863727    0.783467 
6.867731    0.783590 
6.871736    0.783712 
6.875740    0.783835 
6.879745    0.783957 
6.883749    0.784079 
6.887754    0.784201 
6.891758    0.784322 
6.895763    0.784444 
6.899767    0.784565 
6.903772    0.784686 
6.907776    0.784807 
6.911781    0.784927 
6.915785    0.785048 
6.919790    0.785168 
6.923794    0.785288 
6.927799    0.785408 
6.931803    0.785527 
6.935808    0.785647 
6.939812    0.785766 
6.943817    0.785885 
6.947821    0.786004 
6.951826    0.786123 
6.955831    0.786241 
6.959835    0.786359 
6.963840    0.786478 
6.967844    0.786595 
6.971849    0.786713 
6.975853    0.786831 
6.979858    0.786948 
6.983862    0.787065 
6.987867    0.787182 
6.991871    0.787299 
6.995876    0.787415 
6.999880    0.787532 
7.003885    0.787648 
7.007889    0.787764 
7.011894    0.787880 
7.015898    0.787995 
7.019903    0.788111 
7.023907    0.788226 
7.027912    0.788341 
7.031916    0.788456 
7.035921    0.788571 
7.039925    0.788685 
7.043930    0.788800 
7.047934    0.788914 
7.051939    0.789028 
7.055943    0.789142 
7.059948    0.789255 
7.063952    0.789369 
7.067957    0.789482 
7.071961    0.789595 
7.075966    0.789708 
7.079970    0.789821 
7.083975    0.789933 
7.087979    0.790045 
7.091984    0.790158 
7.095988    0.790270 
7.099993    0.790381 
7.103997    0.790493 
7.108002    0.790605 
7.112006    0.790716 
7.116011    0.790827 
7.120015    0.790938 
7.124020    0.791049 
7.128024    0.791159 
7.132029    0.791270 
7.136033    0.791380 
7.140038    0.791490 
7.144042    0.791600 
7.148047    0.791710 
7.152051    0.791819 
7.156056    0.791928 
7.160060    0.792038 
7.164065    0.792147 
7.168069    0.792256 
7.172074    0.792364 
7.176078    0.792473 
7.180083    0.792581 
7.184087    0.792689 
7.188092    0.792797 
7.192096    0.792905 
7.196101    0.793013 
7.200105    0.793120 
7.204110    0.793228 
7.208115    0.793335 
7.212119    0.793442 
7.216124    0.793549 
7.220128    0.793655 
7.224133    0.793762 
7.228137    0.793868 
7.232142    0.793974 
7.236146    0.794080 
7.240151    0.794186 
7.244155    0.794292 
7.248160    0.794397 
7.252164    0.794503 
7.256169    0.794608 
7.260173    0.794713 
7.264178    0.794818 
7.268182    0.794923 
7.272187    0.795027 
7.276191    0.795132 
7.280196    0.795236 
7.284200    0.795340 
7.288205    0.795444 
7.292209    0.795548 
7.296214    0.795651 
7.300218    0.795755 
7.304223    0.795858 
7.308227    0.795961 
7.312232    0.796064 
7.316236    0.796167 
7.320241    0.796269 
7.324245    0.796372 
7.328250    0.796474 
7.332254    0.796576 
7.336259    0.796678 
7.340263    0.796780 
7.344268    0.796882 
7.348272    0.796983 
7.352277    0.797085 
7.356281    0.797186 
7.360286    0.797287 
7.364290    0.797388 
7.368295    0.797489 
7.372299    0.797590 
7.376304    0.797690 
7.380308    0.797790 
7.384313    0.797891 
7.388317    0.797991 
7.392322    0.798090 
7.396326    0.798190 
7.400331    0.798290 
7.404335    0.798389 
7.408340    0.798488 
7.412344    0.798588 
7.416349    0.798687 
7.420353    0.798785 
7.424358    0.798884 
7.428362    0.798983 
7.432367    0.799081 
7.436371    0.799179 
7.440376    0.799277 
7.444380    0.799375 
7.448385    0.799473 
7.452390    0.799571 
7.456394    0.799668 
7.460399    0.799766 
7.464403    0.799863 
7.468408    0.799960 
7.472412    0.800057 
7.476417    0.800154 
7.480421    0.800250 
7.484426    0.800347 
7.488430    0.800443 
7.492435    0.800539 
7.496439    0.800635 
7.500444    0.800731 
7.504448    0.800827 
7.508453    0.800923 
7.512457    0.801018 
7.516462    0.801114 
7.520466    0.801209 
7.524471    0.801304 
7.528475    0.801399 
7.532480    0.801494 
7.536484    0.801588 
7.540489    0.801683 
7.544493    0.801777 
7.548498    0.801872 
7.552502    0.801966 
7.556507    0.802060 
7.560511    0.802153 
7.564516    0.802247 
7.568520    0.802341 
7.572525    0.802434 
7.576529    0.802527 
7.580534    0.802621 
7.584538    0.802714 
7.588543    0.802806 
7.592547    0.802899 
7.596552    0.802992 
7.600556    0.803084 
7.604561    0.803177 
7.608565    0.803269 
7.612570    0.803361 
7.616574    0.803453 
7.620579    0.803545 
7.624583    0.803636 
7.628588    0.803728 
7.632592    0.803819 
7.636597    0.803911 
7.640601    0.804002 
7.644606    0.804093 
7.648610    0.804184 
7.652615    0.804274 
7.656619    0.804365 
7.660624    0.804456 
7.664628    0.804546 
7.668633    0.804636 
7.672637    0.804726 
7.676642    0.804816 
7.680646    0.804906 
7.684651    0.804996 
7.688655    0.805085 
7.692660    0.805175 
7.696664    0.805264 
7.700669    0.805353 
7.704674    0.805442 
7.708678    0.805531 
7.712683    0.805620 
7.716687    0.805709 
7.720692    0.805797 
7.724696    0.805886 
7.728701    0.805974 
7.732705    0.806062 
7.736710    0.806151 
7.740714    0.806238 
7.744719    0.806326 
7.748723    0.806414 
7.752728    0.806502 
7.756732    0.806589 
7.760737    0.806676 
7.764741    0.806764 
7.768746    0.806851 
7.772750    0.806938 
7.776755    0.807024 
7.780759    0.807111 
7.784764    0.807198 
7.788768    0.807284 
7.792773    0.807371 
7.796777    0.807457 
7.800782    0.807543 
7.804786    0.807629 
7.808791    0.807715 
7.812795    0.807800 
7.816800    0.807886 
7.820804    0.807972 
7.824809    0.808057 
7.828813    0.808142 
7.832818    0.808227 
7.836822    0.808312 
7.840827    0.808397 
7.844831    0.808482 
7.848836    0.808567 
7.852840    0.808651 
7.856845    0.808736 
7.860849    0.808820 
7.864854    0.808904 
7.868858    0.808988 
7.872863    0.809072 
7.876867    0.809156 
7.880872    0.809240 
7.884876    0.809324 
7.888881    0.809407 
7.892885    0.809490 
7.896890    0.809574 
7.900894    0.809657 
7.904899    0.809740 
7.908903    0.809823 
7.912908    0.809906 
7.916912    0.809988 
7.920917    0.810071 
7.924921    0.810154 
7.928926    0.810236 
7.932930    0.810318 
7.936935    0.810400 
7.940939    0.810482 
7.944944    0.810564 
7.948949    0.810646 
7.952953    0.810728 
7.956958    0.810809 
7.960962    0.810891 
7.964967    0.810972 
7.968971    0.811053 
7.972976    0.811135 
7.976980    0.811216 
7.980985    0.811297 
7.984989    0.811377 
7.988994    0.811458 
7.992998    0.811539 
7.997003    0.811619 
8.001007    0.811700 
8.005012    0.811780 
