0.040025  0.998573   0.001427   
0.060038  0.997517   0.002483   
0.080050  0.996320   0.003680   
0.100063  0.995040   0.004960   
0.120075  0.993706   0.006294   
0.140088  0.992340   0.007660   
0.160100  0.990960   0.009040   
0.180113  0.989578   0.010422   
0.200125  0.988203   0.011797   
0.220138  0.986843   0.013157   
0.240150  0.985502   0.014498   
0.260163  0.984185   0.015815   
0.280175  0.982894   0.017106   
0.300188  0.981631   0.018369   
0.320200  0.980391   0.019609   
0.340213  0.979187   0.020813   
0.360226  0.978013   0.021987   
0.380238  0.976869   0.023131   
0.400251  0.975754   0.024246   
0.420263  0.974669   0.025331   
0.440276  0.973612   0.026388   
0.460288  0.972582   0.027418   
0.480301  0.971579   0.028421   
0.500313  0.970602   0.029398   
0.520326  0.969650   0.030350   
0.540338  0.968722   0.031278   
0.560351  0.967817   0.032183   
0.580363  0.966935   0.033065   
0.600376  0.966074   0.033926   
0.620388  0.965233   0.034767   
0.640401  0.964412   0.035588   
0.660413  0.963610   0.036390   
0.680426  0.962827   0.037173   
0.700439  0.962060   0.037940   
0.720451  0.961310   0.038690   
0.740464  0.960576   0.039424   
0.760476  0.959858   0.040142   
0.780489  0.959151   0.040849   
0.800501  0.958312   0.041688   
0.820514  0.957394   0.042606   
0.840526  0.956441   0.043559   
0.860539  0.955467   0.044533   
0.880551  0.954484   0.045516   
0.900564  0.953496   0.046504   
0.920576  0.952509   0.047491   
0.940589  0.951525   0.048475   
0.960601  0.950546   0.049454   
0.980614  0.949575   0.050425   
1.000626  0.948612   0.051388   
1.020639  0.947659   0.052341   
1.040652  0.946715   0.053285   
1.060664  0.945782   0.054218   
1.080677  0.944860   0.055140   
1.100689  0.943948   0.056052   
1.120702  0.943047   0.056953   
1.140714  0.942158   0.057842   
1.160727  0.941280   0.058720   
1.180739  0.940412   0.059588   
1.200752  0.939556   0.060444   
1.220764  0.938710   0.061290   
1.240777  0.937875   0.062125   
1.260789  0.937050   0.062950   
1.280802  0.936235   0.063765   
1.300814  0.935431   0.064569   
1.320827  0.934637   0.065363   
1.340839  0.933852   0.066148   
1.360852  0.933077   0.066923   
1.380865  0.932311   0.067689   
1.400877  0.931554   0.068446   
1.420890  0.930806   0.069194   
1.440902  0.930066   0.069934   
1.460915  0.929336   0.070664   
1.480927  0.928613   0.071387   
1.500940  0.927899   0.072101   
1.520952  0.927192   0.072808   
1.540965  0.926493   0.073507   
1.560977  0.925802   0.074198   
1.580990  0.925118   0.074882   
1.601002  0.924442   0.075558   
1.621015  0.923772   0.076228   
1.641027  0.923109   0.076891   
1.661040  0.922453   0.077547   
1.681052  0.921804   0.078196   
1.701065  0.921161   0.078839   
1.721077  0.920524   0.079476   
1.741090  0.919894   0.080106   
1.761103  0.919269   0.080731   
1.781115  0.918650   0.081350   
1.801128  0.918037   0.081963   
1.821140  0.917430   0.082570   
1.841153  0.916828   0.083172   
1.861165  0.916232   0.083768   
1.881178  0.915641   0.084359   
1.901190  0.915055   0.084945   
1.921203  0.914474   0.085526   
1.941215  0.913898   0.086102   
1.961228  0.913327   0.086673   
1.981240  0.912761   0.087239   
2.001253  0.912199   0.087801   
2.021265  0.911643   0.088357   
2.041278  0.911090   0.088910   
2.061290  0.910542   0.089458   
2.081303  0.909998   0.090002   
2.101316  0.909459   0.090541   
2.121328  0.908924   0.091076   
2.141341  0.908393   0.091607   
2.161353  0.907866   0.092134   
2.181366  0.907343   0.092657   
2.201378  0.906824   0.093176   
2.221391  0.906308   0.093692   
2.241403  0.905797   0.094203   
2.261416  0.905289   0.094711   
2.281428  0.904785   0.095215   
2.301441  0.904284   0.095716   
2.321453  0.903787   0.096213   
2.341466  0.903294   0.096706   
2.361478  0.902804   0.097196   
2.381491  0.902317   0.097683   
2.401503  0.901834   0.098166   
2.421516  0.901354   0.098646   
2.441529  0.900877   0.099123   
2.461541  0.900404   0.099596   
2.481554  0.899933   0.100067   
2.501566  0.899466   0.100534   
2.521579  0.899002   0.100998   
2.541591  0.898540   0.101460   
2.561604  0.898082   0.101918   
2.581616  0.897627   0.102373   
2.601629  0.897174   0.102826   
2.621641  0.896725   0.103275   
2.641654  0.896278   0.103722   
2.661666  0.895834   0.104166   
2.681679  0.895393   0.104607   
2.701691  0.894955   0.105045   
2.721704  0.894519   0.105481   
2.741716  0.894086   0.105914   
2.761729  0.893656   0.106344   
2.781742  0.893228   0.106772   
2.801754  0.892803   0.107197   
2.821767  0.892381   0.107619   
2.841779  0.891961   0.108039   
2.861792  0.891543   0.108457   
2.881804  0.891128   0.108872   
2.901817  0.890715   0.109285   
2.921829  0.890305   0.109695   
2.941842  0.889897   0.110103   
2.961854  0.889492   0.110508   
2.981867  0.889089   0.110911   
3.001879  0.888688   0.111312   
3.021892  0.888289   0.111711   
3.041904  0.887893   0.112107   
3.061917  0.887499   0.112501   
3.081929  0.887108   0.112892   
3.101942  0.886718   0.113282   
3.121955  0.886331   0.113669   
3.141967  0.885946   0.114054   
3.161980  0.885563   0.114437   
3.181992  0.885182   0.114818   
3.202005  0.884803   0.115197   
3.222017  0.884427   0.115573   
3.242030  0.884052   0.115948   
3.262042  0.883680   0.116320   
3.282055  0.883309   0.116691   
3.302067  0.882941   0.117059   
3.322080  0.882574   0.117426   
3.342092  0.882210   0.117790   
3.362105  0.881848   0.118152   
3.382117  0.881487   0.118513   
3.402130  0.881129   0.118871   
3.422142  0.880772   0.119228   
3.442155  0.880417   0.119583   
3.462168  0.880065   0.119935   
3.482180  0.879714   0.120286   
3.502193  0.879365   0.120635   
3.522205  0.879017   0.120983   
3.542218  0.878672   0.121328   
3.562230  0.878329   0.121671   
3.582243  0.877987   0.122013   
3.602255  0.877647   0.122353   
3.622268  0.877309   0.122691   
3.642280  0.876972   0.123028   
3.662293  0.876638   0.123362   
3.682305  0.876305   0.123695   
3.702318  0.875974   0.124026   
3.722330  0.875644   0.124356   
3.742343  0.875317   0.124683   
3.762355  0.874991   0.125009   
3.782368  0.874666   0.125334   
3.802381  0.874343   0.125657   
3.822393  0.874022   0.125978   
3.842406  0.873703   0.126297   
3.862418  0.873385   0.126615   
3.882431  0.873069   0.126931   
3.902443  0.872754   0.127246   
3.922456  0.872441   0.127559   
3.942468  0.872130   0.127870   
3.962481  0.871820   0.128180   
3.982493  0.871512   0.128488   
4.002506  0.871205   0.128795   
4.022518  0.870900   0.129100   
4.042531  0.870596   0.129404   
4.062543  0.870294   0.129706   
4.082556  0.869993   0.130007   
4.102568  0.869694   0.130306   
4.122581  0.869396   0.130604   
4.142594  0.869100   0.130900   
4.162606  0.868805   0.131195   
4.182619  0.868512   0.131488   
4.202631  0.868219   0.131781   
4.222644  0.867923   0.132077   
4.242656  0.867621   0.132379   
4.262669  0.867315   0.132685   
4.282681  0.867003   0.132997   
4.302694  0.866688   0.133312   
4.322706  0.866369   0.133631   
4.342719  0.866047   0.133953   
4.362731  0.865724   0.134276   
4.382744  0.865399   0.134601   
4.402756  0.865072   0.134928   
4.422769  0.864745   0.135255   
4.442781  0.864417   0.135583   
4.462794  0.864089   0.135911   
4.482807  0.863760   0.136240   
4.502819  0.863432   0.136568   
4.522832  0.863103   0.136897   
4.542844  0.862775   0.137225   
4.562857  0.862447   0.137553   
4.582869  0.862120   0.137880   
4.602882  0.861793   0.138207   
4.622894  0.861466   0.138534   
4.642907  0.861140   0.138860   
4.662919  0.860815   0.139185   
4.682932  0.860491   0.139509   
4.702944  0.860167   0.139833   
4.722957  0.859844   0.140156   
4.742969  0.859522   0.140478   
4.762982  0.859201   0.140799   
4.782994  0.858880   0.141120   
4.803007  0.858561   0.141439   
4.823019  0.858242   0.141758   
4.843032  0.857925   0.142075   
4.863045  0.857608   0.142392   
4.883057  0.857292   0.142708   
4.903070  0.856978   0.143022   
4.923082  0.856664   0.143336   
4.943095  0.856351   0.143649   
4.963107  0.856039   0.143961   
4.983120  0.855729   0.144271   
5.003132  0.855419   0.144581   
5.023145  0.855111   0.144889   
5.043157  0.854803   0.145197   
5.063170  0.854497   0.145503   
5.083182  0.854191   0.145809   
5.103195  0.853887   0.146113   
5.123207  0.853583   0.146417   
5.143220  0.853281   0.146719   
5.163232  0.852980   0.147020   
5.183245  0.852680   0.147320   
5.203258  0.852380   0.147620   
5.223270  0.852082   0.147918   
5.243283  0.851785   0.148215   
5.263295  0.851489   0.148511   
5.283308  0.851194   0.148806   
5.303320  0.850901   0.149099   
5.323333  0.850608   0.149392   
5.343345  0.850316   0.149684   
5.363358  0.850025   0.149975   
5.383370  0.849736   0.150264   
5.403383  0.849447   0.150553   
5.423395  0.849159   0.150841   
5.443408  0.848873   0.151127   
5.463420  0.848587   0.151413   
5.483433  0.848303   0.151697   
5.503445  0.848019   0.151981   
5.523458  0.847737   0.152263   
5.543471  0.847455   0.152545   
5.563483  0.847175   0.152825   
5.583496  0.846895   0.153105   
5.603508  0.846617   0.153383   
5.623521  0.846339   0.153661   
5.643533  0.846063   0.153937   
5.663546  0.845788   0.154212   
5.683558  0.845513   0.154487   
5.703571  0.845240   0.154760   
5.723583  0.844967   0.155033   
5.743596  0.844695   0.155305   
5.763608  0.844425   0.155575   
5.783621  0.844155   0.155845   
5.803633  0.843887   0.156113   
5.823646  0.843619   0.156381   
5.843658  0.843352   0.156648   
5.863671  0.843086   0.156914   
5.883684  0.842821   0.157179   
5.903696  0.842557   0.157443   
5.923709  0.842294   0.157706   
5.943721  0.842032   0.157968   
5.963734  0.841771   0.158229   
5.983746  0.841511   0.158489   
6.003759  0.841251   0.158749   
6.023771  0.840993   0.159007   
6.043784  0.840735   0.159265   
6.063796  0.840478   0.159522   
6.083809  0.840223   0.159777   
6.103821  0.839968   0.160032   
6.123834  0.839714   0.160286   
6.143846  0.839460   0.160540   
6.163859  0.839208   0.160792   
6.183871  0.838957   0.161043   
6.203884  0.838706   0.161294   
6.223897  0.838456   0.161544   
6.243909  0.838207   0.161793   
6.263922  0.837959   0.162041   
6.283934  0.837712   0.162288   
6.303947  0.837466   0.162534   
6.323959  0.837220   0.162780   
6.343972  0.836975   0.163025   
6.363984  0.836731   0.163269   
6.383997  0.836488   0.163512   
6.404009  0.836246   0.163754   
6.424022  0.836004   0.163996   
6.444034  0.835764   0.164236   
6.464047  0.835524   0.164476   
6.484059  0.835285   0.164715   
6.504072  0.835046   0.164954   
6.524084  0.834809   0.165191   
6.544097  0.834572   0.165428   
6.564110  0.834336   0.165664   
6.584122  0.834101   0.165899   
6.604135  0.833866   0.166134   
6.624147  0.833632   0.166368   
6.644160  0.833399   0.166601   
6.664172  0.833167   0.166833   
6.684185  0.832936   0.167064   
6.704197  0.832705   0.167295   
6.724210  0.832475   0.167525   
6.744222  0.832246   0.167754   
6.764235  0.832017   0.167983   
6.784247  0.831789   0.168211   
6.804260  0.831562   0.168438   
6.824272  0.831336   0.168664   
6.844285  0.831110   0.168890   
6.864297  0.830885   0.169115   
6.884310  0.830661   0.169339   
6.904323  0.830437   0.169563   
6.924335  0.830214   0.169786   
6.944348  0.829992   0.170008   
6.964360  0.829770   0.170230   
6.984373  0.829549   0.170451   
7.004385  0.829329   0.170671   
7.024398  0.829110   0.170890   
7.044410  0.828891   0.171109   
7.064423  0.828673   0.171327   
7.084435  0.828455   0.171545   
7.104448  0.828238   0.171762   
7.124460  0.828022   0.171978   
7.144473  0.827806   0.172194   
7.164485  0.827591   0.172409   
7.184498  0.827377   0.172623   
7.204510  0.827164   0.172836   
7.224523  0.826950   0.173050   
7.244536  0.826738   0.173262   
7.264548  0.826526   0.173474   
7.284561  0.826315   0.173685   
7.304573  0.826105   0.173895   
7.324586  0.825895   0.174105   
7.344598  0.825685   0.174315   
7.364611  0.825477   0.174523   
7.384623  0.825269   0.174731   
7.404636  0.825061   0.174939   
7.424648  0.824854   0.175146   
7.444661  0.824648   0.175352   
7.464673  0.824442   0.175558   
7.484686  0.824237   0.175763   
7.504698  0.824033   0.175967   
7.524711  0.823829   0.176171   
7.544723  0.823625   0.176375   
7.564736  0.823422   0.176578   
7.584749  0.823220   0.176780   
7.604761  0.823019   0.176981   
7.624774  0.822817   0.177183   
7.644786  0.822617   0.177383   
7.664799  0.822417   0.177583   
7.684811  0.822217   0.177783   
7.704824  0.822019   0.177981   
7.724836  0.821820   0.178180   
7.744849  0.821622   0.178378   
7.764861  0.821425   0.178575   
7.784874  0.821228   0.178772   
7.804886  0.821032   0.178968   
7.824899  0.820837   0.179163   
7.844911  0.820641   0.179359   
7.864924  0.820447   0.179553   
7.884936  0.820253   0.179747   
7.904949  0.820059   0.179941   
7.924962  0.819866   0.180134   
7.944974  0.819674   0.180326   
7.964987  0.819482   0.180518   
7.984999  0.819290   0.180710   
8.005012  0.819099   0.180901   
