0.004005   0.000000   
0.008009   0.000051   
0.012014   -0.000044   
0.016018   -0.000300   
0.020023   -0.000732   
0.024027   -0.001345   
0.028032   -0.002145   
0.032036   -0.003132   
0.036041   -0.004308   
0.040045   -0.005672   
0.044050   -0.007222   
0.048054   -0.008958   
0.052059   -0.010877   
0.056063   -0.012977   
0.060068   -0.015256   
0.064072   -0.017710   
0.068077   -0.020337   
0.072081   -0.023133   
0.076086   -0.026097   
0.080090   -0.029224   
0.084095   -0.032511   
0.088099   -0.035954   
0.092104   -0.039552   
0.096108   -0.043300   
0.100113   -0.047194   
0.104117   -0.051232   
0.108122   -0.055411   
0.112126   -0.059725   
0.116131   -0.064174   
0.120135   -0.068752   
0.124140   -0.073456   
0.128144   -0.078284   
0.132149   -0.083232   
0.136153   -0.088295   
0.140158   -0.093472   
0.144162   -0.098759   
0.148167   -0.104152   
0.152171   -0.109649   
0.156176   -0.115245   
0.160180   -0.120938   
0.164185   -0.126725   
0.168189   -0.132602   
0.172194   -0.138566   
0.176198   -0.144614   
0.180203   -0.150742   
0.184207   -0.156949   
0.188212   -0.163230   
0.192216   -0.169583   
0.196221   -0.176004   
0.200225   -0.182491   
0.204230   -0.189041   
0.208234   -0.195650   
0.212239   -0.202316   
0.216243   -0.209035   
0.220248   -0.215806   
0.224252   -0.222624   
0.228257   -0.229488   
0.232261   -0.236395   
0.236266   -0.243341   
0.240270   -0.250323   
0.244275   -0.257340   
0.248279   -0.264389   
0.252284   -0.271466   
0.256289   -0.278569   
0.260293   -0.285695   
0.264298   -0.292842   
0.268302   -0.300008   
0.272307   -0.307189   
0.276311   -0.314383   
0.280316   -0.321588   
0.284320   -0.328801   
0.288325   -0.336019   
0.292329   -0.343240   
0.296334   -0.350462   
0.300338   -0.357682   
0.304343   -0.364898   
0.308347   -0.372107   
0.312352   -0.379307   
0.316356   -0.386496   
0.320361   -0.393671   
0.324365   -0.400831   
0.328370   -0.407972   
0.332374   -0.415093   
0.336379   -0.422191   
0.340383   -0.429264   
0.344388   -0.436310   
0.348392   -0.443326   
0.352397   -0.450311   
0.356401   -0.457263   
0.360406   -0.464178   
0.364410   -0.471056   
0.368415   -0.477893   
0.372419   -0.484689   
0.376424   -0.491441   
0.380428   -0.498146   
0.384433   -0.504803   
0.388437   -0.511410   
0.392442   -0.517964   
0.396446   -0.524465   
0.400451   -0.530909   
0.404455   -0.537295   
0.408460   -0.543622   
0.412464   -0.549886   
0.416469   -0.556086   
0.420473   -0.562221   
0.424478   -0.568288   
0.428482   -0.574286   
0.432487   -0.580212   
0.436491   -0.586066   
0.440496   -0.591844   
0.444500   -0.597546   
0.448505   -0.603169   
0.452509   -0.608712   
0.456514   -0.614174   
0.460518   -0.619551   
0.464523   -0.624843   
0.468527   -0.630048   
0.472532   -0.635164   
0.476536   -0.640189   
0.480541   -0.645123   
0.484545   -0.649962   
0.488550   -0.654706   
0.492554   -0.659353   
0.496559   -0.663901   
0.500564   -0.668349   
0.504568   -0.672695   
0.508573   -0.676937   
0.512577   -0.681075   
0.516582   -0.685105   
0.520586   -0.689028   
0.524591   -0.692841   
0.528595   -0.696542   
0.532600   -0.700131   
0.536604   -0.703606   
0.540609   -0.706964   
0.544613   -0.710206   
0.548618   -0.713329   
0.552622   -0.716332   
0.556627   -0.719214   
0.560631   -0.721972   
0.564636   -0.724606   
0.568640   -0.727114   
0.572645   -0.729495   
0.576649   -0.731747   
0.580654   -0.733870   
0.584658   -0.735861   
0.588663   -0.737719   
0.592667   -0.739443   
0.596672   -0.741032   
0.600676   -0.742484   
0.604681   -0.743798   
0.608685   -0.744972   
0.612690   -0.746006   
0.616694   -0.746898   
0.620699   -0.747647   
0.624703   -0.748251   
0.628708   -0.748709   
0.632712   -0.749020   
0.636717   -0.749183   
0.640721   -0.749197   
0.644726   -0.749059   
0.648730   -0.748770   
0.652735   -0.748327   
0.656739   -0.747730   
0.660744   -0.746978   
0.664748   -0.746068   
0.668753   -0.745001   
0.672757   -0.743774   
0.676762   -0.742388   
0.680766   -0.740839   
0.684771   -0.739128   
0.688775   -0.737253   
0.692780   -0.735214   
0.696784   -0.733008   
0.700789   -0.730635   
0.704793   -0.728094   
0.708798   -0.725384   
0.712802   -0.722503   
0.716807   -0.719450   
0.720811   -0.716225   
0.724816   -0.712827   
0.728820   -0.709253   
0.732825   -0.705504   
0.736829   -0.701577   
0.740834   -0.697473   
0.744838   -0.693190   
0.748843   -0.688727   
0.752848   -0.684083   
0.756852   -0.679256   
0.760857   -0.674247   
0.764861   -0.669054   
0.768866   -0.663675   
0.772870   -0.658111   
0.776875   -0.652359   
0.780879   -0.646420   
0.784884   -0.640291   
0.788888   -0.633973   
0.792893   -0.627463   
0.796897   -0.620762   
0.800902   -0.613867   
0.804906   -0.606779   
0.808911   -0.599497   
0.812915   -0.592018   
0.816920   -0.584343   
0.820924   -0.576471   
0.824929   -0.568400   
0.828933   -0.560130   
0.832938   -0.551659   
0.836942   -0.542988   
0.840947   -0.534114   
0.844951   -0.525038   
0.848956   -0.515757   
0.852960   -0.506272   
0.856965   -0.496582   
0.860969   -0.486685   
0.864974   -0.476581   
0.868978   -0.466268   
0.872983   -0.455747   
0.876987   -0.445016   
0.880992   -0.434074   
0.884996   -0.422921   
0.889001   -0.411555   
0.893005   -0.399976   
0.897010   -0.388183   
0.901014   -0.376176   
0.905019   -0.363953   
0.909023   -0.351513   
0.913028   -0.338856   
0.917032   -0.325981   
0.921037   -0.312888   
0.925041   -0.299574   
0.929046   -0.286041   
0.933050   -0.272286   
0.937055   -0.258309   
0.941059   -0.244110   
0.945064   -0.229687   
0.949068   -0.215040   
0.953073   -0.200168   
0.957077   -0.185070   
0.961082   -0.169746   
0.965086   -0.154194   
0.969091   -0.138415   
0.973095   -0.122406   
0.977100   -0.106169   
0.981104   -0.089701   
0.985109   -0.073002   
0.989113   -0.056072   
0.993118   -0.038909   
0.997123   -0.021514   
1.001127   -0.003884   
1.005132   0.013979   
1.009136   0.032078   
1.013141   0.050413   
1.017145   0.068985   
1.021150   0.087793   
1.025154   0.106840   
1.029159   0.126125   
1.033163   0.145649   
1.037168   0.165413   
1.041172   0.185418   
1.045177   0.205664   
1.049181   0.226152   
1.053186   0.246883   
1.057190   0.267857   
1.061195   0.289074   
1.065199   0.310537   
1.069204   0.332244   
1.073208   0.354198   
1.077213   0.376397   
1.081217   0.398844   
1.085222   0.421539   
1.089226   0.444482   
1.093231   0.467674   
1.097235   0.491116   
1.101240   0.514807   
1.105244   0.538750   
1.109249   0.562944   
1.113253   0.587390   
1.117258   0.612089   
1.121262   0.637041   
1.125267   0.662247   
1.129271   0.687708   
1.133276   0.713423   
1.137280   0.739395   
1.141285   0.765622   
1.145289   0.792106   
1.149294   0.818848   
1.153298   0.845847   
1.157303   0.873106   
1.161307   0.900623   
1.165312   0.928400   
1.169316   0.956437   
1.173321   0.984735   
1.177325   1.013295   
1.181330   1.042116   
1.185334   1.071200   
1.189339   1.100547   
1.193343   1.130158   
1.197348   1.160032   
1.201352   1.190172   
1.205357   1.220576   
1.209361   1.251247   
1.213366   1.282183   
1.217370   1.313387   
1.221375   1.344858   
1.225379   1.376597   
1.229384   1.408604   
1.233388   1.440880   
1.237393   1.473426   
1.241397   1.506242   
1.245402   1.539328   
1.249407   1.572685   
1.253411   1.606314   
1.257416   1.640215   
1.261420   1.674388   
1.265425   1.708834   
1.269429   1.743554   
1.273434   1.778548   
1.277438   1.813817   
1.281443   1.849360   
1.285447   1.885179   
1.289452   1.921274   
1.293456   1.957646   
1.297461   1.994295   
1.301465   2.031221   
1.305470   2.068425   
1.309474   2.105907   
1.313479   2.143668   
1.317483   2.181709   
1.321488   2.220030   
1.325492   2.258630   
1.329497   2.297512   
1.333501   2.336675   
1.337506   2.376120   
1.341510   2.415846   
1.345515   2.455856   
1.349519   2.496148   
1.353524   2.536724   
1.357528   2.577585   
1.361533   2.618729   
1.365537   2.660158   
1.369542   2.701873   
1.373546   2.743874   
1.377551   2.786160   
1.381555   2.828734   
1.385560   2.871594   
1.389564   2.914742   
1.393569   2.958178   
1.397573   3.001903   
1.401578   3.045916   
1.405582   3.090218   
1.409587   3.134810   
1.413591   3.179693   
1.417596   3.224865   
1.421600   3.270329   
1.425605   3.316084   
1.429609   3.362131   
1.433614   3.408470   
1.437618   3.455102   
1.441623   3.502027   
1.445627   3.549245   
1.449632   3.596757   
1.453636   3.644563   
1.457641   3.692664   
1.461645   3.741060   
1.465650   3.789752   
1.469654   3.838739   
1.473659   3.888022   
1.477663   3.937603   
1.481668   3.987480   
1.485672   4.037654   
1.489677   4.088127   
1.493682   4.138898   
1.497686   4.189967   
1.501691   4.241335   
1.505695   4.293003   
1.509700   4.344970   
1.513704   4.397238   
1.517709   4.449806   
1.521713   4.502675   
1.525718   4.555845   
1.529722   4.609317   
1.533727   4.663091   
1.537731   4.717167   
1.541736   4.771546   
1.545740   4.826228   
1.549745   4.881213   
1.553749   4.936503   
1.557754   4.992096   
1.561758   5.047995   
1.565763   5.104198   
1.569767   5.160706   
1.573772   5.217520   
1.577776   5.274640   
1.581781   5.332066   
1.585785   5.389800   
1.589790   5.447840   
1.593794   5.506187   
1.597799   5.564843   
1.601803   5.623806   
1.605808   5.683078   
1.609812   5.742659   
1.613817   5.802549   
1.617821   5.862748   
1.621826   5.923257   
1.625830   5.984076   
1.629835   6.045206   
1.633839   6.106647   
1.637844   6.168398   
1.641848   6.230462   
1.645853   6.292837   
1.649857   6.355524   
1.653862   6.418524   
1.657866   6.481836   
1.661871   6.545462   
1.665875   6.609401   
1.669880   6.673654   
1.673884   6.738221   
1.677889   6.803103   
1.681893   6.868299   
1.685898   6.933810   
1.689902   6.999637   
1.693907   7.065779   
1.697911   7.132238   
1.701916   7.199013   
1.705920   7.266104   
1.709925   7.333512   
1.713929   7.401238   
1.717934   7.469281   
1.721938   7.537642   
1.725943   7.606322   
1.729947   7.675320   
1.733952   7.744636   
1.737956   7.814272   
1.741961   7.884227   
1.745966   7.954502   
1.749970   8.025097   
1.753975   8.096012   
1.757979   8.167247   
1.761984   8.238804   
1.765988   8.310682   
1.769993   8.382881   
1.773997   8.455402   
1.778002   8.528245   
1.782006   8.601411   
1.786011   8.674899   
1.790015   8.748710   
1.794020   8.822844   
1.798024   8.897302   
1.802029   8.972084   
1.806033   9.047189   
1.810038   9.122619   
1.814042   9.198374   
1.818047   9.274454   
1.822051   9.350858   
1.826056   9.427588   
1.830060   9.504644   
1.834065   9.582026   
1.838069   9.659735   
1.842074   9.737770   
1.846078   9.816131   
1.850083   9.894820   
1.854087   9.973836   
1.858092   10.053180   
1.862096   10.132852   
1.866101   10.212852   
1.870105   10.293181   
1.874110   10.373838   
1.878114   10.454824   
1.882119   10.536140   
1.886123   10.617785   
1.890128   10.699759   
1.894132   10.782064   
1.898137   10.864699   
1.902141   10.947665   
1.906146   11.030962   
1.910150   11.114589   
1.914155   11.198548   
1.918159   11.282839   
1.922164   11.367461   
1.926168   11.452416   
1.930173   11.537703   
1.934177   11.623322   
1.938182   11.709274   
1.942186   11.795560   
1.946191   11.882178   
1.950195   11.969131   
1.954200   12.056417   
1.958204   12.144037   
1.962209   12.231992   
1.966213   12.320281   
1.970218   12.408905   
1.974222   12.497864   
1.978227   12.587158   
1.982231   12.676788   
1.986236   12.766754   
1.990241   12.857056   
1.994245   12.947694   
1.998250   13.038669   
2.002254   13.129980   
2.006259   13.221628   
2.010263   13.313614   
2.014268   13.405936   
2.018272   13.498597   
2.022277   13.591596   
2.026281   13.684932   
2.030286   13.778607   
2.034290   13.872621   
2.038295   13.966973   
2.042299   14.061665   
2.046304   14.156696   
2.050308   14.252066   
2.054313   14.347776   
2.058317   14.443826   
2.062322   14.540216   
2.066326   14.636947   
2.070331   14.734018   
2.074335   14.831430   
2.078340   14.929183   
2.082344   15.027278   
2.086349   15.125714   
2.090353   15.224491   
2.094358   15.323611   
2.098362   15.423073   
2.102367   15.522877   
2.106371   15.623024   
2.110376   15.723513   
2.114380   15.824346   
2.118385   15.925522   
2.122389   16.027041   
2.126394   16.128904   
2.130398   16.231111   
2.134403   16.333662   
2.138407   16.436557   
2.142412   16.539797   
2.146416   16.643382   
2.150421   16.747311   
2.154425   16.851586   
2.158430   16.956206   
2.162434   17.061171   
2.166439   17.166482   
2.170443   17.272139   
2.174448   17.378143   
2.178452   17.484492   
2.182457   17.591188   
2.186461   17.698231   
2.190466   17.805621   
2.194470   17.913358   
2.198475   18.021443   
2.202479   18.129875   
2.206484   18.238654   
2.210488   18.347782   
2.214493   18.457258   
2.218497   18.567082   
2.222502   18.677255   
2.226506   18.787776   
2.230511   18.898646   
2.234515   19.009866   
2.238520   19.121435   
2.242525   19.233353   
2.246529   19.345621   
2.250534   19.458239   
2.254538   19.571207   
2.258543   19.684525   
2.262547   19.798193   
2.266552   19.912213   
2.270556   20.026583   
2.274561   20.141304   
2.278565   20.256376   
2.282570   20.371800   
2.286574   20.487575   
2.290579   20.603702   
2.294583   20.720181   
2.298588   20.837012   
2.302592   20.954195   
2.306597   21.071731   
2.310601   21.189619   
2.314606   21.307861   
2.318610   21.426455   
2.322615   21.545403   
2.326619   21.664703   
2.330624   21.784358   
2.334628   21.904366   
2.338633   22.024728   
2.342637   22.145444   
2.346642   22.266515   
2.350646   22.387940   
2.354651   22.509719   
2.358655   22.631853   
2.362660   22.754343   
2.366664   22.877187   
2.370669   23.000387   
2.374673   23.123942   
2.378678   23.247852   
2.382682   23.372119   
2.386687   23.496742   
2.390691   23.621720   
2.394696   23.747055   
2.398700   23.872747   
2.402705   23.998795   
2.406709   24.125200   
2.410714   24.251962   
2.414718   24.379081   
2.418723   24.506558   
2.422727   24.634392   
2.426732   24.762583   
2.430736   24.891133   
2.434741   25.020040   
2.438745   25.149306   
2.442750   25.278929   
2.446754   25.408912   
2.450759   25.539253   
2.454763   25.669952   
2.458768   25.801011   
2.462772   25.932429   
2.466777   26.064206   
2.470781   26.196342   
2.474786   26.328838   
2.478790   26.461694   
2.482795   26.594909   
2.486800   26.728485   
2.490804   26.862421   
2.494809   26.996717   
2.498813   27.131374   
2.502818   27.266391   
2.506822   27.401769   
2.510827   27.537509   
2.514831   27.673609   
2.518836   27.810071   
2.522840   27.946894   
2.526845   28.084078   
2.530849   28.221624   
2.534854   28.359533   
2.538858   28.497803   
2.542863   28.636435   
2.546867   28.775430   
2.550872   28.914787   
2.554876   29.054507   
2.558881   29.194590   
2.562885   29.335035   
2.566890   29.475844   
2.570894   29.617016   
2.574899   29.758551   
2.578903   29.900449   
2.582908   30.042712   
2.586912   30.185338   
2.590917   30.328328   
2.594921   30.471682   
2.598926   30.615400   
2.602930   30.759483   
2.606935   30.903930   
2.610939   31.048742   
2.614944   31.193918   
2.618948   31.339460   
2.622953   31.485367   
2.626957   31.631638   
2.630962   31.778275   
2.634966   31.925278   
2.638971   32.072646   
2.642975   32.220380   
2.646980   32.368480   
2.650984   32.516946   
2.654989   32.665778   
2.658993   32.814976   
2.662998   32.964541   
2.667002   33.114472   
2.671007   33.264770   
2.675011   33.415435   
2.679016   33.566467   
2.683020   33.717866   
2.687025   33.869632   
2.691029   34.021765   
2.695034   34.174266   
2.699038   34.327135   
2.703043   34.480371   
2.707047   34.633976   
2.711052   34.787948   
2.715056   34.942288   
2.719061   35.096997   
2.723065   35.252074   
2.727070   35.407520   
2.731074   35.563334   
2.735079   35.719517   
2.739084   35.876069   
2.743088   36.032990   
2.747093   36.190280   
2.751097   36.347940   
2.755102   36.505969   
2.759106   36.664367   
2.763111   36.823136   
2.767115   36.982274   
2.771120   37.141781   
2.775124   37.301659   
2.779129   37.461907   
2.783133   37.622526   
2.787138   37.783514   
2.791142   37.944874   
2.795147   38.106604   
2.799151   38.268704   
2.803156   38.431176   
2.807160   38.594019   
2.811165   38.757232   
2.815169   38.920817   
2.819174   39.084774   
2.823178   39.249102   
2.827183   39.413801   
2.831187   39.578872   
2.835192   39.744315   
2.839196   39.910130   
2.843201   40.076317   
2.847205   40.242876   
2.851210   40.409808   
2.855214   40.577112   
2.859219   40.744788   
2.863223   40.912838   
2.867228   41.081260   
2.871232   41.250054   
2.875237   41.419222   
2.879241   41.588763   
2.883246   41.758677   
2.887250   41.928965   
2.891255   42.099626   
2.895259   42.270660   
2.899264   42.442068   
2.903268   42.613850   
2.907273   42.786006   
2.911277   42.958536   
2.915282   43.131439   
2.919286   43.304718   
2.923291   43.478370   
2.927295   43.652397   
2.931300   43.826798   
2.935304   44.001574   
2.939309   44.176725   
2.943313   44.352251   
2.947318   44.528152   
2.951322   44.704427   
2.955327   44.881078   
2.959331   45.058105   
2.963336   45.235506   
2.967340   45.413283   
2.971345   45.591436   
2.975349   45.769965   
2.979354   45.948869   
2.983359   46.128149   
2.987363   46.307805   
2.991368   46.487838   
2.995372   46.668246   
2.999377   46.849031   
3.003381   47.030193   
3.007386   47.211730   
3.011390   47.393645   
3.015395   47.575936   
3.019399   47.758604   
3.023404   47.941649   
3.027408   48.125072   
3.031413   48.308871   
3.035417   48.493047   
3.039422   48.677601   
3.043426   48.862532   
3.047431   49.047841   
3.051435   49.233528   
3.055440   49.419592   
3.059444   49.606034   
3.063449   49.792854   
3.067453   49.980052   
3.071458   50.167628   
3.075462   50.355582   
3.079467   50.543915   
3.083471   50.732626   
3.087476   50.921715   
3.091480   51.111183   
3.095485   51.301030   
3.099489   51.491256   
3.103494   51.681860   
3.107498   51.872844   
3.111503   52.064206   
3.115507   52.255948   
3.119512   52.448069   
3.123516   52.640569   
3.127521   52.833449   
3.131525   53.026708   
3.135530   53.220347   
3.139534   53.414366   
3.143539   53.608764   
3.147543   53.803543   
3.151548   53.998701   
3.155552   54.194239   
3.159557   54.390158   
3.163561   54.586457   
3.167566   54.783136   
3.171570   54.980196   
3.175575   55.177636   
3.179579   55.375456   
3.183584   55.573658   
3.187588   55.772240   
3.191593   55.971203   
3.195597   56.170547   
3.199602   56.370272   
3.203606   56.570378   
3.207611   56.770866   
3.211615   56.971735   
3.215620   57.172985   
3.219624   57.374616   
3.223629   57.576629   
3.227633   57.779024   
3.231638   57.981801   
3.235643   58.184959   
3.239647   58.388499   
3.243652   58.592421   
3.247656   58.796726   
3.251661   59.001412   
3.255665   59.206481   
3.259670   59.411932   
3.263674   59.617765   
3.267679   59.823981   
3.271683   60.030579   
3.275688   60.237560   
3.279692   60.444924   
3.283697   60.652671   
3.287701   60.860800   
3.291706   61.069312   
3.295710   61.278208   
3.299715   61.487486   
3.303719   61.697148   
3.307724   61.907193   
3.311728   62.117622   
3.315733   62.328433   
3.319737   62.539629   
3.323742   62.751208   
3.327746   62.963170   
3.331751   63.175516   
3.335755   63.388247   
3.339760   63.601361   
3.343764   63.814859   
3.347769   64.028741   
3.351773   64.243007   
3.355778   64.457657   
3.359782   64.672692   
3.363787   64.888111   
3.367791   65.103914   
3.371796   65.320102   
3.375800   65.536675   
3.379805   65.753632   
3.383809   65.970974   
3.387814   66.188701   
3.391818   66.406812   
3.395823   66.625309   
3.399827   66.844190   
3.403832   67.063457   
3.407836   67.283109   
3.411841   67.503146   
3.415845   67.723568   
3.419850   67.944376   
3.423854   68.165569   
3.427859   68.387147   
3.431863   68.609112   
3.435868   68.831462   
3.439872   69.054197   
3.443877   69.277319   
3.447881   69.500826   
3.451886   69.724719   
3.455890   69.948999   
3.459895   70.173664   
3.463899   70.398715   
3.467904   70.624153   
3.471908   70.849977   
3.475913   71.076188   
3.479918   71.302784   
3.483922   71.529768   
3.487927   71.757137   
3.491931   71.984894   
3.495936   72.213037   
3.499940   72.441567   
3.503945   72.670484   
3.507949   72.899787   
3.511954   73.129478   
3.515958   73.359555   
3.519963   73.590020   
3.523967   73.820872   
3.527972   74.052111   
3.531976   74.283737   
3.535981   74.515751   
3.539985   74.748152   
3.543990   74.980940   
3.547994   75.214117   
3.551999   75.447680   
3.556003   75.681632   
3.560008   75.915971   
3.564012   76.150697   
3.568017   76.385812   
3.572021   76.621315   
3.576026   76.857205   
3.580030   77.093484   
3.584035   77.330151   
3.588039   77.567205   
3.592044   77.804649   
3.596048   78.042480   
3.600053   78.280700   
3.604057   78.519308   
3.608062   78.758304   
3.612066   78.997689   
3.616071   79.237463   
3.620075   79.477625   
3.624080   79.718176   
3.628084   79.959116   
3.632089   80.200445   
3.636093   80.442162   
3.640098   80.684269   
3.644102   80.926764   
3.648107   81.169649   
3.652111   81.412922   
3.656116   81.656585   
3.660120   81.900637   
3.664125   82.145078   
3.668129   82.389909   
3.672134   82.635129   
3.676138   82.880738   
3.680143   83.126737   
3.684147   83.373126   
3.688152   83.619904   
3.692156   83.867071   
3.696161   84.114629   
3.700165   84.362576   
3.704170   84.610913   
3.708174   84.859641   
3.712179   85.108758   
3.716183   85.358264   
3.720188   85.608162   
3.724192   85.858449   
3.728197   86.109126   
3.732202   86.360194   
3.736206   86.611651   
3.740211   86.863500   
3.744215   87.115738   
3.748220   87.368367   
3.752224   87.621386   
3.756229   87.874796   
3.760233   88.128597   
3.764238   88.382788   
3.768242   88.637370   
3.772247   88.892343   
3.776251   89.147706   
3.780256   89.403460   
3.784260   89.659605   
3.788265   89.916142   
3.792269   90.173069   
3.796274   90.430387   
3.800278   90.688096   
3.804283   90.946196   
3.808287   91.204688   
3.812292   91.463571   
3.816296   91.722845   
3.820301   91.982510   
3.824305   92.242567   
3.828310   92.503015   
3.832314   92.763855   
3.836319   93.025086   
3.840323   93.286709   
3.844328   93.548724   
3.848332   93.811130   
3.852337   94.073928   
3.856341   94.337117   
3.860346   94.600699   
3.864350   94.864672   
3.868355   95.129037   
3.872359   95.393795   
3.876364   95.658944   
3.880368   95.924485   
3.884373   96.190418   
3.888377   96.456744   
3.892382   96.723462   
3.896386   96.990571   
3.900391   97.258074   
3.904395   97.525968   
3.908400   97.794255   
3.912404   98.062934   
3.916409   98.332006   
3.920413   98.601470   
3.924418   98.871327   
3.928422   99.141576   
3.932427   99.412218   
3.936431   99.683253   
3.940436   99.954680   
3.944440   100.226500   
3.948445   100.498713   
3.952449   100.771319   
3.956454   101.044318   
3.960458   101.317709   
3.964463   101.591494   
3.968467   101.865672   
3.972472   102.140242   
3.976477   102.415206   
3.980481   102.690563   
3.984486   102.966313   
3.988490   103.242456   
3.992495   103.518992   
3.996499   103.795922   
4.000504   104.073245   
4.004508   104.350962   
4.008513   104.629072   
4.012517   104.907575   
4.016522   105.186472   
4.020526   105.465762   
4.024531   105.745446   
4.028535   106.025524   
4.032540   106.305995   
4.036544   106.586860   
4.040549   106.868119   
4.044553   107.149771   
4.048558   107.431818   
4.052562   107.714258   
4.056567   107.997092   
4.060571   108.280320   
4.064576   108.563942   
4.068580   108.847957   
4.072585   109.132367   
4.076589   109.417171   
4.080594   109.702369   
4.084598   109.987962   
4.088603   110.273948   
4.092607   110.560329   
4.096612   110.847104   
4.100616   111.134273   
4.104621   111.421836   
4.108625   111.709794   
4.112630   111.998146   
4.116634   112.286893   
4.120639   112.576034   
4.124643   112.865570   
4.128648   113.155500   
4.132652   113.445825   
4.136657   113.736544   
4.140661   114.027658   
4.144666   114.319167   
4.148670   114.611070   
4.152675   114.903368   
4.156679   115.196061   
4.160684   115.489149   
4.164688   115.782631   
4.168693   116.076508   
4.172697   116.370781   
4.176702   116.665448   
4.180706   116.960510   
4.184711   117.255967   
4.188715   117.551820   
4.192720   117.848067   
4.196724   118.144709   
4.200729   118.441747   
4.204733   118.739179   
4.208738   119.037007   
4.212742   119.335230   
4.216747   119.633849   
4.220751   119.932862   
4.224756   120.232271   
4.228761   120.532076   
4.232765   120.832275   
4.236770   121.132871   
4.240774   121.433861   
4.244779   121.735247   
4.248783   122.037029   
4.252788   122.339206   
4.256792   122.641778   
4.260797   122.944747   
4.264801   123.248110   
4.268806   123.551870   
4.272810   123.856025   
4.276815   124.160576   
4.280819   124.465522   
4.284824   124.770865   
4.288828   125.076603   
4.292833   125.382737   
4.296837   125.689267   
4.300842   125.996192   
4.304846   126.303514   
4.308851   126.611231   
4.312855   126.919345   
4.316860   127.227854   
4.320864   127.536760   
4.324869   127.846061   
4.328873   128.155759   
4.332878   128.465852   
4.336882   128.776342   
4.340887   129.087228   
4.344891   129.398510   
4.348896   129.710188   
4.352900   130.022263   
4.356905   130.334733   
4.360909   130.647600   
4.364914   130.960864   
4.368918   131.274523   
4.372923   131.588579   
4.376927   131.903032   
4.380932   132.217880   
4.384936   132.533126   
4.388941   132.848767   
4.392945   133.164805   
4.396950   133.481240   
4.400954   133.798071   
4.404959   134.115299   
4.408963   134.432923   
4.412968   134.750944   
4.416972   135.069361   
4.420977   135.388175   
4.424981   135.707386   
4.428986   136.026993   
4.432990   136.346997   
4.436995   136.667398   
4.440999   136.988196   
4.445004   137.309390   
4.449008   137.630981   
4.453013   137.952969   
4.457017   138.275354   
4.461022   138.598136   
4.465026   138.921315   
4.469031   139.244890   
4.473036   139.568863   
4.477040   139.893232   
4.481045   140.217998   
4.485049   140.543162   
4.489054   140.868722   
4.493058   141.194680   
4.497063   141.521034   
4.501067   141.847786   
4.505072   142.174934   
4.509076   142.502480   
4.513081   142.830423   
4.517085   143.158763   
4.521090   143.487500   
4.525094   143.816635   
4.529099   144.146166   
4.533103   144.476095   
4.537108   144.806421   
4.541112   145.137145   
4.545117   145.468266   
4.549121   145.799784   
4.553126   146.131699   
4.557130   146.464012   
4.561135   146.796722   
4.565139   147.129829   
4.569144   147.463334   
4.573148   147.797237   
4.577153   148.131536   
4.581157   148.466234   
4.585162   148.801328   
4.589166   149.136821   
4.593171   149.472710   
4.597175   149.808998   
4.601180   150.145683   
4.605184   150.482765   
4.609189   150.820245   
4.613193   151.158122   
4.617198   151.496398   
4.621202   151.835071   
4.625207   152.174141   
4.629211   152.513609   
4.633216   152.853475   
4.637220   153.193739   
4.641225   153.534400   
4.645229   153.875459   
4.649234   154.216916   
4.653238   154.558770   
4.657243   154.901022   
4.661247   155.243673   
4.665252   155.586720   
4.669256   155.930166   
4.673261   156.274010   
4.677265   156.618251   
4.681270   156.962890   
4.685274   157.307928   
4.689279   157.653363   
4.693283   157.999196   
4.697288   158.345427   
4.701292   158.692055   
4.705297   159.039082   
4.709301   159.386507   
4.713306   159.734330   
4.717310   160.082551   
4.721315   160.431169   
4.725320   160.780186   
4.729324   161.129601   
4.733329   161.479414   
4.737333   161.829625   
4.741338   162.180234   
4.745342   162.531241   
4.749347   162.882647   
4.753351   163.234450   
4.757356   163.586651   
4.761360   163.939251   
4.765365   164.292249   
4.769369   164.645645   
4.773374   164.999439   
4.777378   165.353631   
4.781383   165.708222   
4.785387   166.063211   
4.789392   166.418598   
4.793396   166.774383   
4.797401   167.130566   
4.801405   167.487148   
4.805410   167.844128   
4.809414   168.201506   
4.813419   168.559283   
4.817423   168.917458   
4.821428   169.276031   
4.825432   169.635003   
4.829437   169.994372   
4.833441   170.354141   
4.837446   170.714307   
4.841450   171.074872   
4.845455   171.435835   
4.849459   171.797197   
4.853464   172.158957   
4.857468   172.521116   
4.861473   172.883673   
4.865477   173.246628   
4.869482   173.609982   
4.873486   173.973734   
4.877491   174.337885   
4.881495   174.702434   
4.885500   175.067381   
4.889504   175.432727   
4.893509   175.798472   
4.897513   176.164615   
4.901518   176.531157   
4.905522   176.898097   
4.909527   177.265435   
4.913531   177.633173   
4.917536   178.001308   
4.921540   178.369842   
4.925545   178.738775   
4.929549   179.108107   
4.933554   179.477837   
4.937558   179.847965   
4.941563   180.218492   
4.945567   180.589418   
4.949572   180.960742   
4.953576   181.332465   
4.957581   181.704586   
4.961585   182.077107   
4.965590   182.450025   
4.969595   182.823343   
4.973599   183.197059   
4.977604   183.571173   
4.981608   183.945687   
4.985613   184.320599   
4.989617   184.695909   
4.993622   185.071619   
4.997626   185.447727   
5.001631   185.824233   
5.005635   186.201139   
5.009640   186.578443   
5.013644   186.956145   
5.017649   187.334247   
5.021653   187.712747   
5.025658   188.091646   
5.029662   188.470944   
5.033667   188.850640   
5.037671   189.230735   
5.041676   189.611229   
5.045680   189.992121   
5.049685   190.373413   
5.053689   190.755103   
5.057694   191.137192   
5.061698   191.519679   
5.065703   191.902565   
5.069707   192.285851   
5.073712   192.669534   
5.077716   193.053617   
5.081721   193.438099   
5.085725   193.822979   
5.089730   194.208258   
5.093734   194.593936   
5.097739   194.980012   
5.101743   195.366488   
5.105748   195.753362   
5.109752   196.140635   
5.113757   196.528307   
5.117761   196.916377   
5.121766   197.304847   
5.125770   197.693715   
5.129775   198.082982   
5.133779   198.472648   
5.137784   198.862713   
5.141788   199.253176   
5.145793   199.644039   
5.149797   200.035300   
5.153802   200.426960   
5.157806   200.819019   
5.161811   201.211476   
5.165815   201.604333   
5.169820   201.997588   
5.173824   202.391243   
5.177829   202.785296   
5.181833   203.179748   
5.185838   203.574599   
5.189842   203.969848   
5.193847   204.365497   
5.197851   204.761544   
5.201856   205.157990   
5.205860   205.554835   
5.209865   205.952079   
5.213869   206.349722   
5.217874   206.747764   
5.221879   207.146204   
5.225883   207.545043   
5.229888   207.944282   
5.233892   208.343919   
5.237897   208.743955   
5.241901   209.144389   
5.245906   209.545223   
5.249910   209.946455   
5.253915   210.348087   
5.257919   210.750117   
5.261924   211.152546   
5.265928   211.555374   
5.269933   211.958601   
5.273937   212.362227   
5.277942   212.766251   
5.281946   213.170674   
5.285951   213.575497   
5.289955   213.980718   
5.293960   214.386338   
5.297964   214.792356   
5.301969   215.198774   
5.305973   215.605591   
5.309978   216.012806   
5.313982   216.420420   
5.317987   216.828433   
5.321991   217.236845   
5.325996   217.645656   
5.330000   218.054865   
5.334005   218.464474   
5.338009   218.874481   
5.342014   219.284887   
5.346018   219.695692   
5.350023   220.106896   
5.354027   220.518498   
5.358032   220.930500   
5.362036   221.342900   
5.366041   221.755699   
5.370045   222.168897   
5.374050   222.582494   
5.378054   222.996489   
5.382059   223.410884   
5.386063   223.825677   
5.390068   224.240869   
5.394072   224.656459   
5.398077   225.072449   
5.402081   225.488837   
5.406086   225.905624   
5.410090   226.322810   
5.414095   226.740395   
5.418099   227.158379   
5.422104   227.576761   
5.426108   227.995542   
5.430113   228.414722   
5.434117   228.834301   
5.438122   229.254278   
5.442126   229.674654   
5.446131   230.095429   
5.450135   230.516603   
5.454140   230.938175   
5.458144   231.360146   
5.462149   231.782516   
5.466154   232.205285   
5.470158   232.628452   
5.474163   233.052018   
5.478167   233.475983   
5.482172   233.900347   
5.486176   234.325109   
5.490181   234.750270   
5.494185   235.175830   
5.498190   235.601788   
5.502194   236.028145   
5.506199   236.454901   
5.510203   236.882055   
5.514208   237.309608   
5.518212   237.737560   
5.522217   238.165911   
5.526221   238.594660   
5.530226   239.023808   
5.534230   239.453354   
5.538235   239.883299   
5.542239   240.313643   
5.546244   240.744385   
5.550248   241.175526   
5.554253   241.607066   
5.558257   242.039004   
5.562262   242.471341   
5.566266   242.904076   
5.570271   243.337211   
5.574275   243.770743   
5.578280   244.204674   
5.582284   244.639004   
5.586289   245.073733   
5.590293   245.508860   
5.594298   245.944385   
5.598302   246.380309   
5.602307   246.816632   
5.606311   247.253353   
5.610316   247.690472   
5.614320   248.127991   
5.618325   248.565907   
5.622329   249.004223   
5.626334   249.442936   
5.630338   249.882049   
5.634343   250.321559   
5.638347   250.761468   
5.642352   251.201776   
5.646356   251.642482   
5.650361   252.083587   
5.654365   252.525090   
5.658370   252.966991   
5.662374   253.409291   
5.666379   253.851990   
5.670383   254.295086   
5.674388   254.738581   
5.678392   255.182475   
5.682397   255.626767   
5.686401   256.071457   
5.690406   256.516546   
5.694410   256.962033   
5.698415   257.407919   
5.702419   257.854202   
5.706424   258.300885   
5.710428   258.747965   
5.714433   259.195444   
5.718438   259.643321   
5.722442   260.091596   
5.726447   260.540270   
5.730451   260.989342   
5.734456   261.438812   
5.738460   261.888681   
5.742465   262.338948   
5.746469   262.789613   
5.750474   263.240676   
5.754478   263.692138   
5.758483   264.143998   
5.762487   264.596256   
5.766492   265.048912   
5.770496   265.501966   
5.774501   265.955419   
5.778505   266.409270   
5.782510   266.863519   
5.786514   267.318166   
5.790519   267.773211   
5.794523   268.228654   
5.798528   268.684496   
5.802532   269.140736   
5.806537   269.597373   
5.810541   270.054409   
5.814546   270.511843   
5.818550   270.969675   
5.822555   271.427905   
5.826559   271.886533   
5.830564   272.345559   
5.834568   272.804984   
5.838573   273.264806   
5.842577   273.725026   
5.846582   274.185644   
5.850586   274.646661   
5.854591   275.108075   
5.858595   275.569887   
5.862600   276.032097   
5.866604   276.494705   
5.870609   276.957711   
5.874613   277.421115   
5.878618   277.884917   
5.882622   278.349117   
5.886627   278.813715   
5.890631   279.278710   
5.894636   279.744104   
5.898640   280.209895   
5.902645   280.676084   
5.906649   281.142671   
5.910654   281.609656   
5.914658   282.077038   
5.918663   282.544819   
5.922667   283.012997   
5.926672   283.481573   
5.930676   283.950547   
5.934681   284.419918   
5.938685   284.889687   
5.942690   285.359854   
5.946694   285.830419   
5.950699   286.301381   
5.954703   286.772741   
5.958708   287.244499   
5.962713   287.716654   
5.966717   288.189207   
5.970722   288.662158   
5.974726   289.135506   
5.978731   289.609252   
5.982735   290.083396   
5.986740   290.557937   
5.990744   291.032876   
5.994749   291.508212   
5.998753   291.983946   
6.002758   292.460077   
6.006762   292.936606   
6.010767   293.413532   
6.014771   293.890856   
6.018776   294.368578   
6.022780   294.846696   
6.026785   295.325213   
6.030789   295.804127   
6.034794   296.283438   
6.038798   296.763146   
6.042803   297.243252   
6.046807   297.723756   
6.050812   298.204657   
6.054816   298.685955   
6.058821   299.167650   
6.062825   299.649743   
6.066830   300.132233   
6.070834   300.615121   
6.074839   301.098405   
6.078843   301.582088   
6.082848   302.066167   
6.086852   302.550643   
6.090857   303.035517   
6.094861   303.520788   
6.098866   304.006457   
6.102870   304.492522   
6.106875   304.978985   
6.110879   305.465844   
6.114884   305.953101   
6.118888   306.440756   
6.122893   306.928807   
6.126897   307.417255   
6.130902   307.906101   
6.134906   308.395343   
6.138911   308.884983   
6.142915   309.375019   
6.146920   309.909437   
6.150924   310.488223   
6.154929   311.067359   
6.158933   311.646845   
6.162938   312.226682   
6.166942   312.806868   
6.170947   313.387405   
6.174951   313.968291   
6.178956   314.549528   
6.182960   315.131115   
6.186965   315.713051   
6.190969   316.295338   
6.194974   316.877975   
6.198978   317.460961   
6.202983   318.044298   
6.206987   318.627984   
6.210992   319.212021   
6.214997   319.796408   
6.219001   320.381144   
6.223006   320.966230   
6.227010   321.551667   
6.231015   322.137453   
6.235019   322.723589   
6.239024   323.310075   
6.243028   323.896911   
6.247033   324.484097   
6.251037   325.071633   
6.255042   325.659518   
6.259046   326.247753   
6.263051   326.836339   
6.267055   327.425274   
6.271060   328.014558   
6.275064   328.604193   
6.279069   329.194177   
6.283073   329.784512   
6.287078   330.375196   
6.291082   330.966229   
6.295087   331.557613   
6.299091   332.149346   
6.303096   332.741429   
6.307100   333.333862   
6.311105   333.926644   
6.315109   334.519776   
6.319114   335.113258   
6.323118   335.707090   
6.327123   336.301271   
6.331127   336.895802   
6.335132   337.490682   
6.339136   338.085912   
6.343141   338.681492   
6.347145   339.277422   
6.351150   339.873701   
6.355154   340.470329   
6.359159   341.067308   
6.363163   341.664636   
6.367168   342.262313   
6.371172   342.860340   
6.375177   343.458717   
6.379181   344.057443   
6.383186   344.656518   
6.387190   345.255944   
6.391195   345.855718   
6.395199   346.455843   
6.399204   347.056316   
6.403208   347.657139   
6.407213   348.258312   
6.411217   348.859834   
6.415222   349.461706   
6.419226   350.063927   
6.423231   350.666498   
6.427235   351.269418   
6.431240   351.872687   
6.435244   352.476306   
6.439249   353.080274   
6.443253   353.684592   
6.447258   354.289259   
6.451262   354.894276   
6.455267   355.499641   
6.459272   356.105357   
6.463276   356.711421   
6.467281   357.317835   
6.471285   357.924598   
6.475290   358.531711   
6.479294   359.139173   
6.483299   359.746984   
6.487303   360.355144   
6.491308   360.963654   
6.495312   361.572513   
6.499317   362.181721   
6.503321   362.791279   
6.507326   363.401186   
6.511330   364.011442   
6.515335   364.622047   
6.519339   365.233002   
6.523344   365.844305   
6.527348   366.455958   
6.531353   367.067961   
6.535357   367.680312   
6.539362   368.293012   
6.543366   368.906062   
6.547371   369.519461   
6.551375   370.133209   
6.555380   370.747306   
6.559384   371.361752   
6.563389   371.976548   
6.567393   372.591692   
6.571398   373.207186   
6.575402   373.823028   
6.579407   374.439220   
6.583411   375.055761   
6.587416   375.672651   
6.591420   376.289890   
6.595425   376.907478   
6.599429   377.525415   
6.603434   378.143701   
6.607438   378.762336   
6.611443   379.381321   
6.615447   380.000654   
6.619452   380.620336   
6.623456   381.240367   
6.627461   381.860747   
6.631465   382.481476   
6.635470   383.102554   
6.639474   383.723981   
6.643479   384.345757   
6.647483   384.967882   
6.651488   385.590356   
6.655492   386.213179   
6.659497   386.836350   
6.663501   387.459871   
6.667506   388.083740   
6.671510   388.707958   
6.675515   389.332526   
6.679519   389.957442   
6.683524   390.582706   
6.687528   391.208320   
6.691533   391.834283   
6.695537   392.460594   
6.699542   393.087254   
6.703546   393.714263   
6.707551   394.341621   
6.711556   394.969328   
6.715560   395.597383   
6.719565   396.225787   
6.723569   396.854540   
6.727574   397.483642   
6.731578   398.113092   
6.735583   398.742891   
6.739587   399.373039   
6.743592   400.003536   
6.747596   400.634381   
6.751601   401.265575   
6.755605   401.897118   
6.759610   402.529009   
6.763614   403.161249   
6.767619   403.793838   
6.771623   404.426776   
6.775628   405.060062   
6.779632   405.693696   
6.783637   406.327680   
6.787641   406.962012   
6.791646   407.596692   
6.795650   408.231721   
6.799655   408.867099   
6.803659   409.502825   
6.807664   410.138900   
6.811668   410.775324   
6.815673   411.412096   
6.819677   412.049217   
6.823682   412.686686   
6.827686   413.324504   
6.831691   413.962670   
6.835695   414.601185   
6.839700   415.240048   
6.843704   415.879260   
6.847709   416.518820   
6.851713   417.158729   
6.855718   417.798986   
6.859722   418.439592   
6.863727   419.080546   
6.867731   419.721849   
6.871736   420.363500   
6.875740   421.005499   
6.879745   421.647847   
6.883749   422.290544   
6.887754   422.933588   
6.891758   423.576982   
6.895763   424.220723   
6.899767   424.864813   
6.903772   425.509251   
6.907776   426.154038   
6.911781   426.799173   
6.915785   427.444657   
6.919790   428.090488   
6.923794   428.736669   
6.927799   429.383197   
6.931803   430.030074   
6.935808   430.677299   
6.939812   431.324872   
6.943817   431.972794   
6.947821   432.621064   
6.951826   433.269682   
6.955831   433.918648   
6.959835   434.567963   
6.963840   435.217626   
6.967844   435.867637   
6.971849   436.517997   
6.975853   437.168705   
6.979858   437.819760   
6.983862   438.471165   
6.987867   439.122917   
6.991871   439.775017   
6.995876   440.427466   
6.999880   441.080263   
7.003885   441.733408   
7.007889   442.386901   
7.011894   443.040743   
7.015898   443.694932   
7.019903   444.349470   
7.023907   445.004355   
7.027912   445.659589   
7.031916   446.315171   
7.035921   446.971101   
7.039925   447.627380   
7.043930   448.284006   
7.047934   448.940980   
7.051939   449.598303   
7.055943   450.255973   
7.059948   450.913992   
7.063952   451.572358   
7.067957   452.231073   
7.071961   452.890136   
7.075966   453.549546   
7.079970   454.209305   
7.083975   454.869412   
7.087979   455.529866   
7.091984   456.190669   
7.095988   456.851820   
7.099993   457.513318   
7.103997   458.175165   
7.108002   458.837359   
7.112006   459.499902   
7.116011   460.162792   
7.120015   460.826031   
7.124020   461.489617   
7.128024   462.153551   
7.132029   462.817833   
7.136033   463.482463   
7.140038   464.147441   
7.144042   464.812767   
7.148047   465.478441   
7.152051   466.144462   
7.156056   466.810832   
7.160060   467.477549   
7.164065   468.144614   
7.168069   468.812027   
7.172074   469.479788   
7.176078   470.147896   
7.180083   470.816353   
7.184087   471.485157   
7.188092   472.154309   
7.192096   472.823809   
7.196101   473.493656   
7.200105   474.163852   
7.204110   474.834395   
7.208115   475.505286   
7.212119   476.176524   
7.216124   476.848110   
7.220128   477.520045   
7.224133   478.192326   
7.228137   478.864956   
7.232142   479.537933   
7.236146   480.211258   
7.240151   480.884931   
7.244155   481.558951   
7.248160   482.233319   
7.252164   482.908035   
7.256169   483.583098   
7.260173   484.258509   
7.264178   484.934268   
7.268182   485.610374   
7.272187   486.286828   
7.276191   486.963629   
7.280196   487.640778   
7.284200   488.318275   
7.288205   488.996120   
7.292209   489.674312   
7.296214   490.352851   
7.300218   491.031738   
7.304223   491.710973   
7.308227   492.390555   
7.312232   493.070485   
7.316236   493.750762   
7.320241   494.431387   
7.324245   495.112359   
7.328250   495.793679   
7.332254   496.475347   
7.336259   497.157362   
7.340263   497.839724   
7.344268   498.522434   
7.348272   499.205492   
7.352277   499.888897   
7.356281   500.572649   
7.360286   501.256749   
7.364290   501.941196   
7.368295   502.625991   
7.372299   503.311133   
7.376304   503.996623   
7.380308   504.682460   
7.384313   505.368644   
7.388317   506.055176   
7.392322   506.742055   
7.396326   507.429282   
7.400331   508.116856   
7.404335   508.804777   
7.408340   509.493046   
7.412344   510.181662   
7.416349   510.870626   
7.420353   511.559937   
7.424358   512.249595   
7.428362   512.939601   
7.432367   513.629953   
7.436371   514.320654   
7.440376   515.011701   
7.444380   515.703096   
7.448385   516.394838   
7.452390   517.086927   
7.456394   517.779364   
7.460399   518.472148   
7.464403   519.165279   
7.468408   519.858758   
7.472412   520.552583   
7.476417   521.246756   
7.480421   521.941277   
7.484426   522.636144   
7.488430   523.331359   
7.492435   524.026921   
7.496439   524.722830   
7.500444   525.419086   
7.504448   526.115689   
7.508453   526.812640   
7.512457   527.509938   
7.516462   528.207583   
7.520466   528.905575   
7.524471   529.603914   
7.528475   530.302601   
7.532480   531.001634   
7.536484   531.701015   
7.540489   532.400743   
7.544493   533.100818   
7.548498   533.801240   
7.552502   534.502009   
7.556507   535.203125   
7.560511   535.904589   
7.564516   536.606399   
7.568520   537.308557   
7.572525   538.011061   
7.576529   538.713913   
7.580534   539.417112   
7.584538   540.120657   
7.588543   540.824550   
7.592547   541.528790   
7.596552   542.233377   
7.600556   542.938311   
7.604561   543.643592   
7.608565   544.349220   
7.612570   545.055194   
7.616574   545.761516   
7.620579   546.468185   
7.624583   547.175201   
7.628588   547.882564   
7.632592   548.590273   
7.636597   549.298330   
7.640601   550.006734   
7.644606   550.715484   
7.648610   551.424582   
7.652615   552.134026   
7.656619   552.843817   
7.660624   553.553956   
7.664628   554.264441   
7.668633   554.975273   
7.672637   555.686452   
7.676642   556.397978   
7.680646   557.109850   
7.684651   557.822070   
7.688655   558.534636   
7.692660   559.247549   
7.696664   559.960809   
7.700669   560.674416   
7.704674   561.388370   
7.708678   562.102671   
7.712683   562.817318   
7.716687   563.532312   
7.720692   564.247653   
7.724696   564.963341   
7.728701   565.679376   
7.732705   566.395757   
7.736710   567.112485   
7.740714   567.829560   
7.744719   568.546982   
7.748723   569.264750   
7.752728   569.982865   
7.756732   570.701327   
7.760737   571.420136   
7.764741   572.139291   
7.768746   572.858793   
7.772750   573.578642   
7.776755   574.298837   
7.780759   575.019379   
7.784764   575.740268   
7.788768   576.461504   
7.792773   577.183086   
7.796777   577.905015   
7.800782   578.627290   
7.804786   579.349913   
7.808791   580.072882   
7.812795   580.796197   
7.816800   581.519859   
7.820804   582.243868   
7.824809   582.968223   
7.828813   583.692925   
7.832818   584.417974   
7.836822   585.143369   
7.840827   585.869111   
7.844831   586.595199   
7.848836   587.321634   
7.852840   588.048415   
7.856845   588.775544   
7.860849   589.503018   
7.864854   590.230839   
7.868858   590.959007   
7.872863   591.687521   
7.876867   592.416382   
7.880872   593.145589   
7.884876   593.875143   
7.888881   594.605043   
7.892885   595.335290   
7.896890   596.065884   
7.900894   596.796823   
7.904899   597.528110   
7.908903   598.259743   
7.912908   598.991722   
7.916912   599.724047   
7.920917   600.456720   
7.924921   601.189738   
7.928926   601.923103   
7.932930   602.656815   
7.936935   603.390873   
7.940939   604.125277   
7.944944   604.860028   
7.948949   605.595125   
7.952953   606.330568   
7.956958   607.066358   
7.960962   607.802495   
7.964967   608.538977   
7.968971   609.275806   
7.972976   610.012982   
7.976980   610.750504   
7.980985   611.488372   
7.984989   612.226586   
7.988994   612.965147   
7.992998   613.704054   
7.997003   614.443308   
8.001007   615.182908   
8.005012   615.922854   
