0.040025 0.011444
0.060038 0.017034
0.080050 0.022536
0.100063 0.027950
0.120075 0.033277
0.140088 0.038517
0.160100 0.043672
0.180113 0.048743
0.200125 0.053732
0.220138 0.058639
0.240150 0.063468
0.260163 0.068220
0.280175 0.072896
0.300188 0.077499
0.320200 0.082030
0.340213 0.086492
0.360226 0.090887
0.380238 0.095215
0.400251 0.099479
0.420263 0.103680
0.440276 0.107821
0.460288 0.111903
0.480301 0.115927
0.500313 0.119895
0.520326 0.123809
0.540338 0.127669
0.560351 0.131478
0.580363 0.135236
0.600376 0.138945
0.620388 0.142606
0.640401 0.146221
0.660413 0.149790
0.680426 0.153314
0.700439 0.156796
0.720451 0.160235
0.740464 0.163633
0.760476 0.166990
0.780489 0.170308
0.800501 0.173588
0.820514 0.176830
0.840526 0.180036
0.860539 0.183205
0.880551 0.186339
0.900564 0.189440
0.920576 0.192506
0.940589 0.195538
0.960601 0.198537
0.980614 0.201503
1.000626 0.204438
1.020639 0.207343
1.040652 0.210217
1.060664 0.213062
1.080677 0.215879
1.100689 0.218667
1.120702 0.221428
1.140714 0.224162
1.160727 0.226870
1.180739 0.229552
1.200752 0.232208
1.220764 0.234840
1.240777 0.237447
1.260789 0.240031
1.280802 0.242591
1.300814 0.245127
1.320827 0.247642
1.340839 0.250134
1.360852 0.252604
1.380865 0.255052
1.400877 0.257480
1.420890 0.259887
1.440902 0.262273
1.460915 0.264640
1.480927 0.266987
1.500940 0.269314
1.520952 0.271622
1.540965 0.273912
1.560977 0.276183
1.580990 0.278436
1.601002 0.280671
1.621015 0.282889
1.641027 0.285089
1.661040 0.287272
1.681052 0.289438
1.701065 0.291588
1.721077 0.293722
1.741090 0.295839
1.761103 0.297941
1.781115 0.300027
1.801128 0.302098
1.821140 0.304153
1.841153 0.306194
1.861165 0.308220
1.881178 0.310231
1.901190 0.312228
1.921203 0.314211
1.941215 0.316180
1.961228 0.318135
1.981240 0.320077
2.001253 0.322006
2.021265 0.323921
2.041278 0.325823
2.061290 0.327712
2.081303 0.329589
2.101316 0.331453
2.121328 0.333305
2.141341 0.335144
2.161353 0.336972
2.181366 0.338787
2.201378 0.340591
2.221391 0.342383
2.241403 0.344164
2.261416 0.345933
2.281428 0.347692
2.301441 0.349439
2.321453 0.351175
2.341466 0.352900
2.361478 0.354615
2.381491 0.356319
2.401503 0.358013
2.421516 0.359696
2.441529 0.361369
2.461541 0.363033
2.481554 0.364686
2.501566 0.366329
2.521579 0.367963
2.541591 0.369586
2.561604 0.371201
2.581616 0.372806
2.601629 0.374401
2.621641 0.375988
2.641654 0.377565
2.661666 0.379133
2.681679 0.380692
2.701691 0.382243
2.721704 0.383784
2.741716 0.385317
2.761729 0.386842
2.781742 0.388358
2.801754 0.389865
2.821767 0.391364
2.841779 0.392855
2.861792 0.394338
2.881804 0.395813
2.901817 0.397280
2.921829 0.398738
2.941842 0.400189
2.961854 0.401633
2.981867 0.403068
3.001879 0.404496
3.021892 0.405917
3.041904 0.407329
3.061917 0.408735
3.081929 0.410133
3.101942 0.411524
3.121955 0.412908
3.141967 0.414284
3.161980 0.415654
3.181992 0.417016
3.202005 0.418372
3.222017 0.419721
3.242030 0.421063
3.262042 0.422398
3.282055 0.423726
3.302067 0.425048
3.322080 0.426363
3.342092 0.427672
3.362105 0.428974
3.382117 0.430270
3.402130 0.431560
3.422142 0.432843
3.442155 0.434120
3.462168 0.435390
3.482180 0.436655
3.502193 0.437914
3.522205 0.439166
3.542218 0.440413
3.562230 0.441653
3.582243 0.442888
3.602255 0.444117
3.622268 0.445340
3.642280 0.446557
3.662293 0.447769
3.682305 0.448975
3.702318 0.450175
3.722330 0.451370
3.742343 0.452559
3.762355 0.453743
3.782368 0.454921
3.802381 0.456094
3.822393 0.457262
3.842406 0.458424
3.862418 0.459581
3.882431 0.460733
3.902443 0.461879
3.922456 0.463021
3.942468 0.464157
3.962481 0.465288
3.982493 0.466415
4.002506 0.467536
4.022518 0.468652
4.042531 0.469764
4.062543 0.470870
4.082556 0.471972
4.102568 0.473068
4.122581 0.474160
4.142594 0.475248
4.162606 0.476330
4.182619 0.477408
4.202631 0.478481
4.222644 0.479550
4.242656 0.480614
4.262669 0.481673
4.282681 0.482727
4.302694 0.483775
4.322706 0.484816
4.342719 0.485850
4.362731 0.486876
4.382744 0.487894
4.402756 0.488904
4.422769 0.489905
4.442781 0.490897
4.462794 0.491880
4.482807 0.492852
4.502819 0.493814
4.522832 0.494766
4.542844 0.495707
4.562857 0.496637
4.582869 0.497556
4.602882 0.498464
4.622894 0.499361
4.642907 0.500246
4.662919 0.501120
4.682932 0.501983
4.702944 0.502834
4.722957 0.503673
4.742969 0.504501
4.762982 0.505318
4.782994 0.506123
4.803007 0.506917
4.823019 0.507700
4.843032 0.508471
4.863045 0.509231
4.883057 0.509980
4.903070 0.510719
4.923082 0.511446
4.943095 0.512163
4.963107 0.512870
4.983120 0.513566
5.003132 0.514252
5.023145 0.514927
5.043157 0.515593
5.063170 0.516249
5.083182 0.516895
5.103195 0.517532
5.123207 0.518159
5.143220 0.518777
5.163232 0.519386
5.183245 0.519986
5.203258 0.520578
5.223270 0.521160
5.243283 0.521734
5.263295 0.522300
5.283308 0.522857
5.303320 0.523407
5.323333 0.523948
5.343345 0.524482
5.363358 0.525008
5.383370 0.525527
5.403383 0.526038
5.423395 0.526542
5.443408 0.527038
5.463420 0.527528
5.483433 0.528011
5.503445 0.528487
5.523458 0.528956
5.543471 0.529419
5.563483 0.529876
5.583496 0.530326
5.603508 0.530770
5.623521 0.531208
5.643533 0.531640
5.663546 0.532066
5.683558 0.532486
5.703571 0.532901
5.723583 0.533310
5.743596 0.533714
5.763608 0.534112
5.783621 0.534505
5.803633 0.534893
5.823646 0.535275
5.843658 0.535653
5.863671 0.536026
5.883684 0.536394
5.903696 0.536757
5.923709 0.537116
5.943721 0.537470
5.963734 0.537819
5.983746 0.538164
6.003759 0.538505
6.023771 0.538841
6.043784 0.539173
6.063796 0.539501
6.083809 0.539825
6.103821 0.540145
6.123834 0.540461
6.143846 0.540773
6.163859 0.541081
6.183871 0.541386
6.203884 0.541686
6.223897 0.541984
6.243909 0.542277
6.263922 0.542567
6.283934 0.542854
6.303947 0.543137
6.323959 0.543417
6.343972 0.543693
6.363984 0.543967
6.383997 0.544237
6.404009 0.544504
6.424022 0.544768
6.444034 0.545028
6.464047 0.545286
6.484059 0.545541
6.504072 0.545793
6.524084 0.546042
6.544097 0.546288
6.564110 0.546532
6.584122 0.546772
6.604135 0.547010
6.624147 0.547246
6.644160 0.547478
6.664172 0.547709
6.684185 0.547936
6.704197 0.548161
6.724210 0.548384
6.744222 0.548604
6.764235 0.548822
6.784247 0.549037
6.804260 0.549250
6.824272 0.549461
6.844285 0.549670
6.864297 0.549876
6.884310 0.550080
6.904323 0.550282
6.924335 0.550482
6.944348 0.550679
6.964360 0.550875
6.984373 0.551068
7.004385 0.551260
7.024398 0.551449
7.044410 0.551637
7.064423 0.551823
7.084435 0.552006
7.104448 0.552188
7.124460 0.552368
7.144473 0.552546
7.164485 0.552723
7.184498 0.552897
7.204510 0.553070
7.224523 0.553241
7.244536 0.553410
7.264548 0.553578
7.284561 0.553744
7.304573 0.553908
7.324586 0.554071
7.344598 0.554232
7.364611 0.554391
7.384623 0.554549
7.404636 0.554705
7.424648 0.554860
7.444661 0.555013
7.464673 0.555165
7.484686 0.555316
7.504698 0.555464
7.524711 0.555612
7.544723 0.555758
7.564736 0.555903
7.584749 0.556046
7.604761 0.556188
7.624774 0.556328
7.644786 0.556467
7.664799 0.556605
7.684811 0.556742
7.704824 0.556877
7.724836 0.557011
7.744849 0.557144
7.764861 0.557276
7.784874 0.557406
7.804886 0.557535
7.824899 0.557663
7.844911 0.557790
7.864924 0.557916
7.884936 0.558040
7.904949 0.558163
7.924962 0.558286
7.944974 0.558407
7.964987 0.558527
7.984999 0.558646
8.005012 0.558763
