0.040025 0.471821
0.060038 0.482576
0.080050 0.493405
0.100063 0.504302
0.120075 0.515265
0.140088 0.526289
0.160100 0.537370
0.180113 0.548505
0.200125 0.559690
0.220138 0.570923
0.240150 0.582199
0.260163 0.593517
0.280175 0.604874
0.300188 0.616268
0.320200 0.627696
0.340213 0.639157
0.360226 0.650649
0.380238 0.662170
0.400251 0.673718
0.420263 0.685292
0.440276 0.696891
0.460288 0.708512
0.480301 0.720155
0.500313 0.731819
0.520326 0.743503
0.540338 0.755205
0.560351 0.766924
0.580363 0.778660
0.600376 0.790411
0.620388 0.802177
0.640401 0.813956
0.660413 0.825748
0.680426 0.837553
0.700439 0.849369
0.720451 0.861195
0.740464 0.873031
0.760476 0.884876
0.780489 0.896730
0.800501 0.908579
0.820514 0.920426
0.840526 0.932274
0.860539 0.944124
0.880551 0.955975
0.900564 0.967827
0.920576 0.979681
0.940589 0.991536
0.960601 1.003391
0.980614 1.015247
1.000626 1.027104
1.020639 1.038959
1.040652 1.050814
1.060664 1.062669
1.080677 1.074521
1.100689 1.086373
1.120702 1.098221
1.140714 1.110068
1.160727 1.121912
1.180739 1.133752
1.200752 1.145589
1.220764 1.157421
1.240777 1.169250
1.260789 1.181074
1.280802 1.192892
1.300814 1.204706
1.320827 1.216513
1.340839 1.228315
1.360852 1.240109
1.380865 1.251897
1.400877 1.263678
1.420890 1.275451
1.440902 1.287216
1.460915 1.298973
1.480927 1.310722
1.500940 1.322461
1.520952 1.334191
1.540965 1.345911
1.560977 1.357622
1.580990 1.369322
1.601002 1.381011
1.621015 1.392689
1.641027 1.404356
1.661040 1.416011
1.681052 1.427654
1.701065 1.439285
1.721077 1.450903
1.741090 1.462508
1.761103 1.474100
1.781115 1.485677
1.801128 1.497241
1.821140 1.508791
1.841153 1.520326
1.861165 1.531845
1.881178 1.543350
1.901190 1.554839
1.921203 1.566312
1.941215 1.577768
1.961228 1.589208
1.981240 1.600631
2.001253 1.612037
2.021265 1.623426
2.041278 1.634796
2.061290 1.646148
2.081303 1.657482
2.101316 1.668797
2.121328 1.680093
2.141341 1.691370
2.161353 1.702627
2.181366 1.713864
2.201378 1.725080
2.221391 1.736276
2.241403 1.747451
2.261416 1.758605
2.281428 1.769738
2.301441 1.780848
2.321453 1.791937
2.341466 1.803003
2.361478 1.814047
2.381491 1.825067
2.401503 1.836065
2.421516 1.847038
2.441529 1.857989
2.461541 1.868915
2.481554 1.879816
2.501566 1.890693
2.521579 1.901546
2.541591 1.912373
2.561604 1.923174
2.581616 1.933950
2.601629 1.944700
2.621641 1.955424
2.641654 1.966121
2.661666 1.976791
2.681679 1.987434
2.701691 1.998050
2.721704 2.008639
2.741716 2.019199
2.761729 2.029732
2.781742 2.040236
2.801754 2.050712
2.821767 2.061159
2.841779 2.071577
2.861792 2.081966
2.881804 2.092325
2.901817 2.102654
2.921829 2.112953
2.941842 2.123222
2.961854 2.133461
2.981867 2.143669
3.001879 2.153846
3.021892 2.163992
3.041904 2.174106
3.061917 2.184189
3.081929 2.194240
3.101942 2.204259
3.121955 2.214246
3.141967 2.224200
3.161980 2.234122
3.181992 2.244011
3.202005 2.253866
3.222017 2.263689
3.242030 2.273478
3.262042 2.283233
3.282055 2.292955
3.302067 2.302642
3.322080 2.312295
3.342092 2.321914
3.362105 2.331498
3.382117 2.341048
3.402130 2.350562
3.422142 2.360041
3.442155 2.369485
3.462168 2.378894
3.482180 2.388267
3.502193 2.397604
3.522205 2.406905
3.542218 2.416170
3.562230 2.425398
3.582243 2.434590
3.602255 2.443746
3.622268 2.452865
3.642280 2.461947
3.662293 2.470991
3.682305 2.479999
3.702318 2.488969
3.722330 2.497902
3.742343 2.506797
3.762355 2.515655
3.782368 2.524475
3.802381 2.533256
3.822393 2.542000
3.842406 2.550705
3.862418 2.559372
3.882431 2.568001
3.902443 2.576591
3.922456 2.585142
3.942468 2.593655
3.962481 2.602129
3.982493 2.610563
4.002506 2.618959
4.022518 2.627315
4.042531 2.635633
4.062543 2.643910
4.082556 2.652149
4.102568 2.660348
4.122581 2.668507
4.142594 2.676626
4.162606 2.684706
4.182619 2.692709
4.202631 2.697250
4.222644 2.699410
4.242656 2.700841
4.262669 2.701910
4.282681 2.702756
4.302694 2.703449
4.322706 2.704030
4.342719 2.704523
4.362731 2.704947
4.382744 2.705314
4.402756 2.705634
4.422769 2.705913
4.442781 2.706157
4.462794 2.706372
4.482807 2.706560
4.502819 2.706725
4.522832 2.706869
4.542844 2.706995
4.562857 2.707105
4.582869 2.707199
4.602882 2.707281
4.622894 2.707350
4.642907 2.707409
4.662919 2.707457
4.682932 2.707497
4.702944 2.707528
4.722957 2.707552
4.742969 2.707569
4.762982 2.707580
4.782994 2.707585
4.803007 2.707585
4.823019 2.707580
4.843032 2.707570
4.863045 2.707557
4.883057 2.707539
4.903070 2.707519
4.923082 2.707495
4.943095 2.707469
4.963107 2.707440
4.983120 2.707408
5.003132 2.707375
5.023145 2.707339
5.043157 2.707302
5.063170 2.707263
5.083182 2.707223
5.103195 2.707181
5.123207 2.707139
5.143220 2.707095
5.163232 2.707050
5.183245 2.707005
5.203258 2.706959
5.223270 2.706912
5.243283 2.706864
5.263295 2.706817
5.283308 2.706769
5.303320 2.706720
5.323333 2.706672
5.343345 2.706623
5.363358 2.706575
5.383370 2.706526
5.403383 2.706477
5.423395 2.706428
5.443408 2.706380
5.463420 2.706331
5.483433 2.706283
5.503445 2.706235
5.523458 2.706187
5.543471 2.706140
5.563483 2.706093
5.583496 2.706046
5.603508 2.706000
5.623521 2.705954
5.643533 2.705909
5.663546 2.705864
5.683558 2.705819
5.703571 2.705775
5.723583 2.705731
5.743596 2.705688
5.763608 2.705646
5.783621 2.705604
5.803633 2.705562
5.823646 2.705522
5.843658 2.705481
5.863671 2.705442
5.883684 2.705403
5.903696 2.705364
5.923709 2.705326
5.943721 2.705289
5.963734 2.705252
5.983746 2.705216
6.003759 2.705181
6.023771 2.705146
6.043784 2.705112
6.063796 2.705078
6.083809 2.705046
6.103821 2.705013
6.123834 2.704982
6.143846 2.704951
6.163859 2.704921
6.183871 2.704891
6.203884 2.704862
6.223897 2.704833
6.243909 2.704806
6.263922 2.704779
6.283934 2.704752
6.303947 2.704726
6.323959 2.704701
6.343972 2.704676
6.363984 2.704652
6.383997 2.704629
6.404009 2.704606
6.424022 2.704584
6.444034 2.704562
6.464047 2.704541
6.484059 2.704521
6.504072 2.704501
6.524084 2.704482
6.544097 2.704463
6.564110 2.704445
6.584122 2.704428
6.604135 2.704411
6.624147 2.704395
6.644160 2.704379
6.664172 2.704364
6.684185 2.704349
6.704197 2.704335
6.724210 2.704322
6.744222 2.704309
6.764235 2.704296
6.784247 2.704284
6.804260 2.704273
6.824272 2.704262
6.844285 2.704252
6.864297 2.704242
6.884310 2.704233
6.904323 2.704224
6.924335 2.704215
6.944348 2.704207
6.964360 2.704200
6.984373 2.704193
7.004385 2.704187
7.024398 2.704181
7.044410 2.704175
7.064423 2.704170
7.084435 2.704166
7.104448 2.704161
7.124460 2.704158
7.144473 2.704154
7.164485 2.704152
7.184498 2.704149
7.204510 2.704147
7.224523 2.704145
7.244536 2.704144
7.264548 2.704143
7.284561 2.704143
7.304573 2.704143
7.324586 2.704143
7.344598 2.704144
7.364611 2.704145
7.384623 2.704147
7.404636 2.704149
7.424648 2.704151
7.444661 2.704154
7.464673 2.704157
7.484686 2.704160
7.504698 2.704164
7.524711 2.704168
7.544723 2.704172
7.564736 2.704177
7.584749 2.704182
7.604761 2.704187
7.624774 2.704193
7.644786 2.704199
7.664799 2.704205
7.684811 2.704211
7.704824 2.704218
7.724836 2.704225
7.744849 2.704233
7.764861 2.704240
7.784874 2.704248
7.804886 2.704257
7.824899 2.704265
7.844911 2.704274
7.864924 2.704283
7.884936 2.704292
7.904949 2.704302
7.924962 2.704312
7.944974 2.704322
7.964987 2.704332
7.984999 2.704343
8.005012 2.704354
