0.040025  0.998573   0.001427   
0.060038  0.997517   0.002483   
0.080050  0.996320   0.003680   
0.100063  0.995040   0.004960   
0.120075  0.993706   0.006294   
0.140088  0.992340   0.007660   
0.160100  0.990960   0.009040   
0.180113  0.989578   0.010422   
0.200125  0.988203   0.011797   
0.220138  0.986843   0.013157   
0.240150  0.985502   0.014498   
0.260163  0.984185   0.015815   
0.280175  0.982894   0.017106   
0.300188  0.981631   0.018369   
0.320200  0.980391   0.019609   
0.340213  0.979187   0.020813   
0.360226  0.978013   0.021987   
0.380238  0.976869   0.023131   
0.400251  0.975754   0.024246   
0.420263  0.974669   0.025331   
0.440276  0.973612   0.026388   
0.460288  0.972582   0.027418   
0.480301  0.971579   0.028421   
0.500313  0.970602   0.029398   
0.520326  0.969650   0.030350   
0.540338  0.968722   0.031278   
0.560351  0.967817   0.032183   
0.580363  0.966935   0.033065   
0.600376  0.966074   0.033926   
0.620388  0.965233   0.034767   
0.640401  0.964412   0.035588   
0.660413  0.963610   0.036390   
0.680426  0.962827   0.037173   
0.700439  0.962060   0.037940   
0.720451  0.961310   0.038690   
0.740464  0.960576   0.039424   
0.760476  0.959858   0.040142   
0.780489  0.959151   0.040849   
0.800501  0.958312   0.041688   
0.820514  0.957394   0.042606   
0.840526  0.956441   0.043559   
0.860539  0.955467   0.044533   
0.880551  0.954484   0.045516   
0.900564  0.953496   0.046504   
0.920576  0.952509   0.047491   
0.940589  0.951525   0.048475   
0.960601  0.950546   0.049454   
0.980614  0.949575   0.050425   
1.000626  0.948612   0.051388   
1.020639  0.947659   0.052341   
1.040652  0.946715   0.053285   
1.060664  0.945782   0.054218   
1.080677  0.944860   0.055140   
1.100689  0.943948   0.056052   
1.120702  0.943047   0.056953   
1.140714  0.942158   0.057842   
1.160727  0.941280   0.058720   
1.180739  0.940412   0.059588   
1.200752  0.939556   0.060444   
1.220764  0.938710   0.061290   
1.240777  0.937875   0.062125   
1.260789  0.937050   0.062950   
1.280802  0.936235   0.063765   
1.300814  0.935431   0.064569   
1.320827  0.934637   0.065363   
1.340839  0.933852   0.066148   
1.360852  0.933077   0.066923   
1.380865  0.932311   0.067689   
1.400877  0.931554   0.068446   
1.420890  0.930806   0.069194   
1.440902  0.930066   0.069934   
1.460915  0.929336   0.070664   
1.480927  0.928613   0.071387   
1.500940  0.927899   0.072101   
1.520952  0.927192   0.072808   
1.540965  0.926493   0.073507   
1.560977  0.925802   0.074198   
1.580990  0.925118   0.074882   
1.601002  0.924442   0.075558   
1.621015  0.923772   0.076228   
1.641027  0.923109   0.076891   
1.661040  0.922453   0.077547   
1.681052  0.921804   0.078196   
1.701065  0.921161   0.078839   
1.721077  0.920524   0.079476   
1.741090  0.919894   0.080106   
1.761103  0.919269   0.080731   
1.781115  0.918650   0.081350   
1.801128  0.918037   0.081963   
1.821140  0.917430   0.082570   
1.841153  0.916828   0.083172   
1.861165  0.916232   0.083768   
1.881178  0.915641   0.084359   
1.901190  0.915055   0.084945   
1.921203  0.914474   0.085526   
1.941215  0.913898   0.086102   
1.961228  0.913327   0.086673   
1.981240  0.912761   0.087239   
2.001253  0.912199   0.087801   
2.021265  0.911643   0.088357   
2.041278  0.911090   0.088910   
2.061290  0.910542   0.089458   
2.081303  0.909998   0.090002   
2.101316  0.909459   0.090541   
2.121328  0.908924   0.091076   
2.141341  0.908393   0.091607   
2.161353  0.907866   0.092134   
2.181366  0.907343   0.092657   
2.201378  0.906824   0.093176   
2.221391  0.906308   0.093692   
2.241403  0.905797   0.094203   
2.261416  0.905289   0.094711   
2.281428  0.904785   0.095215   
2.301441  0.904284   0.095716   
2.321453  0.903787   0.096213   
2.341466  0.903294   0.096706   
2.361478  0.902804   0.097196   
2.381491  0.902317   0.097683   
2.401503  0.901834   0.098166   
2.421516  0.901354   0.098646   
2.441529  0.900877   0.099123   
2.461541  0.900404   0.099596   
2.481554  0.899933   0.100067   
2.501566  0.899466   0.100534   
2.521579  0.899002   0.100998   
2.541591  0.898540   0.101460   
2.561604  0.898082   0.101918   
2.581616  0.897627   0.102373   
2.601629  0.897174   0.102826   
2.621641  0.896725   0.103275   
2.641654  0.896278   0.103722   
2.661666  0.895834   0.104166   
2.681679  0.895393   0.104607   
2.701691  0.894955   0.105045   
2.721704  0.894519   0.105481   
2.741716  0.894086   0.105914   
2.761729  0.893656   0.106344   
2.781742  0.893228   0.106772   
2.801754  0.892803   0.107197   
2.821767  0.892381   0.107619   
2.841779  0.891961   0.108039   
2.861792  0.891543   0.108457   
2.881804  0.891128   0.108872   
2.901817  0.890715   0.109285   
2.921829  0.890305   0.109695   
2.941842  0.889897   0.110103   
2.961854  0.889492   0.110508   
2.981867  0.889089   0.110911   
3.001879  0.888688   0.111312   
3.021892  0.888289   0.111711   
3.041904  0.887893   0.112107   
3.061917  0.887499   0.112501   
3.081929  0.887108   0.112892   
3.101942  0.886718   0.113282   
3.121955  0.886331   0.113669   
3.141967  0.885946   0.114054   
3.161980  0.885563   0.114437   
3.181992  0.885182   0.114818   
3.202005  0.884803   0.115197   
3.222017  0.884427   0.115573   
3.242030  0.884052   0.115948   
3.262042  0.883680   0.116320   
3.282055  0.883309   0.116691   
3.302067  0.882941   0.117059   
3.322080  0.882574   0.117426   
3.342092  0.882210   0.117790   
3.362105  0.881848   0.118152   
3.382117  0.881487   0.118513   
3.402130  0.881129   0.118871   
3.422142  0.880772   0.119228   
3.442155  0.880417   0.119583   
3.462168  0.880065   0.119935   
3.482180  0.879714   0.120286   
3.502193  0.879365   0.120635   
3.522205  0.879017   0.120983   
3.542218  0.878672   0.121328   
3.562230  0.878329   0.121671   
3.582243  0.877987   0.122013   
3.602255  0.877647   0.122353   
3.622268  0.877309   0.122691   
3.642280  0.876972   0.123028   
3.662293  0.876638   0.123362   
3.682305  0.876305   0.123695   
3.702318  0.875974   0.124026   
3.722330  0.875644   0.124356   
3.742343  0.875317   0.124683   
3.762355  0.874991   0.125009   
3.782368  0.874666   0.125334   
3.802381  0.874343   0.125657   
3.822393  0.874022   0.125978   
3.842406  0.873703   0.126297   
3.862418  0.873385   0.126615   
3.882431  0.873069   0.126931   
3.902443  0.872754   0.127246   
3.922456  0.872441   0.127559   
3.942468  0.872130   0.127870   
3.962481  0.871820   0.128180   
3.982493  0.871512   0.128488   
4.002506  0.871205   0.128795   
4.022518  0.870900   0.129100   
4.042531  0.870596   0.129404   
4.062543  0.870294   0.129706   
4.082556  0.869993   0.130007   
4.102568  0.869694   0.130306   
4.122581  0.869396   0.130604   
4.142594  0.869100   0.130900   
4.162606  0.868805   0.131195   
4.182619  0.868511   0.131489   
4.202631  0.868191   0.131809   
4.222644  0.867852   0.132148   
4.242656  0.867508   0.132492   
4.262669  0.867162   0.132838   
4.282681  0.866817   0.133183   
4.302694  0.866471   0.133529   
4.322706  0.866125   0.133875   
4.342719  0.865781   0.134219   
4.362731  0.865437   0.134563   
4.382744  0.865094   0.134906   
4.402756  0.864752   0.135248   
4.422769  0.864411   0.135589   
4.442781  0.864071   0.135929   
4.462794  0.863732   0.136268   
4.482807  0.863395   0.136605   
4.502819  0.863058   0.136942   
4.522832  0.862723   0.137277   
4.542844  0.862389   0.137611   
4.562857  0.862056   0.137944   
4.582869  0.861725   0.138275   
4.602882  0.861394   0.138606   
4.622894  0.861065   0.138935   
4.642907  0.860737   0.139263   
4.662919  0.860410   0.139590   
4.682932  0.860085   0.139915   
4.702944  0.859760   0.140240   
4.722957  0.859437   0.140563   
4.742969  0.859115   0.140885   
4.762982  0.858794   0.141206   
4.782994  0.858475   0.141525   
4.803007  0.858156   0.141844   
4.823019  0.857839   0.142161   
4.843032  0.857523   0.142477   
4.863045  0.857208   0.142792   
4.883057  0.856895   0.143105   
4.903070  0.856582   0.143418   
4.923082  0.856271   0.143729   
4.943095  0.855960   0.144040   
4.963107  0.855651   0.144349   
4.983120  0.855343   0.144657   
5.003132  0.855037   0.144963   
5.023145  0.854731   0.145269   
5.043157  0.854427   0.145573   
5.063170  0.854123   0.145877   
5.083182  0.853821   0.146179   
5.103195  0.853520   0.146480   
5.123207  0.853219   0.146781   
5.143220  0.852920   0.147080   
5.163232  0.852623   0.147377   
5.183245  0.852326   0.147674   
5.203258  0.852030   0.147970   
5.223270  0.851735   0.148265   
5.243283  0.851442   0.148558   
5.263295  0.851149   0.148851   
5.283308  0.850857   0.149143   
5.303320  0.850567   0.149433   
5.323333  0.850277   0.149723   
5.343345  0.849989   0.150011   
5.363358  0.849701   0.150299   
5.383370  0.849415   0.150585   
5.403383  0.849130   0.150870   
5.423395  0.848845   0.151155   
5.443408  0.848562   0.151438   
5.463420  0.848279   0.151721   
5.483433  0.847998   0.152002   
5.503445  0.847717   0.152283   
5.523458  0.847438   0.152562   
5.543471  0.847159   0.152841   
5.563483  0.846881   0.153119   
5.583496  0.846605   0.153395   
5.603508  0.846329   0.153671   
5.623521  0.846054   0.153946   
5.643533  0.845780   0.154220   
5.663546  0.845508   0.154492   
5.683558  0.845236   0.154764   
5.703571  0.844964   0.155036   
5.723583  0.844694   0.155306   
5.743596  0.844425   0.155575   
5.763608  0.844157   0.155843   
5.783621  0.843889   0.156111   
5.803633  0.843623   0.156377   
5.823646  0.843357   0.156643   
5.843658  0.843092   0.156908   
5.863671  0.842828   0.157172   
5.883684  0.842565   0.157435   
5.903696  0.842303   0.157697   
5.923709  0.842041   0.157959   
5.943721  0.841781   0.158219   
5.963734  0.841521   0.158479   
5.983746  0.841262   0.158738   
6.003759  0.841004   0.158996   
6.023771  0.840747   0.159253   
6.043784  0.840491   0.159509   
6.063796  0.840235   0.159765   
6.083809  0.839980   0.160020   
6.103821  0.839726   0.160274   
6.123834  0.839473   0.160527   
6.143846  0.839221   0.160779   
6.163859  0.838969   0.161031   
6.183871  0.838719   0.161281   
6.203884  0.838469   0.161531   
6.223897  0.838219   0.161781   
6.243909  0.837971   0.162029   
6.263922  0.837723   0.162277   
6.283934  0.837476   0.162524   
6.303947  0.837230   0.162770   
6.323959  0.836985   0.163015   
6.343972  0.836740   0.163260   
6.363984  0.836497   0.163503   
6.383997  0.836253   0.163747   
6.404009  0.836011   0.163989   
6.424022  0.835769   0.164231   
6.444034  0.835528   0.164472   
6.464047  0.835288   0.164712   
6.484059  0.835049   0.164951   
6.504072  0.834810   0.165190   
6.524084  0.834572   0.165428   
6.544097  0.834335   0.165665   
6.564110  0.834098   0.165902   
6.584122  0.833862   0.166138   
6.604135  0.833627   0.166373   
6.624147  0.833392   0.166608   
6.644160  0.833158   0.166842   
6.664172  0.832925   0.167075   
6.684185  0.832693   0.167307   
6.704197  0.832461   0.167539   
6.724210  0.832230   0.167770   
6.744222  0.831999   0.168001   
6.764235  0.831769   0.168231   
6.784247  0.831540   0.168460   
6.804260  0.831312   0.168688   
6.824272  0.831084   0.168916   
6.844285  0.830857   0.169143   
6.864297  0.830630   0.169370   
6.884310  0.830404   0.169596   
6.904323  0.830179   0.169821   
6.924335  0.829954   0.170046   
6.944348  0.829730   0.170270   
6.964360  0.829507   0.170493   
6.984373  0.829284   0.170716   
7.004385  0.829062   0.170938   
7.024398  0.828841   0.171159   
7.044410  0.828620   0.171380   
7.064423  0.828400   0.171600   
7.084435  0.828180   0.171820   
7.104448  0.827961   0.172039   
7.124460  0.827742   0.172258   
7.144473  0.827524   0.172476   
7.164485  0.827307   0.172693   
7.184498  0.827091   0.172909   
7.204510  0.826874   0.173126   
7.224523  0.826659   0.173341   
7.244536  0.826444   0.173556   
7.264548  0.826230   0.173770   
7.284561  0.826016   0.173984   
7.304573  0.825803   0.174197   
7.324586  0.825590   0.174410   
7.344598  0.825378   0.174622   
7.364611  0.825167   0.174833   
7.384623  0.824956   0.175044   
7.404636  0.824745   0.175255   
7.424648  0.824535   0.175465   
7.444661  0.824326   0.175674   
7.464673  0.824117   0.175883   
7.484686  0.823909   0.176091   
7.504698  0.823702   0.176298   
7.524711  0.823494   0.176506   
7.544723  0.823288   0.176712   
7.564736  0.823082   0.176918   
7.584749  0.822876   0.177124   
7.604761  0.822671   0.177329   
7.624774  0.822467   0.177533   
7.644786  0.822263   0.177737   
7.664799  0.822060   0.177940   
7.684811  0.821857   0.178143   
7.704824  0.821655   0.178345   
7.724836  0.821453   0.178547   
7.744849  0.821251   0.178749   
7.764861  0.821051   0.178949   
7.784874  0.820850   0.179150   
7.804886  0.820650   0.179350   
7.824899  0.820451   0.179549   
7.844911  0.820252   0.179748   
7.864924  0.820054   0.179946   
7.884936  0.819856   0.180144   
7.904949  0.819659   0.180341   
7.924962  0.819462   0.180538   
7.944974  0.819266   0.180734   
7.964987  0.819070   0.180930   
7.984999  0.818874   0.181126   
8.005012  0.818680   0.181320   
