0.040025 0.011444
0.060038 0.017034
0.080050 0.022536
0.100063 0.027950
0.120075 0.033277
0.140088 0.038517
0.160100 0.043672
0.180113 0.048743
0.200125 0.053732
0.220138 0.058639
0.240150 0.063468
0.260163 0.068220
0.280175 0.072896
0.300188 0.077499
0.320200 0.082030
0.340213 0.086492
0.360226 0.090887
0.380238 0.095215
0.400251 0.099479
0.420263 0.103680
0.440276 0.107821
0.460288 0.111903
0.480301 0.115927
0.500313 0.119895
0.520326 0.123809
0.540338 0.127669
0.560351 0.131478
0.580363 0.135236
0.600376 0.138945
0.620388 0.142606
0.640401 0.146221
0.660413 0.149790
0.680426 0.153314
0.700439 0.156796
0.720451 0.160235
0.740464 0.163633
0.760476 0.166990
0.780489 0.170308
0.800501 0.173588
0.820514 0.176830
0.840526 0.180036
0.860539 0.183205
0.880551 0.186339
0.900564 0.189440
0.920576 0.192506
0.940589 0.195538
0.960601 0.198537
0.980614 0.201503
1.000626 0.204438
1.020639 0.207343
1.040652 0.210217
1.060664 0.213062
1.080677 0.215879
1.100689 0.218667
1.120702 0.221428
1.140714 0.224162
1.160727 0.226870
1.180739 0.229552
1.200752 0.232208
1.220764 0.234840
1.240777 0.237447
1.260789 0.240031
1.280802 0.242591
1.300814 0.245127
1.320827 0.247642
1.340839 0.250134
1.360852 0.252604
1.380865 0.255052
1.400877 0.257480
1.420890 0.259887
1.440902 0.262273
1.460915 0.264640
1.480927 0.266987
1.500940 0.269314
1.520952 0.271622
1.540965 0.273912
1.560977 0.276183
1.580990 0.278436
1.601002 0.280671
1.621015 0.282889
1.641027 0.285089
1.661040 0.287272
1.681052 0.289438
1.701065 0.291588
1.721077 0.293722
1.741090 0.295839
1.761103 0.297941
1.781115 0.300027
1.801128 0.302098
1.821140 0.304153
1.841153 0.306194
1.861165 0.308220
1.881178 0.310231
1.901190 0.312228
1.921203 0.314211
1.941215 0.316180
1.961228 0.318135
1.981240 0.320077
2.001253 0.322006
2.021265 0.323921
2.041278 0.325823
2.061290 0.327712
2.081303 0.329589
2.101316 0.331453
2.121328 0.333305
2.141341 0.335144
2.161353 0.336972
2.181366 0.338787
2.201378 0.340591
2.221391 0.342383
2.241403 0.344164
2.261416 0.345933
2.281428 0.347692
2.301441 0.349439
2.321453 0.351175
2.341466 0.352900
2.361478 0.354615
2.381491 0.356319
2.401503 0.358013
2.421516 0.359696
2.441529 0.361369
2.461541 0.363033
2.481554 0.364686
2.501566 0.366329
2.521579 0.367963
2.541591 0.369586
2.561604 0.371201
2.581616 0.372806
2.601629 0.374401
2.621641 0.375988
2.641654 0.377565
2.661666 0.379133
2.681679 0.380692
2.701691 0.382243
2.721704 0.383784
2.741716 0.385317
2.761729 0.386842
2.781742 0.388358
2.801754 0.389865
2.821767 0.391364
2.841779 0.392855
2.861792 0.394338
2.881804 0.395813
2.901817 0.397280
2.921829 0.398738
2.941842 0.400189
2.961854 0.401633
2.981867 0.403068
3.001879 0.404496
3.021892 0.405917
3.041904 0.407329
3.061917 0.408735
3.081929 0.410133
3.101942 0.411524
3.121955 0.412908
3.141967 0.414284
3.161980 0.415654
3.181992 0.417016
3.202005 0.418372
3.222017 0.419721
3.242030 0.421063
3.262042 0.422398
3.282055 0.423726
3.302067 0.425048
3.322080 0.426363
3.342092 0.427672
3.362105 0.428974
3.382117 0.430270
3.402130 0.431560
3.422142 0.432843
3.442155 0.434120
3.462168 0.435390
3.482180 0.436655
3.502193 0.437914
3.522205 0.439166
3.542218 0.440413
3.562230 0.441653
3.582243 0.442888
3.602255 0.444117
3.622268 0.445340
3.642280 0.446557
3.662293 0.447769
3.682305 0.448975
3.702318 0.450175
3.722330 0.451370
3.742343 0.452559
3.762355 0.453743
3.782368 0.454921
3.802381 0.456094
3.822393 0.457262
3.842406 0.458424
3.862418 0.459581
3.882431 0.460733
3.902443 0.461879
3.922456 0.463021
3.942468 0.464157
3.962481 0.465288
3.982493 0.466415
4.002506 0.467536
4.022518 0.468652
4.042531 0.469764
4.062543 0.470870
4.082556 0.471972
4.102568 0.473068
4.122581 0.474160
4.142594 0.475248
4.162606 0.476330
4.182619 0.477408
4.202631 0.478481
4.222644 0.479550
4.242656 0.480173
4.262669 0.480255
4.282681 0.480304
4.302694 0.480341
4.322706 0.480371
4.342719 0.480396
4.362731 0.480419
4.382744 0.480439
4.402756 0.480457
4.422769 0.480473
4.442781 0.480488
4.462794 0.480502
4.482807 0.480516
4.502819 0.480528
4.522832 0.480540
4.542844 0.480551
4.562857 0.480561
4.582869 0.480571
4.602882 0.480581
4.622894 0.480590
4.642907 0.480598
4.662919 0.480607
4.682932 0.480615
4.702944 0.480622
4.722957 0.480630
4.742969 0.480637
4.762982 0.480644
4.782994 0.480650
4.803007 0.480657
4.823019 0.480663
4.843032 0.480669
4.863045 0.480675
4.883057 0.480680
4.903070 0.480686
4.923082 0.480691
4.943095 0.480696
4.963107 0.480701
4.983120 0.480706
5.003132 0.480711
5.023145 0.480715
5.043157 0.480720
5.063170 0.480724
5.083182 0.480728
5.103195 0.480733
5.123207 0.480737
5.143220 0.480741
5.163232 0.480744
5.183245 0.480748
5.203258 0.480752
5.223270 0.480756
5.243283 0.480759
5.263295 0.480762
5.283308 0.480766
5.303320 0.480769
5.323333 0.480772
5.343345 0.480776
5.363358 0.480779
5.383370 0.480782
5.403383 0.480785
5.423395 0.480787
5.443408 0.480790
5.463420 0.480793
5.483433 0.480796
5.503445 0.480798
5.523458 0.480801
5.543471 0.480804
5.563483 0.480806
5.583496 0.480809
5.603508 0.480811
5.623521 0.480814
5.643533 0.480816
5.663546 0.480818
5.683558 0.480820
5.703571 0.480823
5.723583 0.480825
5.743596 0.480827
5.763608 0.480829
5.783621 0.480831
5.803633 0.480833
5.823646 0.480835
5.843658 0.480837
5.863671 0.480839
5.883684 0.480841
5.903696 0.480843
5.923709 0.480845
5.943721 0.480846
5.963734 0.480848
5.983746 0.480850
6.003759 0.480852
6.023771 0.480853
6.043784 0.480855
6.063796 0.480857
6.083809 0.480858
6.103821 0.480860
6.123834 0.480861
6.143846 0.480863
6.163859 0.480864
6.183871 0.480866
6.203884 0.480867
6.223897 0.480869
6.243909 0.480870
6.263922 0.480871
6.283934 0.480873
6.303947 0.480874
6.323959 0.480875
6.343972 0.480877
6.363984 0.480878
6.383997 0.480879
6.404009 0.480881
6.424022 0.480882
6.444034 0.480883
6.464047 0.480884
6.484059 0.480885
6.504072 0.480887
6.524084 0.480888
6.544097 0.480889
6.564110 0.480890
6.584122 0.480891
6.604135 0.480892
6.624147 0.480893
6.644160 0.480894
6.664172 0.480895
6.684185 0.480896
6.704197 0.480897
6.724210 0.480898
6.744222 0.480899
6.764235 0.480900
6.784247 0.480901
6.804260 0.480902
6.824272 0.480903
6.844285 0.480904
6.864297 0.480905
6.884310 0.480906
6.904323 0.480907
6.924335 0.480907
6.944348 0.480908
6.964360 0.480909
6.984373 0.480910
7.004385 0.480911
7.024398 0.480912
7.044410 0.480912
7.064423 0.480913
7.084435 0.480914
7.104448 0.480915
7.124460 0.480915
7.144473 0.480916
7.164485 0.480917
7.184498 0.480918
7.204510 0.480918
7.224523 0.480919
7.244536 0.480920
7.264548 0.480920
7.284561 0.480921
7.304573 0.480922
7.324586 0.480922
7.344598 0.480923
7.364611 0.480924
7.384623 0.480924
7.404636 0.480925
7.424648 0.480926
7.444661 0.480926
7.464673 0.480927
7.484686 0.480927
7.504698 0.480928
7.524711 0.480929
7.544723 0.480929
7.564736 0.480930
7.584749 0.480930
7.604761 0.480931
7.624774 0.480931
7.644786 0.480932
7.664799 0.480932
7.684811 0.480933
7.704824 0.480933
7.724836 0.480934
7.744849 0.480934
7.764861 0.480935
7.784874 0.480935
7.804886 0.480936
7.824899 0.480936
7.844911 0.480937
7.864924 0.480937
7.884936 0.480938
7.904949 0.480938
7.924962 0.480939
7.944974 0.480939
7.964987 0.480940
7.984999 0.480940
8.005012 0.480940
