0.004005   0.000000   
0.008009   0.000034   
0.012014   -0.000092   
0.016018   -0.000392   
0.020023   -0.000879   
0.024027   -0.001558   
0.028032   -0.002432   
0.032036   -0.003500   
0.036041   -0.004762   
0.040045   -0.006217   
0.044050   -0.007862   
0.048054   -0.009695   
0.052059   -0.011713   
0.056063   -0.013912   
0.060068   -0.016289   
0.064072   -0.018841   
0.068077   -0.021563   
0.072081   -0.024453   
0.076086   -0.027506   
0.080090   -0.030719   
0.084095   -0.034087   
0.088099   -0.037608   
0.092104   -0.041277   
0.096108   -0.045090   
0.100113   -0.049043   
0.104117   -0.053134   
0.108122   -0.057357   
0.112126   -0.061710   
0.116131   -0.066189   
0.120135   -0.070790   
0.124140   -0.075509   
0.128144   -0.080344   
0.132149   -0.085290   
0.136153   -0.090343   
0.140158   -0.095502   
0.144162   -0.100761   
0.148167   -0.106119   
0.152171   -0.111571   
0.156176   -0.117114   
0.160180   -0.122745   
0.164185   -0.128461   
0.168189   -0.134258   
0.172194   -0.140135   
0.176198   -0.146086   
0.180203   -0.152110   
0.184207   -0.158204   
0.188212   -0.164364   
0.192216   -0.170588   
0.196221   -0.176872   
0.200225   -0.183214   
0.204230   -0.189612   
0.208234   -0.196061   
0.212239   -0.202561   
0.216243   -0.209107   
0.220248   -0.215697   
0.224252   -0.222329   
0.228257   -0.229000   
0.232261   -0.235707   
0.236266   -0.242448   
0.240270   -0.249221   
0.244275   -0.256022   
0.248279   -0.262850   
0.252284   -0.269702   
0.256289   -0.276576   
0.260293   -0.283469   
0.264298   -0.290379   
0.268302   -0.297303   
0.272307   -0.304240   
0.276311   -0.311187   
0.280316   -0.318142   
0.284320   -0.325103   
0.288325   -0.332067   
0.292329   -0.339032   
0.296334   -0.345997   
0.300338   -0.352959   
0.304343   -0.359916   
0.308347   -0.366866   
0.312352   -0.373807   
0.316356   -0.380737   
0.320361   -0.387653   
0.324365   -0.394555   
0.328370   -0.401440   
0.332374   -0.408306   
0.336379   -0.415150   
0.340383   -0.421972   
0.344388   -0.428770   
0.348392   -0.435541   
0.352397   -0.442283   
0.356401   -0.448995   
0.360406   -0.455675   
0.364410   -0.462322   
0.368415   -0.468932   
0.372419   -0.475505   
0.376424   -0.482039   
0.380428   -0.488532   
0.384433   -0.494982   
0.388437   -0.501388   
0.392442   -0.507748   
0.396446   -0.514060   
0.400451   -0.520323   
0.404455   -0.526534   
0.408460   -0.532692   
0.412464   -0.538796   
0.416469   -0.544844   
0.420473   -0.550834   
0.424478   -0.556765   
0.428482   -0.562635   
0.432487   -0.568442   
0.436491   -0.574185   
0.440496   -0.579862   
0.444500   -0.585472   
0.448505   -0.591014   
0.452509   -0.596484   
0.456514   -0.601883   
0.460518   -0.607208   
0.464523   -0.612458   
0.468527   -0.617631   
0.472532   -0.622727   
0.476536   -0.627742   
0.480541   -0.632677   
0.484545   -0.637529   
0.488550   -0.642296   
0.492554   -0.646978   
0.496559   -0.651573   
0.500564   -0.656079   
0.504568   -0.660495   
0.508573   -0.664820   
0.512577   -0.669051   
0.516582   -0.673188   
0.520586   -0.677229   
0.524591   -0.681172   
0.528595   -0.685016   
0.532600   -0.688760   
0.536604   -0.692402   
0.540609   -0.695940   
0.544613   -0.699374   
0.548618   -0.702701   
0.552622   -0.705921   
0.556627   -0.709032   
0.560631   -0.712031   
0.564636   -0.714919   
0.568640   -0.717693   
0.572645   -0.720352   
0.576649   -0.722895   
0.580654   -0.725319   
0.584658   -0.727625   
0.588663   -0.729809   
0.592667   -0.731871   
0.596672   -0.733809   
0.600676   -0.735622   
0.604681   -0.737308   
0.608685   -0.738866   
0.612690   -0.740294   
0.616694   -0.741591   
0.620699   -0.742756   
0.624703   -0.743786   
0.628708   -0.744680   
0.632712   -0.745438   
0.636717   -0.746057   
0.640721   -0.746535   
0.644726   -0.746872   
0.648730   -0.747066   
0.652735   -0.747115   
0.656739   -0.747018   
0.660744   -0.746774   
0.664748   -0.746380   
0.668753   -0.745835   
0.672757   -0.745138   
0.676762   -0.744287   
0.680766   -0.743281   
0.684771   -0.742117   
0.688775   -0.740795   
0.692780   -0.739313   
0.696784   -0.737669   
0.700789   -0.735862   
0.704793   -0.733890   
0.708798   -0.731751   
0.712802   -0.729444   
0.716807   -0.726967   
0.720811   -0.724319   
0.724816   -0.721498   
0.728820   -0.718502   
0.732825   -0.715330   
0.736829   -0.711980   
0.740834   -0.708450   
0.744838   -0.704738   
0.748843   -0.700844   
0.752848   -0.696765   
0.756852   -0.692499   
0.760857   -0.688045   
0.764861   -0.683401   
0.768866   -0.678566   
0.772870   -0.673537   
0.776875   -0.668313   
0.780879   -0.662891   
0.784884   -0.657271   
0.788888   -0.651451   
0.792893   -0.645428   
0.796897   -0.639200   
0.800902   -0.632767   
0.804906   -0.626126   
0.808911   -0.619275   
0.812915   -0.612213   
0.816920   -0.604937   
0.820924   -0.597445   
0.824929   -0.589737   
0.828933   -0.581809   
0.832938   -0.573660   
0.836942   -0.565288   
0.840947   -0.556691   
0.844951   -0.547867   
0.848956   -0.538814   
0.852960   -0.529530   
0.856965   -0.520013   
0.860969   -0.510262   
0.864974   -0.500273   
0.868978   -0.490045   
0.872983   -0.479576   
0.876987   -0.468864   
0.880992   -0.457907   
0.884996   -0.446703   
0.889001   -0.435249   
0.893005   -0.423543   
0.897010   -0.411584   
0.901014   -0.399369   
0.905019   -0.386896   
0.909023   -0.374163   
0.913028   -0.361167   
0.917032   -0.347907   
0.921037   -0.334380   
0.925041   -0.320584   
0.929046   -0.306516   
0.933050   -0.292175   
0.937055   -0.277559   
0.941059   -0.262664   
0.945064   -0.247489   
0.949068   -0.232031   
0.953073   -0.216288   
0.957077   -0.200258   
0.961082   -0.183938   
0.965086   -0.167325   
0.969091   -0.150419   
0.973095   -0.133215   
0.977100   -0.115712   
0.981104   -0.097907   
0.985109   -0.079798   
0.989113   -0.061383   
0.993118   -0.042658   
0.997123   -0.023622   
1.001127   -0.004271   
1.005132   0.015396   
1.009136   0.035382   
1.013141   0.055690   
1.017145   0.076322   
1.021150   0.097280   
1.025154   0.118568   
1.029159   0.140189   
1.033163   0.162143   
1.037168   0.184435   
1.041172   0.207067   
1.045177   0.230041   
1.049181   0.253360   
1.053186   0.277027   
1.057190   0.301044   
1.061195   0.325414   
1.065199   0.350141   
1.069204   0.375225   
1.073208   0.400671   
1.077213   0.426482   
1.081217   0.452658   
1.085222   0.479205   
1.089226   0.506123   
1.093231   0.533384   
1.097235   0.560887   
1.101240   0.588614   
1.105244   0.616563   
1.109249   0.644736   
1.113253   0.673131   
1.117258   0.701750   
1.121262   0.730592   
1.125267   0.759657   
1.129271   0.788945   
1.133276   0.818456   
1.137280   0.848190   
1.141285   0.878148   
1.145289   0.908328   
1.149294   0.938732   
1.153298   0.969360   
1.157303   1.000211   
1.161307   1.031285   
1.165312   1.062583   
1.169316   1.094105   
1.173321   1.125850   
1.177325   1.157820   
1.181330   1.190014   
1.185334   1.222431   
1.189339   1.255074   
1.193343   1.287941   
1.197348   1.321032   
1.201352   1.354349   
1.205357   1.387890   
1.209361   1.421658   
1.213366   1.455650   
1.217370   1.489869   
1.221375   1.524314   
1.225379   1.558985   
1.229384   1.593883   
1.233388   1.629008   
1.237393   1.664360   
1.241397   1.699940   
1.245402   1.735748   
1.249407   1.771784   
1.253411   1.808050   
1.257416   1.844545   
1.261420   1.881269   
1.265425   1.918224   
1.269429   1.955409   
1.273434   1.992825   
1.277438   2.030474   
1.281443   2.068354   
1.285447   2.106467   
1.289452   2.144814   
1.293456   2.183395   
1.297461   2.222210   
1.301465   2.261261   
1.305470   2.300547   
1.309474   2.340070   
1.313479   2.379831   
1.317483   2.419830   
1.321488   2.460068   
1.325492   2.500546   
1.329497   2.541264   
1.333501   2.582225   
1.337506   2.623427   
1.341510   2.664873   
1.345515   2.706563   
1.349519   2.748498   
1.353524   2.790680   
1.357528   2.833109   
1.361533   2.875787   
1.365537   2.918714   
1.369542   2.961893   
1.373546   3.005323   
1.377551   3.049006   
1.381555   3.092943   
1.385560   3.137137   
1.389564   3.181587   
1.393569   3.226296   
1.397573   3.271264   
1.401578   3.316494   
1.405582   3.361987   
1.409587   3.407744   
1.413591   3.453766   
1.417596   3.500056   
1.421600   3.546615   
1.425605   3.593445   
1.429609   3.640547   
1.433614   3.687923   
1.437618   3.735575   
1.441623   3.783505   
1.445627   3.831714   
1.449632   3.880205   
1.453636   3.928980   
1.457641   3.978040   
1.461645   4.027388   
1.465650   4.077026   
1.469654   4.126956   
1.473659   4.177179   
1.477663   4.227699   
1.481668   4.278518   
1.485672   4.329638   
1.489677   4.381061   
1.493682   4.432790   
1.497686   4.484827   
1.501691   4.537174   
1.505695   4.589836   
1.509700   4.642813   
1.513704   4.696109   
1.517709   4.749726   
1.521713   4.803668   
1.525718   4.857937   
1.529722   4.912535   
1.533727   4.967467   
1.537731   5.022734   
1.541736   5.078341   
1.545740   5.134289   
1.549745   5.190582   
1.553749   5.247224   
1.557754   5.304217   
1.561758   5.361565   
1.565763   5.419272   
1.569767   5.477340   
1.573772   5.535773   
1.577776   5.594574   
1.581781   5.653748   
1.585785   5.713298   
1.589790   5.773227   
1.593794   5.833539   
1.597799   5.894238   
1.601803   5.955328   
1.605808   6.016813   
1.609812   6.078696   
1.613817   6.140981   
1.617821   6.203674   
1.621826   6.266777   
1.625830   6.330294   
1.629835   6.394231   
1.633839   6.458591   
1.637844   6.523378   
1.641848   6.588597   
1.645853   6.654253   
1.649857   6.720349   
1.653862   6.786890   
1.657866   6.853881   
1.661871   6.921326   
1.665875   6.989230   
1.669880   7.057598   
1.673884   7.126434   
1.677889   7.195742   
1.681893   7.265529   
1.685898   7.335798   
1.689902   7.406555   
1.693907   7.477804   
1.697911   7.549551   
1.701916   7.621800   
1.705920   7.694557   
1.709925   7.767827   
1.713929   7.841614   
1.717934   7.915924   
1.721938   7.990762   
1.725943   8.066133   
1.729947   8.142044   
1.733952   8.218498   
1.737956   8.295501   
1.741961   8.373059   
1.745966   8.451177   
1.749970   8.529861   
1.753975   8.609115   
1.757979   8.688946   
1.761984   8.769359   
1.765988   8.850359   
1.769993   8.931953   
1.773997   9.014145   
1.778002   9.096941   
1.782006   9.180347   
1.786011   9.264368   
1.790015   9.349010   
1.794020   9.434280   
1.798024   9.520181   
1.802029   9.606721   
1.806033   9.693905   
1.810038   9.781738   
1.814042   9.870226   
1.818047   9.959376   
1.822051   10.049192   
1.826056   10.139681   
1.830060   10.230849   
1.834065   10.322700   
1.838069   10.415241   
1.842074   10.508477   
1.846078   10.602415   
1.850083   10.697060   
1.854087   10.792417   
1.858092   10.888493   
1.862096   10.985294   
1.866101   11.082824   
1.870105   11.181090   
1.874110   11.280097   
1.878114   11.379851   
1.882119   11.480358   
1.886123   11.581624   
1.890128   11.683653   
1.894132   11.786452   
1.898137   11.890026   
1.902141   11.994381   
1.906146   12.099522   
1.910150   12.205455   
1.914155   12.312186   
1.918159   12.419719   
1.922164   12.528061   
1.926168   12.637216   
1.930173   12.747191   
1.934177   12.857990   
1.938182   12.969618   
1.942186   13.082082   
1.946191   13.195386   
1.950195   13.309536   
1.954200   13.424537   
1.958204   13.540393   
1.962209   13.657111   
1.966213   13.774694   
1.970218   13.893149   
1.974222   14.012480   
1.978227   14.132692   
1.982231   14.253790   
1.986236   14.375779   
1.990241   14.498663   
1.994245   14.622448   
1.998250   14.747138   
2.002254   14.872738   
2.006259   14.999252   
2.010263   15.126685   
2.014268   15.255042   
2.018272   15.384326   
2.022277   15.514544   
2.026281   15.645697   
2.030286   15.777792   
2.034290   15.910833   
2.038295   16.044822   
2.042299   16.179766   
2.046304   16.315667   
2.050308   16.452531   
2.054313   16.590360   
2.058317   16.729159   
2.062322   16.868931   
2.066326   17.009681   
2.070331   17.151412   
2.074335   17.294129   
2.078340   17.437833   
2.082344   17.582530   
2.086349   17.728223   
2.090353   17.874915   
2.094358   18.022609   
2.098362   18.171309   
2.102367   18.321019   
2.106371   18.471741   
2.110376   18.623478   
2.114380   18.776235   
2.118385   18.930013   
2.122389   19.084816   
2.126394   19.240647   
2.130398   19.397508   
2.134403   19.555403   
2.138407   19.714334   
2.142412   19.874304   
2.146416   20.035316   
2.150421   20.197372   
2.154425   20.360475   
2.158430   20.524626   
2.162434   20.689830   
2.166439   20.856087   
2.170443   21.023400   
2.174448   21.191772   
2.178452   21.361205   
2.182457   21.531700   
2.186461   21.703261   
2.190466   21.875888   
2.194470   22.049584   
2.198475   22.224351   
2.202479   22.400190   
2.206484   22.577104   
2.210488   22.755094   
2.214493   22.934162   
2.218497   23.114309   
2.222502   23.295537   
2.226506   23.477848   
2.230511   23.661243   
2.234515   23.845723   
2.238520   24.031290   
2.242525   24.217945   
2.246529   24.405690   
2.250534   24.594525   
2.254538   24.784453   
2.258543   24.975473   
2.262547   25.167587   
2.266552   25.360796   
2.270556   25.555101   
2.274561   25.750504   
2.278565   25.947004   
2.282570   26.144602   
2.286574   26.343300   
2.290579   26.543099   
2.294583   26.743979   
2.298588   26.945692   
2.302592   27.148064   
2.306597   27.351090   
2.310601   27.554769   
2.314606   27.759099   
2.318610   27.964079   
2.322615   28.169706   
2.326619   28.375980   
2.330624   28.582899   
2.334628   28.790461   
2.338633   28.998664   
2.342637   29.207508   
2.346642   29.416990   
2.350646   29.627109   
2.354651   29.837863   
2.358655   30.049251   
2.362660   30.261271   
2.366664   30.473921   
2.370669   30.687199   
2.374673   30.901105   
2.378678   31.115635   
2.382682   31.330789   
2.386687   31.546565   
2.390691   31.762960   
2.394696   31.979974   
2.398700   32.197605   
2.402705   32.415850   
2.406709   32.634709   
2.410714   32.854178   
2.414718   33.074257   
2.418723   33.294944   
2.422727   33.516237   
2.426732   33.738133   
2.430736   33.960632   
2.434741   34.183731   
2.438745   34.407429   
2.442750   34.631724   
2.446754   34.856614   
2.450759   35.082096   
2.454763   35.308170   
2.458768   35.534833   
2.462772   35.762084   
2.466777   35.989921   
2.470781   36.218341   
2.474786   36.447343   
2.478790   36.676924   
2.482795   36.907084   
2.486800   37.137820   
2.490804   37.369131   
2.494809   37.601013   
2.498813   37.833466   
2.502818   38.066488   
2.506822   38.300076   
2.510827   38.534229   
2.514831   38.768945   
2.518836   39.004221   
2.522840   39.240056   
2.526845   39.476449   
2.530849   39.713396   
2.534854   39.950896   
2.538858   40.188948   
2.542863   40.427548   
2.546867   40.666696   
2.550872   40.906390   
2.554876   41.146626   
2.558881   41.387404   
2.562885   41.628722   
2.566890   41.870577   
2.570894   42.112968   
2.574899   42.355893   
2.578903   42.599350   
2.582908   42.843336   
2.586912   43.087851   
2.590917   43.332891   
2.594921   43.578456   
2.598926   43.824543   
2.602930   44.071150   
2.606935   44.318276   
2.610939   44.565918   
2.614944   44.814075   
2.618948   45.062745   
2.622953   45.311926   
2.626957   45.561615   
2.630962   45.811813   
2.634966   46.062515   
2.638971   46.313721   
2.642975   46.565429   
2.646980   46.817637   
2.650984   47.070343   
2.654989   47.323545   
2.658993   47.577242   
2.662998   47.831431   
2.667002   48.086112   
2.671007   48.341282   
2.675011   48.596940   
2.679016   48.853083   
2.683020   49.109711   
2.687025   49.366821   
2.691029   49.624412   
2.695034   49.882482   
2.699038   50.141030   
2.703043   50.400054   
2.707047   50.659552   
2.711052   50.919522   
2.715056   51.179964   
2.719061   51.440876   
2.723065   51.702256   
2.727070   51.964102   
2.731074   52.226414   
2.735079   52.489189   
2.739084   52.752427   
2.743088   53.016125   
2.747093   53.280283   
2.751097   53.544900   
2.755102   53.809973   
2.759106   54.075501   
2.763111   54.341484   
2.767115   54.607919   
2.771120   54.874807   
2.775124   55.142144   
2.779129   55.409932   
2.783133   55.678167   
2.787138   55.946849   
2.791142   56.215978   
2.795147   56.485551   
2.799151   56.755568   
2.803156   57.026028   
2.807160   57.296930   
2.811165   57.568273   
2.815169   57.840056   
2.819174   58.112278   
2.823178   58.384938   
2.827183   58.658036   
2.831187   58.931571   
2.835192   59.205542   
2.839196   59.479948   
2.843201   59.754788   
2.847205   60.030063   
2.851210   60.305771   
2.855214   60.581912   
2.859219   60.858486   
2.863223   61.135491   
2.867228   61.412927   
2.871232   61.690795   
2.875237   61.969093   
2.879241   62.247821   
2.883246   62.526980   
2.887250   62.806568   
2.891255   63.086585   
2.895259   63.367032   
2.899264   63.647908   
2.903268   63.929212   
2.907273   64.210946   
2.911277   64.493109   
2.915282   64.775700   
2.919286   65.058721   
2.923291   65.342171   
2.927295   65.626049   
2.931300   65.910358   
2.935304   66.195095   
2.939309   66.480263   
2.943313   66.765860   
2.947318   67.051888   
2.951322   67.338347   
2.955327   67.625236   
2.959331   67.912558   
2.963336   68.200311   
2.967340   68.488497   
2.971345   68.777116   
2.975349   69.066168   
2.979354   69.355655   
2.983359   69.645577   
2.987363   69.935935   
2.991368   70.226729   
2.995372   70.517960   
2.999377   70.809629   
3.003381   71.101737   
3.007386   71.394284   
3.011390   71.687272   
3.015395   71.980702   
3.019399   72.274574   
3.023404   72.568890   
3.027408   72.863650   
3.031413   73.158856   
3.035417   73.454509   
3.039422   73.750609   
3.043426   74.047159   
3.047431   74.344158   
3.051435   74.641610   
3.055440   74.939513   
3.059444   75.237871   
3.063449   75.536684   
3.067453   75.835954   
3.071458   76.135681   
3.075462   76.435868   
3.079467   76.736516   
3.083471   77.037626   
3.087476   77.339199   
3.091480   77.641238   
3.095485   77.943743   
3.099489   78.246716   
3.103494   78.550159   
3.107498   78.854072   
3.111503   79.158459   
3.115507   79.463320   
3.119512   79.768657   
3.123516   80.074471   
3.127521   80.380764   
3.131525   80.687539   
3.135530   80.994795   
3.139534   81.302536   
3.143539   81.610762   
3.147543   81.919476   
3.151548   82.228679   
3.155552   82.538373   
3.159557   82.848559   
3.163561   83.159240   
3.167566   83.470417   
3.171570   83.782091   
3.175575   84.094265   
3.179579   84.406940   
3.183584   84.720118   
3.187588   85.033800   
3.191593   85.347989   
3.195597   85.662686   
3.199602   85.977893   
3.203606   86.293612   
3.207611   86.609844   
3.211615   86.926591   
3.215620   87.243854   
3.219624   87.561637   
3.223629   87.879939   
3.227633   88.198764   
3.231638   88.518112   
3.235643   88.837985   
3.239647   89.158386   
3.243652   89.479315   
3.247656   89.800775   
3.251661   90.122767   
3.255665   90.445292   
3.259670   90.768353   
3.263674   91.091951   
3.267679   91.416087   
3.271683   91.740764   
3.275688   92.065982   
3.279692   92.391744   
3.283697   92.718051   
3.287701   93.044904   
3.291706   93.372305   
3.295710   93.700256   
3.299715   94.028758   
3.303719   94.357812   
3.307724   94.687421   
3.311728   95.017585   
3.315733   95.348305   
3.319737   95.679584   
3.323742   96.011423   
3.327746   96.343822   
3.331751   96.676784   
3.335755   97.010310   
3.339760   97.344401   
3.343764   97.679058   
3.347769   98.014283   
3.351773   98.350076   
3.355778   98.686440   
3.359782   99.023375   
3.363787   99.360882   
3.367791   99.698964   
3.371796   100.037620   
3.375800   100.376851   
3.379805   100.716660   
3.383809   101.057047   
3.387814   101.398014   
3.391818   101.739560   
3.395823   102.081688   
3.399827   102.424397   
3.403832   102.767690   
3.407836   103.111567   
3.411841   103.456029   
3.415845   103.801078   
3.419850   104.146712   
3.423854   104.492935   
3.427859   104.839746   
3.431863   105.187146   
3.435868   105.535136   
3.439872   105.883718   
3.443877   106.232890   
3.447881   106.582655   
3.451886   106.933013   
3.455890   107.283965   
3.459895   107.635511   
3.463899   107.987652   
3.467904   108.340388   
3.471908   108.693721   
3.475913   109.047650   
3.479918   109.402176   
3.483922   109.757300   
3.487927   110.113022   
3.491931   110.469343   
3.495936   110.826263   
3.499940   111.183783   
3.503945   111.541902   
3.507949   111.900622   
3.511954   112.259943   
3.515958   112.619864   
3.519963   112.980387   
3.523967   113.341512   
3.527972   113.703238   
3.531976   114.065567   
3.535981   114.428498   
3.539985   114.792032   
3.543990   115.156169   
3.547994   115.520909   
3.551999   115.886252   
3.556003   116.252198   
3.560008   116.618748   
3.564012   116.985902   
3.568017   117.353659   
3.572021   117.722020   
3.576026   118.090984   
3.580030   118.460553   
3.584035   118.830726   
3.588039   119.201502   
3.592044   119.572882   
3.596048   119.944867   
3.600053   120.317455   
3.604057   120.690646   
3.608062   121.064442   
3.612066   121.438841   
3.616071   121.813843   
3.620075   122.189449   
3.624080   122.565657   
3.628084   122.942469   
3.632089   123.319884   
3.636093   123.697901   
3.640098   124.076521   
3.644102   124.455744   
3.648107   124.835568   
3.652111   125.215994   
3.656116   125.597021   
3.660120   125.978650   
3.664125   126.360880   
3.668129   126.743710   
3.672134   127.127141   
3.676138   127.511172   
3.680143   127.895803   
3.684147   128.281033   
3.688152   128.666862   
3.692156   129.053290   
3.696161   129.440316   
3.700165   129.827941   
3.704170   130.216162   
3.708174   130.604981   
3.712179   130.994397   
3.716183   131.384409   
3.720188   131.775016   
3.724192   132.166219   
3.728197   132.558017   
3.732202   132.950410   
3.736206   133.343397   
3.740211   133.736977   
3.744215   134.131150   
3.748220   134.525915   
3.752224   134.921273   
3.756229   135.317222   
3.760233   135.713762   
3.764238   136.110893   
3.768242   136.508613   
3.772247   136.906923   
3.776251   137.305822   
3.780256   137.705309   
3.784260   138.105383   
3.788265   138.506045   
3.792269   138.907293   
3.796274   139.309127   
3.800278   139.711546   
3.804283   140.114550   
3.808287   140.518139   
3.812292   140.922310   
3.816296   141.327065   
3.820301   141.732402   
3.824305   142.138320   
3.828310   142.544819   
3.832314   142.951899   
3.836319   143.359558   
3.840323   143.767797   
3.844328   144.176613   
3.848332   144.586008   
3.852337   144.995979   
3.856341   145.406527   
3.860346   145.817651   
3.864350   146.229349   
3.868355   146.641622   
3.872359   147.054469   
3.876364   147.467888   
3.880368   147.881880   
3.884373   148.296444   
3.888377   148.711578   
3.892382   149.127282   
3.896386   149.543556   
3.900391   149.960399   
3.904395   150.377810   
3.908400   150.795788   
3.912404   151.214332   
3.916409   151.633443   
3.920413   152.053118   
3.924418   152.473358   
3.928422   152.894162   
3.932427   153.315529   
3.936431   153.737458   
3.940436   154.159949   
3.944440   154.583000   
3.948445   155.006611   
3.952449   155.430782   
3.956454   155.855511   
3.960458   156.280798   
3.964463   156.706642   
3.968467   157.133042   
3.972472   157.559998   
3.976477   157.987509   
3.980481   158.415574   
3.984486   158.844192   
3.988490   159.273362   
3.992495   159.703085   
3.996499   160.133359   
4.000504   160.564182   
4.004508   160.995556   
4.008513   161.427478   
4.012517   161.859948   
4.016522   162.292966   
4.020526   162.726530   
4.024531   163.160640   
4.028535   163.595294   
4.032540   164.030493   
4.036544   164.466236   
4.040549   164.902521   
4.044553   165.339348   
4.048558   165.776717   
4.052562   166.214625   
4.056567   166.653074   
4.060571   167.092061   
4.064576   167.531587   
4.068580   167.971650   
4.072585   168.412250   
4.076589   168.853385   
4.080594   169.295056   
4.084598   169.737261   
4.088603   170.179999   
4.092607   170.623271   
4.096612   171.067074   
4.100616   171.511409   
4.104621   171.956275   
4.108625   172.401670   
4.112630   172.847595   
4.116634   173.294047   
4.120639   173.741027   
4.124643   174.188535   
4.128648   174.636568   
4.132652   175.085126   
4.136657   175.534209   
4.140661   175.983816   
4.144666   176.433946   
4.148670   176.884598   
4.152675   177.335772   
4.156679   177.787466   
4.160684   178.239681   
4.164688   178.692415   
4.168693   179.145668   
4.172697   179.599438   
4.176702   180.053726   
4.180706   180.508530   
4.184711   180.963849   
4.188715   181.419684   
4.192720   181.876032   
4.196724   182.332894   
4.200729   182.790269   
4.204733   183.248156   
4.208738   183.706554   
4.212742   184.165462   
4.216747   184.624880   
4.220751   185.084808   
4.224756   185.545244   
4.228761   186.006187   
4.232765   186.467637   
4.236770   186.929593   
4.240774   187.392055   
4.244779   187.855022   
4.248783   188.318492   
4.252788   188.782466   
4.256792   189.246943   
4.260797   189.711921   
4.264801   190.177401   
4.268806   190.643381   
4.272810   191.109860   
4.276815   191.576839   
4.280819   192.044317   
4.284824   192.512291   
4.288828   192.980763   
4.292833   193.449731   
4.296837   193.919195   
4.300842   194.389154   
4.304846   194.859607   
4.308851   195.330553   
4.312855   195.801992   
4.316860   196.273923   
4.320864   196.746346   
4.324869   197.219259   
4.328873   197.692663   
4.332878   198.166556   
4.336882   198.640937   
4.340887   199.115807   
4.344891   199.591164   
4.348896   200.067008   
4.352900   200.543337   
4.356905   201.020152   
4.360909   201.497452   
4.364914   201.975236   
4.368918   202.453503   
4.372923   202.932253   
4.376927   203.411485   
4.380932   203.891198   
4.384936   204.371392   
4.388941   204.852067   
4.392945   205.333220   
4.396950   205.814853   
4.400954   206.296963   
4.404959   206.779551   
4.408963   207.262616   
4.412968   207.746157   
4.416972   208.230173   
4.420977   208.714665   
4.424981   209.199631   
4.428986   209.685070   
4.432990   210.170982   
4.436995   210.657367   
4.440999   211.144224   
4.445004   211.631551   
4.449008   212.119350   
4.453013   212.607618   
4.457017   213.096355   
4.461022   213.585561   
4.465026   214.075235   
4.469031   214.565377   
4.473036   215.055985   
4.477040   215.547059   
4.481045   216.038599   
4.485049   216.530604   
4.489054   217.023073   
4.493058   217.516007   
4.497063   218.009403   
4.501067   218.503262   
4.505072   218.997582   
4.509076   219.492364   
4.513081   219.987607   
4.517085   220.483310   
4.521090   220.979473   
4.525094   221.476095   
4.529099   221.973175   
4.533103   222.470713   
4.537108   222.968708   
4.541112   223.467160   
4.545117   223.966068   
4.549121   224.465431   
4.553126   224.965249   
4.557130   225.465522   
4.561135   225.966249   
4.565139   226.467428   
4.569144   226.969061   
4.573148   227.471145   
4.577153   227.973681   
4.581157   228.476668   
4.585162   228.980106   
4.589166   229.483993   
4.593171   229.988329   
4.597175   230.493115   
4.601180   230.998348   
4.605184   231.504029   
4.609189   232.010157   
4.613193   232.516732   
4.617198   233.023753   
4.621202   233.531219   
4.625207   234.039130   
4.629211   234.547485   
4.633216   235.056285   
4.637220   235.565527   
4.641225   236.075213   
4.645229   236.585340   
4.649234   237.095910   
4.653238   237.606920   
4.657243   238.118371   
4.661247   238.630262   
4.665252   239.142593   
4.669256   239.655363   
4.673261   240.168572   
4.677265   240.682218   
4.681270   241.196302   
4.685274   241.710823   
4.689279   242.225781   
4.693283   242.741175   
4.697288   243.257004   
4.701292   243.773268   
4.705297   244.289966   
4.709301   244.807099   
4.713306   245.324665   
4.717310   245.842664   
4.721315   246.361096   
4.725320   246.879959   
4.729324   247.399254   
4.733329   247.918980   
4.737333   248.439136   
4.741338   248.959723   
4.745342   249.480739   
4.749347   250.002184   
4.753351   250.524058   
4.757356   251.046359   
4.761360   251.569089   
4.765365   252.092245   
4.769369   252.615828   
4.773374   253.139837   
4.777378   253.664272   
4.781383   254.189133   
4.785387   254.714417   
4.789392   255.240127   
4.793396   255.766260   
4.797401   256.292816   
4.801405   256.819796   
4.805410   257.347197   
4.809414   257.875021   
4.813419   258.403266   
4.817423   258.931933   
4.821428   259.461019   
4.825432   259.990527   
4.829437   260.520453   
4.833441   261.050799   
4.837446   261.581564   
4.841450   262.112747   
4.845455   262.644348   
4.849459   263.176367   
4.853464   263.708803   
4.857468   264.241655   
4.861473   264.774923   
4.865477   265.308607   
4.869482   265.842707   
4.873486   266.377221   
4.877491   266.912149   
4.881495   267.447492   
4.885500   267.983248   
4.889504   268.519417   
4.893509   269.055999   
4.897513   269.592993   
4.901518   270.130400   
4.905522   270.668217   
4.909527   271.206446   
4.913531   271.745085   
4.917536   272.284134   
4.921540   272.823593   
4.925545   273.363462   
4.929549   273.903739   
4.933554   274.444425   
4.937558   274.985519   
4.941563   275.527021   
4.945567   276.068930   
4.949572   276.611246   
4.953576   277.153968   
4.957581   277.697096   
4.961585   278.240631   
4.965590   278.784570   
4.969595   279.328915   
4.973599   279.873664   
4.977604   280.418817   
4.981608   280.964374   
4.985613   281.510334   
4.989617   282.056697   
4.993622   282.603462   
4.997626   283.150630   
5.001631   283.698200   
5.005635   284.246171   
5.009640   284.794543   
5.013644   285.343315   
5.017649   285.892488   
5.021653   286.442061   
5.025658   286.992033   
5.029662   287.542405   
5.033667   288.093175   
5.037671   288.644344   
5.041676   289.195910   
5.045680   289.747874   
5.049685   290.300236   
5.053689   290.852994   
5.057694   291.406149   
5.061698   291.959700   
5.065703   292.513647   
5.069707   293.067990   
5.073712   293.622727   
5.077716   294.177859   
5.081721   294.733386   
5.085725   295.289306   
5.089730   295.845621   
5.093734   296.402328   
5.097739   296.959429   
5.101743   297.516922   
5.105748   298.074807   
5.109752   298.633085   
5.113757   299.191754   
5.117761   299.750814   
5.121766   300.310265   
5.125770   300.870106   
5.129775   301.430338   
5.133779   301.990960   
5.137784   302.551971   
5.141788   303.113371   
5.145793   303.675160   
5.149797   304.237338   
5.153802   304.799904   
5.157806   305.362857   
5.161811   305.926199   
5.165815   306.489927   
5.169820   307.054042   
5.173824   307.618544   
5.177829   308.183432   
5.181833   308.748706   
5.185838   309.314365   
5.189842   309.880410   
5.193847   310.446839   
5.197851   311.013653   
5.201856   311.580852   
5.205860   312.148434   
5.209865   312.716400   
5.213869   313.284749   
5.217874   313.853482   
5.221879   314.422597   
5.225883   314.992094   
5.229888   315.561973   
5.233892   316.132235   
5.237897   316.702877   
5.241901   317.273901   
5.245906   317.845306   
5.249910   318.417091   
5.253915   318.989256   
5.257919   319.561802   
5.261924   320.134727   
5.265928   320.708031   
5.269933   321.281715   
5.273937   321.855777   
5.277942   322.430217   
5.281946   323.005036   
5.285951   323.580233   
5.289955   324.155807   
5.293960   324.731758   
5.297964   325.308086   
5.301969   325.884792   
5.305973   326.461873   
5.309978   327.039331   
5.313982   327.617164   
5.317987   328.195373   
5.321991   328.773957   
5.325996   329.352917   
5.330000   329.932250   
5.334005   330.511959   
5.338009   331.092041   
5.342014   331.672498   
5.346018   332.253327   
5.350023   332.834531   
5.354027   333.416107   
5.358032   333.998056   
5.362036   334.580377   
5.366041   335.163071   
5.370045   335.746137   
5.374050   336.329574   
5.378054   336.913383   
5.382059   337.497563   
5.386063   338.082113   
5.390068   338.667035   
5.394072   339.252326   
5.398077   339.837988   
5.402081   340.424020   
5.406086   341.010421   
5.410090   341.597191   
5.414095   342.184331   
5.418099   342.771839   
5.422104   343.359715   
5.426108   343.947960   
5.430113   344.536573   
5.434117   345.125554   
5.438122   345.714902   
5.442126   346.304618   
5.446131   346.894700   
5.450135   347.485150   
5.454140   348.075965   
5.458144   348.667147   
5.462149   349.258695   
5.466154   349.850609   
5.470158   350.442888   
5.474163   351.035533   
5.478167   351.628542   
5.482172   352.221917   
5.486176   352.815656   
5.490181   353.409759   
5.494185   354.004226   
5.498190   354.599057   
5.502194   355.194252   
5.506199   355.789810   
5.510203   356.385731   
5.514208   356.982015   
5.518212   357.578661   
5.522217   358.175670   
5.526221   358.773041   
5.530226   359.370774   
5.534230   359.968869   
5.538235   360.567326   
5.542239   361.166143   
5.546244   361.765322   
5.550248   362.364861   
5.554253   362.964761   
5.558257   363.565022   
5.562262   364.165642   
5.566266   364.766623   
5.570271   365.367963   
5.574275   365.969662   
5.578280   366.571721   
5.582284   367.174139   
5.586289   367.776915   
5.590293   368.380051   
5.594298   368.983544   
5.598302   369.587396   
5.602307   370.191606   
5.606311   370.796173   
5.610316   371.401098   
5.614320   372.006381   
5.618325   372.612020   
5.622329   373.218016   
5.626334   373.824369   
5.630338   374.431079   
5.634343   375.038144   
5.638347   375.645566   
5.642352   376.253344   
5.646356   376.861477   
5.650361   377.469965   
5.654365   378.078809   
5.658370   378.688008   
5.662374   379.297562   
5.666379   379.907470   
5.670383   380.517733   
5.674388   381.128350   
5.678392   381.739321   
5.682397   382.350646   
5.686401   382.962324   
5.690406   383.574356   
5.694410   384.186742   
5.698415   384.799480   
5.702419   385.412571   
5.706424   386.026015   
5.710428   386.639811   
5.714433   387.253959   
5.718438   387.868460   
5.722442   388.483313   
5.726447   389.098517   
5.730451   389.714072   
5.734456   390.329980   
5.738460   390.946238   
5.742465   391.562847   
5.746469   392.179807   
5.750474   392.797117   
5.754478   393.414778   
5.758483   394.032790   
5.762487   394.651151   
5.766492   395.269862   
5.770496   395.888923   
5.774501   396.508333   
5.778505   397.128092   
5.782510   397.748201   
5.786514   398.368659   
5.790519   398.989465   
5.794523   399.610620   
5.798528   400.232124   
5.802532   400.853976   
5.806537   401.476176   
5.810541   402.098723   
5.814546   402.721619   
5.818550   403.344862   
5.822555   403.968453   
5.826559   404.592390   
5.830564   405.216675   
5.834568   405.841307   
5.838573   406.466285   
5.842577   407.091610   
5.846582   407.717282   
5.850586   408.343299   
5.854591   408.969663   
5.858595   409.596373   
5.862600   410.223428   
5.866604   410.850829   
5.870609   411.478575   
5.874613   412.106667   
5.878618   412.735104   
5.882622   413.363885   
5.886627   413.993011   
5.890631   414.622482   
5.894636   415.252298   
5.898640   415.882457   
5.902645   416.512961   
5.906649   417.143809   
5.910654   417.775001   
5.914658   418.406536   
5.918663   419.038415   
5.922667   419.670637   
5.926672   420.303202   
5.930676   420.936111   
5.934681   421.569362   
5.938685   422.202956   
5.942690   422.836893   
5.946694   423.471172   
5.950699   424.105794   
5.954703   424.740757   
5.958708   425.376063   
5.962713   426.011710   
5.966717   426.647699   
5.970722   427.284030   
5.974726   427.920702   
5.978731   428.557716   
5.982735   429.195070   
5.986740   429.832766   
5.990744   430.470803   
5.994749   431.109180   
5.998753   431.747897   
6.002758   432.386956   
6.006762   433.026354   
6.010767   433.666093   
6.014771   434.306171   
6.018776   434.946590   
6.022780   435.587348   
6.026785   436.228446   
6.030789   436.869883   
6.034794   437.511659   
6.038798   438.153775   
6.042803   438.796230   
6.046807   439.439024   
6.050812   440.082156   
6.054816   440.725627   
6.058821   441.369437   
6.062825   442.013585   
6.066830   442.658071   
6.070834   443.302896   
6.074839   443.948058   
6.078843   444.593558   
6.082848   445.239396   
6.086852   445.885572   
6.090857   446.532085   
6.094861   447.178936   
6.098866   447.826123   
6.102870   448.473648   
6.106875   449.121510   
6.110879   449.769709   
6.114884   450.418244   
6.118888   451.067116   
6.122893   451.716324   
6.126897   452.365869   
6.130902   453.015750   
6.134906   453.665967   
6.138911   454.316520   
6.142915   454.967409   
6.146920   455.618634   
6.150924   456.270194   
6.154929   456.922090   
6.158933   457.574321   
6.162938   458.226888   
6.166942   458.879790   
6.170947   459.533026   
6.174951   460.186598   
6.178956   460.840504   
6.182960   461.494745   
6.186965   462.149321   
6.190969   462.804231   
6.194974   463.459476   
6.198978   464.115055   
6.202983   464.770967   
6.206987   465.427214   
6.210992   466.083795   
6.214997   466.740710   
6.219001   467.397958   
6.223006   468.055540   
6.227010   468.713455   
6.231015   469.371703   
6.235019   470.030285   
6.239024   470.689200   
6.243028   471.348448   
6.247033   472.008029   
6.251037   472.667942   
6.255042   473.328189   
6.259046   473.988768   
6.263051   474.649679   
6.267055   475.310923   
6.271060   475.972499   
6.275064   476.634407   
6.279069   477.296647   
6.283073   477.959220   
6.287078   478.622124   
6.291082   479.285360   
6.295087   479.948927   
6.299091   480.612826   
6.303096   481.277057   
6.307100   481.941619   
6.311105   482.606512   
6.315109   483.271736   
6.319114   483.937291   
6.323118   484.603177   
6.327123   485.269395   
6.331127   485.935942   
6.335132   486.602821   
6.339136   487.270030   
6.343141   487.937569   
6.347145   488.605439   
6.351150   489.273639   
6.355154   489.942170   
6.359159   490.611030   
6.363163   491.280220   
6.367168   491.949741   
6.371172   492.619591   
6.375177   493.289770   
6.379181   493.960280   
6.383186   494.631119   
6.387190   495.302287   
6.391195   495.973784   
6.395199   496.645611   
6.399204   497.317767   
6.403208   497.990252   
6.407213   498.663066   
6.411217   499.336209   
6.415222   500.009680   
6.419226   500.683481   
6.423231   501.357610   
6.427235   502.032067   
6.431240   502.706853   
6.435244   503.381967   
6.439249   504.057409   
6.443253   504.733180   
6.447258   505.409278   
6.451262   506.085705   
6.455267   506.762459   
6.459272   507.439542   
6.463276   508.116952   
6.467281   508.794689   
6.471285   509.472754   
6.475290   510.151147   
6.479294   510.829867   
6.483299   511.508914   
6.487303   512.188289   
6.491308   512.867991   
6.495312   513.548019   
6.499317   514.228375   
6.503321   514.909058   
6.507326   515.590067   
6.511330   516.271403   
6.515335   516.953066   
6.519339   517.635055   
6.523344   518.317371   
6.527348   519.000013   
6.531353   519.682981   
6.535357   520.366276   
6.539362   521.049896   
6.543366   521.733843   
6.547371   522.418116   
6.551375   523.102715   
6.555380   523.787639   
6.559384   524.472889   
6.563389   525.158465   
6.567393   525.844367   
6.571398   526.530594   
6.575402   527.217146   
6.579407   527.904024   
6.583411   528.591227   
6.587416   529.278756   
6.591420   529.966609   
6.595425   530.654788   
6.599429   531.343291   
6.603434   532.032119   
6.607438   532.721272   
6.611443   533.410750   
6.615447   534.100553   
6.619452   534.790680   
6.623456   535.481131   
6.627461   536.171908   
6.631465   536.863008   
6.635470   537.554433   
6.639474   538.246181   
6.643479   538.938255   
6.647483   539.630652   
6.651488   540.323373   
6.655492   541.016418   
6.659497   541.709786   
6.663501   542.403479   
6.667506   543.097495   
6.671510   543.791835   
6.675515   544.486498   
6.679519   545.181485   
6.683524   545.876796   
6.687528   546.572429   
6.691533   547.268386   
6.695537   547.964666   
6.699542   548.661269   
6.703546   549.358195   
6.707551   550.055444   
6.711556   550.753016   
6.715560   551.450911   
6.719565   552.149128   
6.723569   552.847668   
6.727574   553.546531   
6.731578   554.245716   
6.735583   554.945224   
6.739587   555.645054   
6.743592   556.345206   
6.747596   557.045681   
6.751601   557.746477   
6.755605   558.447596   
6.759610   559.149037   
6.763614   559.850799   
6.767619   560.552884   
6.771623   561.255290   
6.775628   561.958018   
6.779632   562.661068   
6.783637   563.364439   
6.787641   564.068132   
6.791646   564.772146   
6.795650   565.476481   
6.799655   566.181138   
6.803659   566.886116   
6.807664   567.591415   
6.811668   568.297035   
6.815673   569.002976   
6.819677   569.709238   
6.823682   570.415821   
6.827686   571.122724   
6.831691   571.829948   
6.835695   572.537493   
6.839700   573.245358   
6.843704   573.953544   
6.847709   574.662050   
6.851713   575.370877   
6.855718   576.080023   
6.859722   576.789490   
6.863727   577.499277   
6.867731   578.209384   
6.871736   578.919810   
6.875740   579.630557   
6.879745   580.341623   
6.883749   581.053009   
6.887754   581.764715   
6.891758   582.476740   
6.895763   583.189084   
6.899767   583.901748   
6.903772   584.614731   
6.907776   585.328034   
6.911781   586.041655   
6.915785   586.755595   
6.919790   587.469855   
6.923794   588.184433   
6.927799   588.899330   
6.931803   589.614546   
6.935808   590.330080   
6.939812   591.045933   
6.943817   591.762104   
6.947821   592.478593   
6.951826   593.195401   
6.955831   593.912527   
6.959835   594.629971   
6.963840   595.347733   
6.967844   596.065813   
6.971849   596.784210   
6.975853   597.502926   
6.979858   598.221958   
6.983862   598.941309   
6.987867   599.660976   
6.991871   600.380961   
6.995876   601.101263   
6.999880   601.821883   
7.003885   602.542819   
7.007889   603.264072   
7.011894   603.985642   
7.015898   604.707528   
7.019903   605.429731   
7.023907   606.152250   
7.027912   606.875086   
7.031916   607.598238   
7.035921   608.321706   
7.039925   609.045489   
7.043930   609.769589   
7.047934   610.494004   
7.051939   611.218735   
7.055943   611.943781   
7.059948   612.669142   
7.063952   613.394818   
7.067957   614.120810   
7.071961   614.847116   
7.075966   615.573736   
7.079970   616.300671   
7.083975   617.027921   
7.087979   617.755484   
7.091984   618.483361   
7.095988   619.211552   
7.099993   619.940056   
7.103997   620.668873   
7.108002   621.398003   
7.112006   622.127446   
7.116011   622.857201   
7.120015   623.587269   
7.124020   624.317650   
7.128024   625.048345   
7.132029   625.779352   
7.136033   626.510673   
7.140038   627.242308   
7.144042   627.974257   
7.148047   628.706520   
7.152051   629.439097   
7.156056   630.171989   
7.160060   630.905196   
7.164065   631.638718   
7.168069   632.372555   
7.172074   633.106707   
7.176078   633.841175   
7.180083   634.575958   
7.184087   635.311058   
7.188092   636.046474   
7.192096   636.782206   
7.196101   637.518254   
7.200105   638.254620   
7.204110   638.991302   
7.208115   639.728301   
7.212119   640.465618   
7.216124   641.203253   
7.220128   641.941205   
7.224133   642.679475   
7.228137   643.418063   
7.232142   644.156970   
7.236146   644.896195   
7.240151   645.635738   
7.244155   646.375601   
7.248160   647.115783   
7.252164   647.856284   
7.256169   648.597105   
7.260173   649.338245   
7.264178   650.079705   
7.268182   650.821486   
7.272187   651.563586   
7.276191   652.306007   
7.280196   653.048749   
7.284200   653.791812   
7.288205   654.535196   
7.292209   655.278901   
7.296214   656.022927   
7.300218   656.767275   
7.304223   657.511945   
7.308227   658.256937   
7.312232   659.002251   
7.316236   659.747887   
7.320241   660.493846   
7.324245   661.240128   
7.328250   661.986733   
7.332254   662.733661   
7.336259   663.480913   
7.340263   664.228488   
7.344268   664.976386   
7.348272   665.724609   
7.352277   666.473156   
7.356281   667.222027   
7.360286   667.971223   
7.364290   668.720743   
7.368295   669.470588   
7.372299   670.220758   
7.376304   670.971254   
7.380308   671.722075   
7.384313   672.473221   
7.388317   673.224694   
7.392322   673.976492   
7.396326   674.728617   
7.400331   675.481068   
7.404335   676.233845   
7.408340   676.986950   
7.412344   677.740381   
7.416349   678.494139   
7.420353   679.248225   
7.424358   680.002638   
7.428362   680.757379   
7.432367   681.512448   
7.436371   682.267845   
7.440376   683.023570   
7.444380   683.779624   
7.448385   684.536006   
7.452390   685.292717   
7.456394   686.049757   
7.460399   686.807126   
7.464403   687.564824   
7.468408   688.322852   
7.472412   689.081210   
7.476417   689.839897   
7.480421   690.598915   
7.484426   691.358263   
7.488430   692.117941   
7.492435   692.877950   
7.496439   693.638290   
7.500444   694.398961   
7.504448   695.159963   
7.508453   695.921296   
7.512457   696.682961   
7.516462   697.444958   
7.520466   698.207286   
7.524471   698.969947   
7.528475   699.732939   
7.532480   700.496265   
7.536484   701.259922   
7.540489   702.023913   
7.544493   702.788236   
7.548498   703.552893   
7.552502   704.317883   
7.556507   705.083207   
7.560511   705.848864   
7.564516   706.614855   
7.568520   707.381180   
7.572525   708.147839   
7.576529   708.914833   
7.580534   709.682161   
7.584538   710.449824   
7.588543   711.217822   
7.592547   711.986155   
7.596552   712.754823   
7.600556   713.523827   
7.604561   714.293166   
7.608565   715.062841   
7.612570   715.832853   
7.616574   716.603200   
7.620579   717.373883   
7.624583   718.144903   
7.628588   718.916260   
7.632592   719.687953   
7.636597   720.459984   
7.640601   721.232352   
7.644606   722.005057   
7.648610   722.778099   
7.652615   723.551479   
7.656619   724.325197   
7.660624   725.099254   
7.664628   725.873648   
7.668633   726.648381   
7.672637   727.423452   
7.676642   728.198862   
7.680646   728.974611   
7.684651   729.750699   
7.688655   730.527126   
7.692660   731.303892   
7.696664   732.080998   
7.700669   732.858444   
7.704674   733.636230   
7.708678   734.414356   
7.712683   735.192822   
7.716687   735.971628   
7.720692   736.750775   
7.724696   737.530263   
7.728701   738.310092   
7.732705   739.090262   
7.736710   739.870773   
7.740714   740.651625   
7.744719   741.432819   
7.748723   742.214355   
7.752728   742.996232   
7.756732   743.778452   
7.760737   744.561014   
7.764741   745.343919   
7.768746   746.127165   
7.772750   746.910755   
7.776755   747.694688   
7.780759   748.478963   
7.784764   749.263582   
7.788768   750.048544   
7.792773   750.833850   
7.796777   751.619499   
7.800782   752.405493   
7.804786   753.191830   
7.808791   753.978512   
7.812795   754.765538   
7.816800   755.552908   
7.820804   756.340623   
7.824809   757.128683   
7.828813   757.917088   
7.832818   758.705838   
7.836822   759.494934   
7.840827   760.284374   
7.844831   761.074161   
7.848836   761.864293   
7.852840   762.654772   
7.856845   763.445596   
7.860849   764.236767   
7.864854   765.028284   
7.868858   765.820148   
7.872863   766.612358   
7.876867   767.404915   
7.880872   768.197820   
7.884876   768.991072   
7.888881   769.784671   
7.892885   770.578617   
7.896890   771.372912   
7.900894   772.167554   
7.904899   772.962544   
7.908903   773.757882   
7.912908   774.553569   
7.916912   775.349604   
7.920917   776.145987   
7.924921   776.942720   
7.928926   777.739801   
7.932930   778.537232   
7.936935   779.335012   
7.940939   780.133141   
7.944944   780.931619   
7.948949   781.730448   
7.952953   782.529626   
7.956958   783.329154   
7.960962   784.129033   
7.964967   784.929261   
7.968971   785.729841   
7.972976   786.530770   
7.976980   787.332051   
7.980985   788.133682   
7.984989   788.935665   
7.988994   789.737999   
7.992998   790.540684   
7.997003   791.343720   
8.001007   792.147109   
8.005012   792.950849   
