0.004005   0.000000   
0.008009   0.000043   
0.012014   -0.000065   
0.016018   -0.000342   
0.020023   -0.000798   
0.024027   -0.001440   
0.028032   -0.002272   
0.032036   -0.003295   
0.036041   -0.004509   
0.040045   -0.005913   
0.044050   -0.007505   
0.048054   -0.009283   
0.052059   -0.011246   
0.056063   -0.013389   
0.060068   -0.015711   
0.064072   -0.018208   
0.068077   -0.020876   
0.072081   -0.023714   
0.076086   -0.026717   
0.080090   -0.029881   
0.084095   -0.033204   
0.088099   -0.036682   
0.092104   -0.040311   
0.096108   -0.044088   
0.100113   -0.048009   
0.104117   -0.052071   
0.108122   -0.056270   
0.112126   -0.060603   
0.116131   -0.065067   
0.120135   -0.069657   
0.124140   -0.074371   
0.128144   -0.079204   
0.132149   -0.084154   
0.136153   -0.089217   
0.140158   -0.094390   
0.144162   -0.099670   
0.148167   -0.105053   
0.152171   -0.110535   
0.156176   -0.116115   
0.160180   -0.121788   
0.164185   -0.127551   
0.168189   -0.133402   
0.172194   -0.139337   
0.176198   -0.145353   
0.180203   -0.151446   
0.184207   -0.157615   
0.188212   -0.163856   
0.192216   -0.170166   
0.196221   -0.176542   
0.200225   -0.182981   
0.204230   -0.189481   
0.208234   -0.196038   
0.212239   -0.202650   
0.216243   -0.209314   
0.220248   -0.216027   
0.224252   -0.222786   
0.228257   -0.229589   
0.232261   -0.236434   
0.236266   -0.243316   
0.240270   -0.250235   
0.244275   -0.257187   
0.248279   -0.264170   
0.252284   -0.271181   
0.256289   -0.278217   
0.260293   -0.285277   
0.264298   -0.292357   
0.268302   -0.299456   
0.272307   -0.306571   
0.276311   -0.313699   
0.280316   -0.320838   
0.284320   -0.327986   
0.288325   -0.335141   
0.292329   -0.342299   
0.296334   -0.349460   
0.300338   -0.356620   
0.304343   -0.363778   
0.308347   -0.370931   
0.312352   -0.378076   
0.316356   -0.385213   
0.320361   -0.392338   
0.324365   -0.399450   
0.328370   -0.406547   
0.332374   -0.413625   
0.336379   -0.420684   
0.340383   -0.427721   
0.344388   -0.434734   
0.348392   -0.441721   
0.352397   -0.448681   
0.356401   -0.455610   
0.360406   -0.462508   
0.364410   -0.469372   
0.368415   -0.476200   
0.372419   -0.482990   
0.376424   -0.489741   
0.380428   -0.496450   
0.384433   -0.503116   
0.388437   -0.509736   
0.392442   -0.516309   
0.396446   -0.522834   
0.400451   -0.529307   
0.404455   -0.535728   
0.408460   -0.542094   
0.412464   -0.548404   
0.416469   -0.554657   
0.420473   -0.560849   
0.424478   -0.566980   
0.428482   -0.573047   
0.432487   -0.579050   
0.436491   -0.584985   
0.440496   -0.590852   
0.444500   -0.596649   
0.448505   -0.602375   
0.452509   -0.608026   
0.456514   -0.613602   
0.460518   -0.619102   
0.464523   -0.624523   
0.468527   -0.629863   
0.472532   -0.635122   
0.476536   -0.640298   
0.480541   -0.645388   
0.484545   -0.650391   
0.488550   -0.655307   
0.492554   -0.660132   
0.496559   -0.664866   
0.500564   -0.669506   
0.504568   -0.674052   
0.508573   -0.678502   
0.512577   -0.682854   
0.516582   -0.687106   
0.520586   -0.691258   
0.524591   -0.695307   
0.528595   -0.699252   
0.532600   -0.703091   
0.536604   -0.706823   
0.540609   -0.710447   
0.544613   -0.713960   
0.548618   -0.717362   
0.552622   -0.720651   
0.556627   -0.723825   
0.560631   -0.726882   
0.564636   -0.729822   
0.568640   -0.732643   
0.572645   -0.735343   
0.576649   -0.737920   
0.580654   -0.740374   
0.584658   -0.742703   
0.588663   -0.744905   
0.592667   -0.746979   
0.596672   -0.748923   
0.600676   -0.750736   
0.604681   -0.752416   
0.608685   -0.753962   
0.612690   -0.755372   
0.616694   -0.756646   
0.620699   -0.757781   
0.624703   -0.758775   
0.628708   -0.759629   
0.632712   -0.760339   
0.636717   -0.760904   
0.640721   -0.761324   
0.644726   -0.761596   
0.648730   -0.761720   
0.652735   -0.761692   
0.656739   -0.761513   
0.660744   -0.761181   
0.664748   -0.760694   
0.668753   -0.760050   
0.672757   -0.759248   
0.676762   -0.758287   
0.680766   -0.757166   
0.684771   -0.755882   
0.688775   -0.754434   
0.692780   -0.752820   
0.696784   -0.751040   
0.700789   -0.749092   
0.704793   -0.746974   
0.708798   -0.744684   
0.712802   -0.742221   
0.716807   -0.739584   
0.720811   -0.736772   
0.724816   -0.733781   
0.728820   -0.730612   
0.732825   -0.727262   
0.736829   -0.723730   
0.740834   -0.720014   
0.744838   -0.716113   
0.748843   -0.712025   
0.752848   -0.707749   
0.756852   -0.703283   
0.760857   -0.698626   
0.764861   -0.693775   
0.768866   -0.688730   
0.772870   -0.683489   
0.776875   -0.678050   
0.780879   -0.672411   
0.784884   -0.666571   
0.788888   -0.660529   
0.792893   -0.654282   
0.796897   -0.647829   
0.800902   -0.641169   
0.804906   -0.634299   
0.808911   -0.627218   
0.812915   -0.619925   
0.816920   -0.612418   
0.820924   -0.604694   
0.824929   -0.596753   
0.828933   -0.588592   
0.832938   -0.580211   
0.836942   -0.571606   
0.840947   -0.562777   
0.844951   -0.553722   
0.848956   -0.544439   
0.852960   -0.534925   
0.856965   -0.525181   
0.860969   -0.515203   
0.864974   -0.504989   
0.868978   -0.494539   
0.872983   -0.483850   
0.876987   -0.472921   
0.880992   -0.461749   
0.884996   -0.450333   
0.889001   -0.438670   
0.893005   -0.426760   
0.897010   -0.414600   
0.901014   -0.402188   
0.905019   -0.389522   
0.909023   -0.376601   
0.913028   -0.363422   
0.917032   -0.349984   
0.921037   -0.336284   
0.925041   -0.322321   
0.929046   -0.308093   
0.933050   -0.293597   
0.937055   -0.278832   
0.941059   -0.263795   
0.945064   -0.248486   
0.949068   -0.232900   
0.953073   -0.217038   
0.957077   -0.200895   
0.961082   -0.184471   
0.965086   -0.167763   
0.969091   -0.150770   
0.973095   -0.133488   
0.977100   -0.115917   
0.981104   -0.098053   
0.985109   -0.079894   
0.989113   -0.061439   
0.993118   -0.042685   
0.997123   -0.023630   
1.001127   -0.004272   
1.005132   0.015392   
1.009136   0.035364   
1.013141   0.055646   
1.017145   0.076240   
1.021150   0.097148   
1.025154   0.118374   
1.029159   0.139919   
1.033163   0.161786   
1.037168   0.183976   
1.041172   0.206492   
1.045177   0.229283   
1.049181   0.252287   
1.053186   0.275499   
1.057190   0.298920   
1.061195   0.322548   
1.065199   0.346384   
1.069204   0.370428   
1.073208   0.394679   
1.077213   0.419138   
1.081217   0.443803   
1.085222   0.468675   
1.089226   0.493754   
1.093231   0.519038   
1.097235   0.544529   
1.101240   0.570226   
1.105244   0.596129   
1.109249   0.622236   
1.113253   0.648549   
1.117258   0.675067   
1.121262   0.701790   
1.125267   0.728718   
1.129271   0.755849   
1.133276   0.783185   
1.137280   0.810725   
1.141285   0.838469   
1.145289   0.866417   
1.149294   0.894568   
1.153298   0.922922   
1.157303   0.951479   
1.161307   0.980240   
1.165312   1.009203   
1.169316   1.038368   
1.173321   1.067737   
1.177325   1.097307   
1.181330   1.127080   
1.185334   1.157055   
1.189339   1.187232   
1.193343   1.217611   
1.197348   1.248192   
1.201352   1.278974   
1.205357   1.309958   
1.209361   1.341144   
1.213366   1.372532   
1.217370   1.404121   
1.221375   1.435911   
1.225379   1.467904   
1.229384   1.500097   
1.233388   1.532493   
1.237393   1.565090   
1.241397   1.597888   
1.245402   1.630889   
1.249407   1.664091   
1.253411   1.697495   
1.257416   1.731101   
1.261420   1.764910   
1.265425   1.798921   
1.269429   1.833134   
1.273434   1.867550   
1.277438   1.902169   
1.281443   1.936992   
1.285447   1.972018   
1.289452   2.007248   
1.293456   2.042682   
1.297461   2.078321   
1.301465   2.114164   
1.305470   2.150213   
1.309474   2.186467   
1.313479   2.222928   
1.317483   2.259595   
1.321488   2.296469   
1.325492   2.333552   
1.329497   2.370842   
1.333501   2.408341   
1.337506   2.446050   
1.341510   2.483970   
1.345515   2.522100   
1.349519   2.560442   
1.353524   2.598996   
1.357528   2.637764   
1.361533   2.676746   
1.365537   2.715943   
1.369542   2.755356   
1.373546   2.794986   
1.377551   2.834835   
1.381555   2.874902   
1.385560   2.915190   
1.389564   2.955700   
1.393569   2.996432   
1.397573   3.037388   
1.401578   3.078569   
1.405582   3.119977   
1.409587   3.161614   
1.413591   3.203480   
1.417596   3.245577   
1.421600   3.287906   
1.425605   3.330470   
1.429609   3.373270   
1.433614   3.416308   
1.437618   3.459586   
1.441623   3.503105   
1.445627   3.546868   
1.449632   3.590876   
1.453636   3.635132   
1.457641   3.679638   
1.461645   3.724396   
1.465650   3.769407   
1.469654   3.814676   
1.473659   3.860203   
1.477663   3.905992   
1.481668   3.952046   
1.485672   3.998365   
1.489677   4.044955   
1.493682   4.091817   
1.497686   4.138953   
1.501691   4.186368   
1.505695   4.234065   
1.509700   4.282045   
1.513704   4.330313   
1.517709   4.378872   
1.521713   4.427725   
1.525718   4.476876   
1.529722   4.526328   
1.533727   4.576085   
1.537731   4.626151   
1.541736   4.676530   
1.545740   4.727224   
1.549745   4.778239   
1.553749   4.829579   
1.557754   4.881248   
1.561758   4.933250   
1.565763   4.985589   
1.569767   5.038271   
1.573772   5.091299   
1.577776   5.144679   
1.581781   5.198415   
1.585785   5.252512   
1.589790   5.306976   
1.593794   5.361811   
1.597799   5.417023   
1.601803   5.472616   
1.605808   5.528597   
1.609812   5.584972   
1.613817   5.641745   
1.617821   5.698923   
1.621826   5.756511   
1.625830   5.814515   
1.629835   5.872943   
1.633839   5.931799   
1.637844   5.991090   
1.641848   6.050823   
1.645853   6.111005   
1.649857   6.171641   
1.653862   6.232739   
1.657866   6.294306   
1.661871   6.356349   
1.665875   6.418874   
1.669880   6.481890   
1.673884   6.545403   
1.677889   6.609421   
1.681893   6.673952   
1.685898   6.739003   
1.689902   6.804582   
1.693907   6.870697   
1.697911   6.937356   
1.701916   7.004567   
1.705920   7.072339   
1.709925   7.140679   
1.713929   7.209597   
1.717934   7.279100   
1.721938   7.349198   
1.725943   7.419899   
1.729947   7.491211   
1.733952   7.563145   
1.737956   7.635709   
1.741961   7.708912   
1.745966   7.782763   
1.749970   7.857273   
1.753975   7.932449   
1.757979   8.008301   
1.761984   8.084840   
1.765988   8.162075   
1.769993   8.240015   
1.773997   8.318670   
1.778002   8.398051   
1.782006   8.478167   
1.786011   8.559028   
1.790015   8.640644   
1.794020   8.723026   
1.798024   8.806183   
1.802029   8.890126   
1.806033   8.974866   
1.810038   9.060412   
1.814042   9.146774   
1.818047   9.233964   
1.822051   9.321992   
1.826056   9.410869   
1.830060   9.500604   
1.834065   9.591209   
1.838069   9.682693   
1.842074   9.775069   
1.846078   9.868346   
1.850083   9.962534   
1.854087   10.057646   
1.858092   10.153690   
1.862096   10.250679   
1.866101   10.348622   
1.870105   10.447531   
1.874110   10.547415   
1.878114   10.648286   
1.882119   10.750154   
1.886123   10.853030   
1.890128   10.956924   
1.894132   11.061846   
1.898137   11.167808   
1.902141   11.274820   
1.906146   11.382892   
1.910150   11.492034   
1.914155   11.602256   
1.918159   11.713570   
1.922164   11.825985   
1.926168   11.939511   
1.930173   12.054159   
1.934177   12.169937   
1.938182   12.286857   
1.942186   12.404928   
1.946191   12.524160   
1.950195   12.644562   
1.954200   12.766144   
1.958204   12.888915   
1.962209   13.012885   
1.966213   13.138063   
1.970218   13.264459   
1.974222   13.392080   
1.978227   13.520937   
1.982231   13.651038   
1.986236   13.782392   
1.990241   13.915007   
1.994245   14.048892   
1.998250   14.184055   
2.002254   14.320505   
2.006259   14.458249   
2.010263   14.597296   
2.014268   14.737653   
2.018272   14.879328   
2.022277   15.022329   
2.026281   15.166663   
2.030286   15.312334   
2.034290   15.459133   
2.038295   15.606723   
2.042299   15.755072   
2.046304   15.904184   
2.050308   16.054059   
2.054313   16.204700   
2.058317   16.356106   
2.062322   16.508280   
2.066326   16.661223   
2.070331   16.814936   
2.074335   16.969422   
2.078340   17.124681   
2.082344   17.280715   
2.086349   17.437525   
2.090353   17.595114   
2.094358   17.753482   
2.098362   17.912632   
2.102367   18.072565   
2.106371   18.233282   
2.110376   18.394785   
2.114380   18.557076   
2.118385   18.720156   
2.122389   18.884028   
2.126394   19.048693   
2.130398   19.214153   
2.134403   19.380409   
2.138407   19.547463   
2.142412   19.715318   
2.146416   19.883976   
2.150421   20.053437   
2.154425   20.223704   
2.158430   20.394779   
2.162434   20.566664   
2.166439   20.739362   
2.170443   20.912873   
2.174448   21.087200   
2.178452   21.262346   
2.182457   21.438312   
2.186461   21.615101   
2.190466   21.792714   
2.194470   21.971155   
2.198475   22.150424   
2.202479   22.330526   
2.206484   22.511461   
2.210488   22.693233   
2.214493   22.875844   
2.218497   23.059295   
2.222502   23.243591   
2.226506   23.428732   
2.230511   23.614722   
2.234515   23.801564   
2.238520   23.989259   
2.242525   24.177811   
2.246529   24.367222   
2.250534   24.557495   
2.254538   24.748632   
2.258543   24.940637   
2.262547   25.133513   
2.266552   25.327261   
2.270556   25.521885   
2.274561   25.717388   
2.278565   25.913772   
2.282570   26.111041   
2.286574   26.309198   
2.290579   26.508246   
2.294583   26.708187   
2.298588   26.909026   
2.302592   27.110764   
2.306597   27.313405   
2.310601   27.516952   
2.314606   27.721409   
2.318610   27.926778   
2.322615   28.133064   
2.326619   28.340268   
2.330624   28.548395   
2.334628   28.757447   
2.338633   28.967429   
2.342637   29.178343   
2.346642   29.390193   
2.350646   29.602981   
2.354651   29.816713   
2.358655   30.031390   
2.362660   30.247017   
2.366664   30.463597   
2.370669   30.681133   
2.374673   30.899629   
2.378678   31.119088   
2.382682   31.339514   
2.386687   31.560910   
2.390691   31.783280   
2.394696   32.006627   
2.398700   32.230955   
2.402705   32.456268   
2.406709   32.682568   
2.410714   32.909860   
2.414718   33.138147   
2.418723   33.367433   
2.422727   33.597720   
2.426732   33.829013   
2.430736   34.061315   
2.434741   34.294630   
2.438745   34.528961   
2.442750   34.764311   
2.446754   35.000685   
2.450759   35.238085   
2.454763   35.476515   
2.458768   35.715978   
2.462772   35.956478   
2.466777   36.198019   
2.470781   36.440603   
2.474786   36.684235   
2.478790   36.928917   
2.482795   37.174652   
2.486800   37.421445   
2.490804   37.669297   
2.494809   37.918214   
2.498813   38.168197   
2.502818   38.419251   
2.506822   38.671377   
2.510827   38.924580   
2.514831   39.178862   
2.518836   39.434227   
2.522840   39.690678   
2.526845   39.948217   
2.530849   40.206848   
2.534854   40.466573   
2.538858   40.727396   
2.542863   40.989319   
2.546867   41.252345   
2.550872   41.516478   
2.554876   41.781719   
2.558881   42.048071   
2.562885   42.315538   
2.566890   42.584122   
2.570894   42.853825   
2.574899   43.124650   
2.578903   43.396599   
2.582908   43.669676   
2.586912   43.943882   
2.590917   44.219220   
2.594921   44.495691   
2.598926   44.773300   
2.602930   45.052047   
2.606935   45.331935   
2.610939   45.612966   
2.614944   45.895142   
2.618948   46.178465   
2.622953   46.462938   
2.626957   46.748562   
2.630962   47.035339   
2.634966   47.323272   
2.638971   47.612361   
2.642975   47.902609   
2.646980   48.194018   
2.650984   48.486589   
2.654989   48.780324   
2.658993   49.075224   
2.662998   49.371291   
2.667002   49.668527   
2.671007   49.966933   
2.675011   50.266511   
2.679016   50.567261   
2.683020   50.869186   
2.687025   51.172287   
2.691029   51.476564   
2.695034   51.782019   
2.699038   52.088653   
2.703043   52.396468   
2.707047   52.705464   
2.711052   53.015643   
2.715056   53.327004   
2.719061   53.639551   
2.723065   53.953282   
2.727070   54.268200   
2.731074   54.584305   
2.735079   54.901597   
2.739084   55.220078   
2.743088   55.539748   
2.747093   55.860608   
2.751097   56.182658   
2.755102   56.505900   
2.759106   56.830333   
2.763111   57.155958   
2.767115   57.482775   
2.771120   57.810786   
2.775124   58.139990   
2.779129   58.470388   
2.783133   58.801979   
2.787138   59.134765   
2.791142   59.468745   
2.795147   59.803920   
2.799151   60.140290   
2.803156   60.477855   
2.807160   60.816616   
2.811165   61.156571   
2.815169   61.497721   
2.819174   61.840067   
2.823178   62.183607   
2.827183   62.528343   
2.831187   62.874274   
2.835192   63.221399   
2.839196   63.569719   
2.843201   63.919234   
2.847205   64.269942   
2.851210   64.621845   
2.855214   64.974941   
2.859219   65.329230   
2.863223   65.684713   
2.867228   66.041388   
2.871232   66.399254   
2.875237   66.758313   
2.879241   67.118563   
2.883246   67.480003   
2.887250   67.842633   
2.891255   68.206453   
2.895259   68.571462   
2.899264   68.937660   
2.903268   69.305045   
2.907273   69.673617   
2.911277   70.043375   
2.915282   70.414319   
2.919286   70.786448   
2.923291   71.159761   
2.927295   71.534257   
2.931300   71.909935   
2.935304   72.286796   
2.939309   72.664837   
2.943313   73.044057   
2.947318   73.424457   
2.951322   73.806034   
2.955327   74.188789   
2.959331   74.572720   
2.963336   74.957825   
2.967340   75.344105   
2.971345   75.731557   
2.975349   76.120181   
2.979354   76.509976   
2.983359   76.900941   
2.987363   77.293074   
2.991368   77.686374   
2.995372   78.080841   
2.999377   78.476472   
3.003381   78.873268   
3.007386   79.271225   
3.011390   79.670344   
3.015395   80.070623   
3.019399   80.472060   
3.023404   80.874655   
3.027408   81.278406   
3.031413   81.683311   
3.035417   82.089370   
3.039422   82.496581   
3.043426   82.904942   
3.047431   83.314452   
3.051435   83.725110   
3.055440   84.136915   
3.059444   84.549864   
3.063449   84.963956   
3.067453   85.379191   
3.071458   85.795566   
3.075462   86.213079   
3.079467   86.631730   
3.083471   87.051517   
3.087476   87.472437   
3.091480   87.894491   
3.095485   88.317675   
3.099489   88.741990   
3.103494   89.167431   
3.107498   89.594000   
3.111503   90.021693   
3.115507   90.450508   
3.119512   90.880446   
3.123516   91.311503   
3.127521   91.743678   
3.131525   92.176969   
3.135530   92.611375   
3.139534   93.046894   
3.143539   93.483524   
3.147543   93.921264   
3.151548   94.360112   
3.155552   94.800065   
3.159557   95.241124   
3.163561   95.683284   
3.167566   96.126546   
3.171570   96.570907   
3.175575   97.016365   
3.179579   97.462919   
3.183584   97.910566   
3.187588   98.359306   
3.191593   98.809135   
3.195597   99.260053   
3.199602   99.712058   
3.203606   100.165148   
3.207611   100.619320   
3.211615   101.074574   
3.215620   101.530907   
3.219624   101.988318   
3.223629   102.446805   
3.227633   102.906365   
3.231638   103.366997   
3.235643   103.828700   
3.239647   104.291471   
3.243652   104.755308   
3.247656   105.220211   
3.251661   105.686176   
3.255665   106.153202   
3.259670   106.621287   
3.263674   107.090429   
3.267679   107.560627   
3.271683   108.031879   
3.275688   108.504182   
3.279692   108.977535   
3.283697   109.451936   
3.287701   109.927383   
3.291706   110.403875   
3.295710   110.881409   
3.299715   111.359983   
3.303719   111.839597   
3.307724   112.320247   
3.311728   112.801932   
3.315733   113.284651   
3.319737   113.768400   
3.323742   114.253179   
3.327746   114.738986   
3.331751   115.225819   
3.335755   115.713675   
3.339760   116.202554   
3.343764   116.692453   
3.347769   117.183370   
3.351773   117.675304   
3.355778   118.168252   
3.359782   118.662214   
3.363787   119.157186   
3.367791   119.653168   
3.371796   120.150157   
3.375800   120.648152   
3.379805   121.147150   
3.383809   121.647151   
3.387814   122.148151   
3.391818   122.650150   
3.395823   123.153146   
3.399827   123.657136   
3.403832   124.162120   
3.407836   124.668094   
3.411841   125.175058   
3.415845   125.683010   
3.419850   126.191947   
3.423854   126.701869   
3.427859   127.212773   
3.431863   127.724657   
3.435868   128.237520   
3.439872   128.751361   
3.443877   129.266176   
3.447881   129.781965   
3.451886   130.298726   
3.455890   130.816458   
3.459895   131.335157   
3.463899   131.854823   
3.467904   132.375454   
3.471908   132.897049   
3.475913   133.419605   
3.479918   133.943120   
3.483922   134.467594   
3.487927   134.993025   
3.491931   135.519410   
3.495936   136.046748   
3.499940   136.575038   
3.503945   137.104278   
3.507949   137.634466   
3.511954   138.165600   
3.515958   138.697679   
3.519963   139.230701   
3.523967   139.764665   
3.527972   140.299569   
3.531976   140.835412   
3.535981   141.372191   
3.539985   141.909905   
3.543990   142.448553   
3.547994   142.988133   
3.551999   143.528643   
3.556003   144.070082   
3.560008   144.612448   
3.564012   145.155740   
3.568017   145.699957   
3.572021   146.245095   
3.576026   146.791155   
3.580030   147.338134   
3.584035   147.886032   
3.588039   148.434845   
3.592044   148.984574   
3.596048   149.535216   
3.600053   150.086770   
3.604057   150.639235   
3.608062   151.192608   
3.612066   151.746889   
3.616071   152.302076   
3.620075   152.858167   
3.624080   153.415162   
3.628084   153.973058   
3.632089   154.531854   
3.636093   155.091550   
3.640098   155.652142   
3.644102   156.213630   
3.648107   156.776013   
3.652111   157.339289   
3.656116   157.903457   
3.660120   158.468514   
3.664125   159.034461   
3.668129   159.601295   
3.672134   160.169015   
3.676138   160.737620   
3.680143   161.307109   
3.684147   161.877479   
3.688152   162.448730   
3.692156   163.020861   
3.696161   163.593869   
3.700165   164.167754   
3.704170   164.742515   
3.708174   165.318149   
3.712179   165.894656   
3.716183   166.472035   
3.720188   167.050284   
3.724192   167.629402   
3.728197   168.209387   
3.732202   168.790238   
3.736206   169.371955   
3.740211   169.954535   
3.744215   170.537978   
3.748220   171.122282   
3.752224   171.707447   
3.756229   172.293470   
3.760233   172.880350   
3.764238   173.468087   
3.768242   174.056679   
3.772247   174.646125   
3.776251   175.236424   
3.780256   175.827574   
3.784260   176.419575   
3.788265   177.012425   
3.792269   177.606122   
3.796274   178.200667   
3.800278   178.796057   
3.804283   179.392292   
3.808287   179.989370   
3.812292   180.587291   
3.816296   181.186052   
3.820301   181.785653   
3.824305   182.386094   
3.828310   182.987372   
3.832314   183.589486   
3.836319   184.192436   
3.840323   184.796221   
3.844328   185.400838   
3.848332   186.006288   
3.852337   186.612570   
3.856341   187.219681   
3.860346   187.827621   
3.864350   188.436389   
3.868355   189.045984   
3.872359   189.656405   
3.876364   190.267650   
3.880368   190.879720   
3.884373   191.492612   
3.888377   192.106325   
3.892382   192.720860   
3.896386   193.336214   
3.900391   193.952386   
3.904395   194.569376   
3.908400   195.187183   
3.912404   195.805806   
3.916409   196.425243   
3.920413   197.045494   
3.924418   197.666557   
3.928422   198.288432   
3.932427   198.911118   
3.936431   199.534614   
3.940436   200.158919   
3.944440   200.784031   
3.948445   201.409951   
3.952449   202.036676   
3.956454   202.664206   
3.960458   203.292541   
3.964463   203.921679   
3.968467   204.551619   
3.972472   205.182361   
3.976477   205.813903   
3.980481   206.446244   
3.984486   207.079385   
3.988490   207.713323   
3.992495   208.348058   
3.996499   208.983589   
4.000504   209.619915   
4.004508   210.257036   
4.008513   210.894950   
4.012517   211.533656   
4.016522   212.173154   
4.020526   212.813444   
4.024531   213.454523   
4.028535   214.096391   
4.032540   214.739047   
4.036544   215.382491   
4.040549   216.026722   
4.044553   216.671739   
4.048558   217.317540   
4.052562   217.964126   
4.056567   218.611495   
4.060571   219.259647   
4.064576   219.908581   
4.068580   220.558295   
4.072585   221.208790   
4.076589   221.860065   
4.080594   222.512117   
4.084598   223.164948   
4.088603   223.818556   
4.092607   224.472940   
4.096612   225.128100   
4.100616   225.784035   
4.104621   226.440743   
4.108625   227.098225   
4.112630   227.756480   
4.116634   228.415506   
4.120639   229.075304   
4.124643   229.735872   
4.128648   230.397209   
4.132652   231.059315   
4.136657   231.722190   
4.140661   232.385832   
4.144666   233.050240   
4.148670   233.715415   
4.152675   234.381355   
4.156679   235.048060   
4.160684   235.715528   
4.164688   236.383760   
4.168693   237.052754   
4.172697   237.722511   
4.176702   238.393028   
4.180706   239.064306   
4.184711   239.736344   
4.188715   240.409140   
4.192720   241.082696   
4.196724   241.757009   
4.200729   242.432079   
4.204733   243.107906   
4.208738   243.784489   
4.212742   244.461827   
4.216747   245.139919   
4.220751   245.818766   
4.224756   246.498366   
4.228761   247.178718   
4.232765   247.859822   
4.236770   248.541678   
4.240774   249.224285   
4.244779   249.907642   
4.248783   250.591748   
4.252788   251.276603   
4.256792   251.962207   
4.260797   252.648558   
4.264801   253.335657   
4.268806   254.023502   
4.272810   254.712092   
4.276815   255.401429   
4.280819   256.091510   
4.284824   256.782335   
4.288828   257.473903   
4.292833   258.166215   
4.296837   258.859269   
4.300842   259.553065   
4.304846   260.247602   
4.308851   260.942880   
4.312855   261.638899   
4.316860   262.335656   
4.320864   263.033153   
4.324869   263.731388   
4.328873   264.430361   
4.332878   265.130072   
4.336882   265.830519   
4.340887   266.531703   
4.344891   267.233622   
4.348896   267.936277   
4.352900   268.639666   
4.356905   269.343789   
4.360909   270.048647   
4.364914   270.754237   
4.368918   271.460559   
4.372923   272.167614   
4.376927   272.875401   
4.380932   273.583918   
4.384936   274.293166   
4.388941   275.003144   
4.392945   275.713851   
4.396950   276.425288   
4.400954   277.137453   
4.404959   277.850346   
4.408963   278.563966   
4.412968   279.278314   
4.416972   279.993388   
4.420977   280.709188   
4.424981   281.425714   
4.428986   282.142964   
4.432990   282.860940   
4.436995   283.579639   
4.440999   284.299062   
4.445004   285.019209   
4.449008   285.740078   
4.453013   286.461669   
4.457017   287.183982   
4.461022   287.907017   
4.465026   288.630772   
4.469031   289.355248   
4.473036   290.080444   
4.477040   290.806359   
4.481045   291.532993   
4.485049   292.260346   
4.489054   292.988417   
4.493058   293.717206   
4.497063   294.446713   
4.501067   295.176936   
4.505072   295.907875   
4.509076   296.639531   
4.513081   297.371902   
4.517085   298.104988   
4.521090   298.838789   
4.525094   299.573304   
4.529099   300.308533   
4.533103   301.044475   
4.537108   301.781131   
4.541112   302.518499   
4.545117   303.256579   
4.549121   303.995372   
4.553126   304.734875   
4.557130   305.475090   
4.561135   306.216015   
4.565139   306.957650   
4.569144   307.699995   
4.573148   308.443050   
4.577153   309.186813   
4.581157   309.931285   
4.585162   310.676465   
4.589166   311.422353   
4.593171   312.168949   
4.597175   312.916251   
4.601180   313.664261   
4.605184   314.412976   
4.609189   315.162398   
4.613193   315.912524   
4.617198   316.663357   
4.621202   317.414893   
4.625207   318.167135   
4.629211   318.920080   
4.633216   319.673729   
4.637220   320.428081   
4.641225   321.183136   
4.645229   321.938894   
4.649234   322.695354   
4.653238   323.452516   
4.657243   324.210379   
4.661247   324.968943   
4.665252   325.728209   
4.669256   326.488174   
4.673261   327.248840   
4.677265   328.010206   
4.681270   328.772271   
4.685274   329.535034   
4.689279   330.298497   
4.693283   331.062658   
4.697288   331.827517   
4.701292   332.593074   
4.705297   333.359328   
4.709301   334.126279   
4.713306   334.893927   
4.717310   335.662271   
4.721315   336.431312   
4.725320   337.201047   
4.729324   337.971479   
4.733329   338.742605   
4.737333   339.514426   
4.741338   340.286942   
4.745342   341.060151   
4.749347   341.834055   
4.753351   342.608652   
4.757356   343.383942   
4.761360   344.159924   
4.765365   344.936600   
4.769369   345.713967   
4.773374   346.492027   
4.777378   347.270778   
4.781383   348.050220   
4.785387   348.830353   
4.789392   349.611177   
4.793396   350.392692   
4.797401   351.174896   
4.801405   351.957790   
4.805410   352.741374   
4.809414   353.525647   
4.813419   354.310609   
4.817423   355.096259   
4.821428   355.882598   
4.825432   356.669625   
4.829437   357.457339   
4.833441   358.245741   
4.837446   359.034830   
4.841450   359.824606   
4.845455   360.615069   
4.849459   361.406218   
4.853464   362.198053   
4.857468   362.990573   
4.861473   363.783780   
4.865477   364.577671   
4.869482   365.372247   
4.873486   366.167508   
4.877491   366.963454   
4.881495   367.760083   
4.885500   368.557397   
4.889504   369.355394   
4.893509   370.154074   
4.897513   370.953437   
4.901518   371.753483   
4.905522   372.554212   
4.909527   373.355623   
4.913531   374.157715   
4.917536   374.960490   
4.921540   375.763946   
4.925545   376.568083   
4.929549   377.372902   
4.933554   378.178401   
4.937558   378.984580   
4.941563   379.791440   
4.945567   380.598980   
4.949572   381.407199   
4.953576   382.216098   
4.957581   383.025676   
4.961585   383.835933   
4.965590   384.646868   
4.969595   385.458483   
4.973599   386.270775   
4.977604   387.083745   
4.981608   387.897394   
4.985613   388.711719   
4.989617   389.526722   
4.993622   390.342402   
4.997626   391.158759   
5.001631   391.975792   
5.005635   392.793502   
5.009640   393.611888   
5.013644   394.430950   
5.017649   395.250687   
5.021653   396.071100   
5.025658   396.892188   
5.029662   397.713950   
5.033667   398.536388   
5.037671   399.359500   
5.041676   400.183287   
5.045680   401.007747   
5.049685   401.832881   
5.053689   402.658689   
5.057694   403.485170   
5.061698   404.312325   
5.065703   405.140152   
5.069707   405.968652   
5.073712   406.797825   
5.077716   407.627670   
5.081721   408.458187   
5.085725   409.289376   
5.089730   410.121236   
5.093734   410.953768   
5.097739   411.786972   
5.101743   412.620846   
5.105748   413.455391   
5.109752   414.290607   
5.113757   415.126493   
5.117761   415.963049   
5.121766   416.800276   
5.125770   417.638172   
5.129775   418.476737   
5.133779   419.315973   
5.137784   420.155877   
5.141788   420.996450   
5.145793   421.837692   
5.149797   422.679603   
5.153802   423.522182   
5.157806   424.365429   
5.161811   425.209344   
5.165815   426.053927   
5.169820   426.899178   
5.173824   427.745096   
5.177829   428.591681   
5.181833   429.438934   
5.185838   430.286853   
5.189842   431.135438   
5.193847   431.984691   
5.197851   432.834609   
5.201856   433.685194   
5.205860   434.536444   
5.209865   435.388360   
5.213869   436.240942   
5.217874   437.094189   
5.221879   437.948101   
5.225883   438.802678   
5.229888   439.657920   
5.233892   440.513827   
5.237897   441.370398   
5.241901   442.227633   
5.245906   443.085533   
5.249910   443.944096   
5.253915   444.803323   
5.257919   445.663213   
5.261924   446.523767   
5.265928   447.384984   
5.269933   448.246864   
5.273937   449.109407   
5.277942   449.972612   
5.281946   450.836480   
5.285951   451.701011   
5.289955   452.566203   
5.293960   453.432058   
5.297964   454.298574   
5.301969   455.165752   
5.305973   456.033591   
5.309978   456.902092   
5.313982   457.771254   
5.317987   458.641076   
5.321991   459.511560   
5.325996   460.382704   
5.330000   461.254509   
5.334005   462.126974   
5.338009   463.000099   
5.342014   463.873885   
5.346018   464.748330   
5.350023   465.623434   
5.354027   466.499199   
5.358032   467.375622   
5.362036   468.252705   
5.366041   469.130447   
5.370045   470.008848   
5.374050   470.887907   
5.378054   471.767625   
5.382059   472.648002   
5.386063   473.529036   
5.390068   474.410729   
5.394072   475.293080   
5.398077   476.176089   
5.402081   477.059755   
5.406086   477.944079   
5.410090   478.829060   
5.414095   479.714698   
5.418099   480.600993   
5.422104   481.487946   
5.426108   482.375555   
5.430113   483.263820   
5.434117   484.152742   
5.438122   485.042321   
5.442126   485.932555   
5.446131   486.823446   
5.450135   487.714992   
5.454140   488.607194   
5.458144   489.500052   
5.462149   490.393565   
5.466154   491.287734   
5.470158   492.182558   
5.474163   493.078036   
5.478167   493.974170   
5.482172   494.870958   
5.486176   495.768401   
5.490181   496.666499   
5.494185   497.565250   
5.498190   498.464656   
5.502194   499.364716   
5.506199   500.265430   
5.510203   501.166798   
5.514208   502.068819   
5.518212   502.971494   
5.522217   503.874822   
5.526221   504.778804   
5.530226   505.683438   
5.534230   506.588726   
5.538235   507.494666   
5.542239   508.401259   
5.546244   509.308505   
5.550248   510.216403   
5.554253   511.124953   
5.558257   512.034156   
5.562262   512.944011   
5.566266   513.854517   
5.570271   514.765676   
5.574275   515.677486   
5.578280   516.589948   
5.582284   517.503061   
5.586289   518.416825   
5.590293   519.331241   
5.594298   520.246307   
5.598302   521.162025   
5.602307   522.078393   
5.606311   522.995412   
5.610316   523.913081   
5.614320   524.831401   
5.618325   525.750372   
5.622329   526.669992   
5.626334   527.590263   
5.630338   528.511183   
5.634343   529.432753   
5.638347   530.354973   
5.642352   531.277843   
5.646356   532.201362   
5.650361   533.125530   
5.654365   534.050348   
5.658370   534.975815   
5.662374   535.901930   
5.666379   536.828695   
5.670383   537.756108   
5.674388   538.684170   
5.678392   539.612881   
5.682397   540.542240   
5.686401   541.472247   
5.690406   542.402902   
5.694410   543.334206   
5.698415   544.266157   
5.702419   545.198756   
5.706424   546.132003   
5.710428   547.065898   
5.714433   548.000440   
5.718438   548.935630   
5.722442   549.871466   
5.726447   550.807950   
5.730451   551.745081   
5.734456   552.682859   
5.738460   553.621284   
5.742465   554.560356   
5.746469   555.500074   
5.750474   556.440439   
5.754478   557.381450   
5.758483   558.323108   
5.762487   559.265411   
5.766492   560.208361   
5.770496   561.151957   
5.774501   562.096199   
5.778505   563.041086   
5.782510   563.986619   
5.786514   564.932798   
5.790519   565.879622   
5.794523   566.827092   
5.798528   567.775207   
5.802532   568.723967   
5.806537   569.673372   
5.810541   570.623422   
5.814546   571.574116   
5.818550   572.525456   
5.822555   573.477440   
5.826559   574.430069   
5.830564   575.383342   
5.834568   576.337260   
5.838573   577.291822   
5.842577   578.247028   
5.846582   579.202878   
5.850586   580.159372   
5.854591   581.116510   
5.858595   582.074292   
5.862600   583.032717   
5.866604   583.991786   
5.870609   584.951498   
5.874613   585.911854   
5.878618   586.872853   
5.882622   587.834495   
5.886627   588.796781   
5.890631   589.759709   
5.894636   590.723280   
5.898640   591.687494   
5.902645   592.652351   
5.906649   593.617851   
5.910654   594.583992   
5.914658   595.550777   
5.918663   596.518203   
5.922667   597.486272   
5.926672   598.454983   
5.930676   599.424337   
5.934681   600.394332   
5.938685   601.364969   
5.942690   602.336248   
5.946694   603.308168   
5.950699   604.280730   
5.954703   605.253934   
5.958708   606.227779   
5.962713   607.202266   
5.966717   608.177393   
5.970722   609.153162   
5.974726   610.129572   
5.978731   611.106623   
5.982735   612.084315   
5.986740   613.062648   
5.990744   614.041621   
5.994749   615.021235   
5.998753   616.001490   
6.002758   616.982385   
6.006762   617.963921   
6.010767   618.946097   
6.014771   619.928913   
6.018776   620.912369   
6.022780   621.896465   
6.026785   622.881202   
6.030789   623.866578   
6.034794   624.852594   
6.038798   625.839249   
6.042803   626.826545   
6.046807   627.814480   
6.050812   628.803054   
6.054816   629.792268   
6.058821   630.782121   
6.062825   631.772613   
6.066830   632.763745   
6.070834   633.755515   
6.074839   634.747925   
6.078843   635.740973   
6.082848   636.734660   
6.086852   637.728986   
6.090857   638.723951   
6.094861   639.719554   
6.098866   640.715796   
6.102870   641.712676   
6.106875   642.710195   
6.110879   643.708352   
6.114884   644.707147   
6.118888   645.706580   
6.122893   646.706651   
6.126897   647.707360   
6.130902   648.708707   
6.134906   649.710692   
6.138911   650.713315   
6.142915   651.716575   
6.146920   652.720473   
6.150924   653.725008   
6.154929   654.730181   
6.158933   655.735991   
6.162938   656.742439   
6.166942   657.749524   
6.170947   658.757245   
6.174951   659.765604   
6.178956   660.774600   
6.182960   661.784233   
6.186965   662.794503   
6.190969   663.805409   
6.194974   664.816952   
6.198978   665.829132   
6.202983   666.841948   
6.206987   667.855401   
6.210992   668.869490   
6.214997   669.884216   
6.219001   670.899578   
6.223006   671.915576   
6.227010   672.932210   
6.231015   673.949480   
6.235019   674.967386   
6.239024   675.985929   
6.243028   677.005106   
6.247033   678.024920   
6.251037   679.045370   
6.255042   680.066455   
6.259046   681.088175   
6.263051   682.110532   
6.267055   683.133523   
6.271060   684.157150   
6.275064   685.181412   
6.279069   686.206310   
6.283073   687.231843   
6.287078   688.258010   
6.291082   689.284813   
6.295087   690.312251   
6.299091   691.340324   
6.303096   692.369031   
6.307100   693.398373   
6.311105   694.428350   
6.315109   695.458962   
6.319114   696.490208   
6.323118   697.522089   
6.327123   698.554604   
6.331127   699.587753   
6.335132   700.621537   
6.339136   701.655955   
6.343141   702.691007   
6.347145   703.726693   
6.351150   704.763014   
6.355154   705.799968   
6.359159   706.837556   
6.363163   707.875778   
6.367168   708.914634   
6.371172   709.954124   
6.375177   710.994247   
6.379181   712.035004   
6.383186   713.076394   
6.387190   714.118418   
6.391195   715.161076   
6.395199   716.204366   
6.399204   717.248290   
6.403208   718.292848   
6.407213   719.338038   
6.411217   720.383862   
6.415222   721.430318   
6.419226   722.477408   
6.423231   723.525130   
6.427235   724.573486   
6.431240   725.622474   
6.435244   726.672095   
6.439249   727.722348   
6.443253   728.773235   
6.447258   729.824754   
6.451262   730.876905   
6.455267   731.929689   
6.459272   732.983105   
6.463276   734.037154   
6.467281   735.091835   
6.471285   736.147148   
6.475290   737.203093   
6.479294   738.259670   
6.483299   739.316880   
6.487303   740.374721   
6.491308   741.433195   
6.495312   742.492300   
6.499317   743.552037   
6.503321   744.612406   
6.507326   745.673406   
6.511330   746.735038   
6.515335   747.797302   
6.519339   748.860198   
6.523344   749.923724   
6.527348   750.987883   
6.531353   752.052672   
6.535357   753.118093   
6.539362   754.184146   
6.543366   755.250829   
6.547371   756.318144   
6.551375   757.386089   
6.555380   758.454666   
6.559384   759.523874   
6.563389   760.593712   
6.567393   761.664182   
6.571398   762.735282   
6.575402   763.807014   
6.579407   764.879376   
6.583411   765.952368   
6.587416   767.025991   
6.591420   768.100245   
6.595425   769.175129   
6.599429   770.250644   
6.603434   771.326789   
6.607438   772.403565   
6.611443   773.480970   
6.615447   774.559007   
6.619452   775.637673   
6.623456   776.716969   
6.627461   777.796896   
6.631465   778.877452   
6.635470   779.958639   
6.639474   781.040455   
6.643479   782.122902   
6.647483   783.205978   
6.651488   784.289684   
6.655492   785.374020   
6.659497   786.458985   
6.663501   787.544580   
6.667506   788.630805   
6.671510   789.717659   
6.675515   790.805143   
6.679519   791.893256   
6.683524   792.981998   
6.687528   794.071370   
6.691533   795.161371   
6.695537   796.252002   
6.699542   797.343261   
6.703546   798.435150   
6.707551   799.527668   
6.711556   800.620815   
6.715560   801.714591   
6.719565   802.808996   
6.723569   803.904029   
6.727574   804.999692   
6.731578   806.095984   
6.735583   807.192904   
6.739587   808.290453   
6.743592   809.388630   
6.747596   810.487437   
6.751601   811.586871   
6.755605   812.686935   
6.759610   813.787626   
6.763614   814.888947   
6.767619   815.990895   
6.771623   817.093472   
6.775628   818.196678   
6.779632   819.300511   
6.783637   820.404973   
6.787641   821.510063   
6.791646   822.615781   
6.795650   823.722127   
6.799655   824.829101   
6.803659   825.936703   
6.807664   827.044933   
6.811668   828.153791   
6.815673   829.263276   
6.819677   830.373390   
6.823682   831.484131   
6.827686   832.595500   
6.831691   833.707497   
6.835695   834.820121   
6.839700   835.933373   
6.843704   837.047252   
6.847709   838.161759   
6.851713   839.276893   
6.855718   840.392655   
6.859722   841.509044   
6.863727   842.626061   
6.867731   843.743704   
6.871736   844.861975   
6.875740   845.980873   
6.879745   847.100398   
6.883749   848.220551   
6.887754   849.341330   
6.891758   850.462737   
6.895763   851.584770   
6.899767   852.707430   
6.903772   853.830717   
6.907776   854.954631   
6.911781   856.079172   
6.915785   857.204340   
6.919790   858.330134   
6.923794   859.456555   
6.927799   860.583603   
6.931803   861.711277   
6.935808   862.839578   
6.939812   863.968505   
6.943817   865.098059   
6.947821   866.228239   
6.951826   867.359046   
6.955831   868.490479   
6.959835   869.622538   
6.963840   870.755224   
6.967844   871.888535   
6.971849   873.022473   
6.975853   874.157037   
6.979858   875.292228   
6.983862   876.428044   
6.987867   877.564486   
6.991871   878.701555   
6.995876   879.839249   
6.999880   880.977569   
7.003885   882.116515   
7.007889   883.256087   
7.011894   884.396285   
7.015898   885.537108   
7.019903   886.678557   
7.023907   887.820632   
7.027912   888.963333   
7.031916   890.106659   
7.035921   891.250611   
7.039925   892.395188   
7.043930   893.540390   
7.047934   894.686219   
7.051939   895.832672   
7.055943   896.979751   
7.059948   898.127455   
7.063952   899.275785   
7.067957   900.424740   
7.071961   901.574320   
7.075966   902.724525   
7.079970   903.875355   
7.083975   905.026811   
7.087979   906.178891   
7.091984   907.331597   
7.095988   908.484927   
7.099993   909.638883   
7.103997   910.793464   
7.108002   911.948669   
7.112006   913.104499   
7.116011   914.260954   
7.120015   915.418034   
7.124020   916.575739   
7.128024   917.734068   
7.132029   918.893022   
7.136033   920.052600   
7.140038   921.212804   
7.144042   922.373631   
7.148047   923.535084   
7.152051   924.697161   
7.156056   925.859862   
7.160060   927.023188   
7.164065   928.187138   
7.168069   929.351712   
7.172074   930.516911   
7.176078   931.682734   
7.180083   932.849181   
7.184087   934.016253   
7.188092   935.183948   
7.192096   936.352268   
7.196101   937.521212   
7.200105   938.690780   
7.204110   939.860972   
7.208115   941.031788   
7.212119   942.203228   
7.216124   943.375292   
7.220128   944.547980   
7.224133   945.721292   
7.228137   946.895228   
7.232142   948.069787   
7.236146   949.244970   
7.240151   950.420777   
7.244155   951.597208   
7.248160   952.774262   
7.252164   953.951940   
7.256169   955.130242   
7.260173   956.309167   
7.264178   957.488715   
7.268182   958.668888   
7.272187   959.849683   
7.276191   961.031102   
7.280196   962.213145   
7.284200   963.395811   
7.288205   964.579100   
7.292209   965.763012   
7.296214   966.947548   
7.300218   968.132707   
7.304223   969.318489   
7.308227   970.504895   
7.312232   971.691924   
7.316236   972.879575   
7.320241   974.067850   
7.324245   975.256748   
7.328250   976.446269   
7.332254   977.636413   
7.336259   978.827180   
7.340263   980.018569   
7.344268   981.210582   
7.348272   982.403217   
7.352277   983.596476   
7.356281   984.790357   
7.360286   985.984861   
7.364290   987.179988   
7.368295   988.375737   
7.372299   989.572109   
7.376304   990.769104   
7.380308   991.966721   
7.384313   993.164961   
7.388317   994.363824   
7.392322   995.563309   
7.396326   996.763416   
7.400331   997.964146   
7.404335   999.165499   
7.408340   1000.367474   
7.412344   1001.570071   
7.416349   1002.773290   
7.420353   1003.977132   
7.424358   1005.181596   
7.428362   1006.386683   
7.432367   1007.592391   
7.436371   1008.798722   
7.440376   1010.005675   
7.444380   1011.213251   
7.448385   1012.421448   
7.452390   1013.630267   
7.456394   1014.839709   
7.460399   1016.049772   
7.464403   1017.260458   
7.468408   1018.471765   
7.472412   1019.683694   
7.476417   1020.896246   
7.480421   1022.109419   
7.484426   1023.323214   
7.488430   1024.537631   
7.492435   1025.752669   
7.496439   1026.968330   
7.500444   1028.184612   
7.504448   1029.401515   
7.508453   1030.619041   
7.512457   1031.837188   
7.516462   1033.055957   
7.520466   1034.275347   
7.524471   1035.495359   
7.528475   1036.715993   
7.532480   1037.937248   
7.536484   1039.159124   
7.540489   1040.381622   
7.544493   1041.604741   
7.548498   1042.828482   
7.552502   1044.052844   
7.556507   1045.277828   
7.560511   1046.503433   
7.564516   1047.729659   
7.568520   1048.956506   
7.572525   1050.183975   
7.576529   1051.412065   
7.580534   1052.640776   
7.584538   1053.870108   
7.588543   1055.100061   
7.592547   1056.330635   
7.596552   1057.561831   
7.600556   1058.793647   
7.604561   1060.026085   
7.608565   1061.259144   
7.612570   1062.492823   
7.616574   1063.727124   
7.620579   1064.962045   
7.624583   1066.197587   
7.628588   1067.433750   
7.632592   1068.670534   
7.636597   1069.907939   
7.640601   1071.145965   
7.644606   1072.384611   
7.648610   1073.623878   
7.652615   1074.863766   
7.656619   1076.104274   
7.660624   1077.345403   
7.664628   1078.587153   
7.668633   1079.829523   
7.672637   1081.072514   
7.676642   1082.316126   
7.680646   1083.560358   
7.684651   1084.805210   
7.688655   1086.050683   
7.692660   1087.296777   
7.696664   1088.543491   
7.700669   1089.790825   
7.704674   1091.038780   
7.708678   1092.287355   
7.712683   1093.536550   
7.716687   1094.786366   
7.720692   1096.036802   
7.724696   1097.287858   
7.728701   1098.539534   
7.732705   1099.791831   
7.736710   1101.044748   
7.740714   1102.298285   
7.744719   1103.552442   
7.748723   1104.807219   
7.752728   1106.062616   
7.756732   1107.318633   
7.760737   1108.575271   
7.764741   1109.832528   
7.768746   1111.090405   
7.772750   1112.348903   
7.776755   1113.608020   
7.780759   1114.867757   
7.784764   1116.128114   
7.788768   1117.389091   
7.792773   1118.650688   
7.796777   1119.912904   
7.800782   1121.175741   
7.804786   1122.439197   
7.808791   1123.703273   
7.812795   1124.967968   
7.816800   1126.233284   
7.820804   1127.499219   
7.824809   1128.765773   
7.828813   1130.032948   
7.832818   1131.300741   
7.836822   1132.569155   
7.840827   1133.838188   
7.844831   1135.107840   
7.848836   1136.378112   
7.852840   1137.649004   
7.856845   1138.920515   
7.860849   1140.192645   
7.864854   1141.465395   
7.868858   1142.738765   
7.872863   1144.012753   
7.876867   1145.287361   
7.880872   1146.562588   
7.884876   1147.838435   
7.888881   1149.114901   
7.892885   1150.391986   
7.896890   1151.669691   
7.900894   1152.948014   
7.904899   1154.226957   
7.908903   1155.506519   
7.912908   1156.786700   
7.916912   1158.067501   
7.920917   1159.348920   
7.924921   1160.630958   
7.928926   1161.913616   
7.932930   1163.196892   
7.936935   1164.480788   
7.940939   1165.765303   
7.944944   1167.050436   
7.948949   1168.336189   
7.952953   1169.622560   
7.956958   1170.909551   
7.960962   1172.197160   
7.964967   1173.485388   
7.968971   1174.774235   
7.972976   1176.063701   
7.976980   1177.353785   
7.980985   1178.644488   
7.984989   1179.935811   
7.988994   1181.227751   
7.992998   1182.520311   
7.997003   1183.813489   
8.001007   1185.107286   
8.005012   1186.401702   
