0.004005   0.000000   
0.008009   0.000030   
0.012014   -0.000103   
0.016018   -0.000414   
0.020023   -0.000914   
0.024027   -0.001609   
0.028032   -0.002500   
0.032036   -0.003588   
0.036041   -0.004872   
0.040045   -0.006350   
0.044050   -0.008020   
0.048054   -0.009878   
0.052059   -0.011922   
0.056063   -0.014147   
0.060068   -0.016551   
0.064072   -0.019130   
0.068077   -0.021880   
0.072081   -0.024796   
0.076086   -0.027876   
0.080090   -0.031114   
0.084095   -0.034508   
0.088099   -0.038053   
0.092104   -0.041745   
0.096108   -0.045580   
0.100113   -0.049555   
0.104117   -0.053666   
0.108122   -0.057908   
0.112126   -0.062278   
0.116131   -0.066772   
0.120135   -0.071387   
0.124140   -0.076118   
0.128144   -0.080962   
0.132149   -0.085917   
0.136153   -0.090977   
0.140158   -0.096139   
0.144162   -0.101401   
0.148167   -0.106758   
0.152171   -0.112208   
0.156176   -0.117746   
0.160180   -0.123370   
0.164185   -0.129077   
0.168189   -0.134863   
0.172194   -0.140725   
0.176198   -0.146660   
0.180203   -0.152665   
0.184207   -0.158737   
0.188212   -0.164873   
0.192216   -0.171071   
0.196221   -0.177326   
0.200225   -0.183637   
0.204230   -0.190000   
0.208234   -0.196413   
0.212239   -0.202873   
0.216243   -0.209377   
0.220248   -0.215924   
0.224252   -0.222509   
0.228257   -0.229130   
0.232261   -0.235786   
0.236266   -0.242473   
0.240270   -0.249189   
0.244275   -0.255931   
0.248279   -0.262698   
0.252284   -0.269486   
0.256289   -0.276293   
0.260293   -0.283117   
0.264298   -0.289956   
0.268302   -0.296808   
0.272307   -0.303669   
0.276311   -0.310539   
0.280316   -0.317414   
0.284320   -0.324293   
0.288325   -0.331174   
0.292329   -0.338053   
0.296334   -0.344930   
0.300338   -0.351803   
0.304343   -0.358668   
0.308347   -0.365525   
0.312352   -0.372370   
0.316356   -0.379203   
0.320361   -0.386022   
0.324365   -0.392823   
0.328370   -0.399606   
0.332374   -0.406369   
0.336379   -0.413109   
0.340383   -0.419825   
0.344388   -0.426516   
0.348392   -0.433178   
0.352397   -0.439811   
0.356401   -0.446412   
0.360406   -0.452981   
0.364410   -0.459514   
0.368415   -0.466011   
0.372419   -0.472470   
0.376424   -0.478889   
0.380428   -0.485266   
0.384433   -0.491600   
0.388437   -0.497889   
0.392442   -0.504131   
0.396446   -0.510325   
0.400451   -0.516469   
0.404455   -0.522562   
0.408460   -0.528602   
0.412464   -0.534587   
0.416469   -0.540516   
0.420473   -0.546388   
0.424478   -0.552200   
0.428482   -0.557951   
0.432487   -0.563640   
0.436491   -0.569266   
0.440496   -0.574826   
0.444500   -0.580319   
0.448505   -0.585744   
0.452509   -0.591099   
0.456514   -0.596383   
0.460518   -0.601594   
0.464523   -0.606731   
0.468527   -0.611792   
0.472532   -0.616776   
0.476536   -0.621682   
0.480541   -0.626508   
0.484545   -0.631252   
0.488550   -0.635914   
0.492554   -0.640491   
0.496559   -0.644983   
0.500564   -0.649388   
0.504568   -0.653704   
0.508573   -0.657930   
0.512577   -0.662065   
0.516582   -0.666108   
0.520586   -0.670056   
0.524591   -0.673909   
0.528595   -0.677665   
0.532600   -0.681323   
0.536604   -0.684881   
0.540609   -0.688338   
0.544613   -0.691692   
0.548618   -0.694943   
0.552622   -0.698088   
0.556627   -0.701127   
0.560631   -0.704058   
0.564636   -0.706880   
0.568640   -0.709590   
0.572645   -0.712189   
0.576649   -0.714674   
0.580654   -0.717043   
0.584658   -0.719297   
0.588663   -0.721432   
0.592667   -0.723449   
0.596672   -0.725344   
0.600676   -0.727118   
0.604681   -0.728768   
0.608685   -0.730293   
0.612690   -0.731692   
0.616694   -0.732963   
0.620699   -0.734105   
0.624703   -0.735116   
0.628708   -0.735995   
0.632712   -0.736741   
0.636717   -0.737351   
0.640721   -0.737825   
0.644726   -0.738161   
0.648730   -0.738357   
0.652735   -0.738412   
0.656739   -0.738325   
0.660744   -0.738094   
0.664748   -0.737718   
0.668753   -0.737194   
0.672757   -0.736522   
0.676762   -0.735699   
0.680766   -0.734725   
0.684771   -0.733598   
0.688775   -0.732316   
0.692780   -0.730878   
0.696784   -0.729282   
0.700789   -0.727526   
0.704793   -0.725609   
0.708798   -0.723529   
0.712802   -0.721284   
0.716807   -0.718874   
0.720811   -0.716296   
0.724816   -0.713548   
0.728820   -0.710630   
0.732825   -0.707538   
0.736829   -0.704272   
0.740834   -0.700830   
0.744838   -0.697210   
0.748843   -0.693411   
0.752848   -0.689430   
0.756852   -0.685265   
0.760857   -0.680916   
0.764861   -0.676380   
0.768866   -0.671655   
0.772870   -0.666740   
0.776875   -0.661633   
0.780879   -0.656331   
0.784884   -0.650834   
0.788888   -0.645139   
0.792893   -0.639243   
0.796897   -0.633146   
0.800902   -0.626846   
0.804906   -0.620340   
0.808911   -0.613626   
0.812915   -0.606703   
0.816920   -0.599568   
0.820924   -0.592220   
0.824929   -0.584656   
0.828933   -0.576874   
0.832938   -0.568873   
0.836942   -0.560649   
0.840947   -0.552202   
0.844951   -0.543529   
0.848956   -0.534628   
0.852960   -0.525496   
0.856965   -0.516132   
0.860969   -0.506533   
0.864974   -0.496698   
0.868978   -0.486623   
0.872983   -0.476306   
0.876987   -0.465747   
0.880992   -0.454941   
0.884996   -0.443887   
0.889001   -0.432582   
0.893005   -0.421024   
0.897010   -0.409211   
0.901014   -0.397141   
0.905019   -0.384810   
0.909023   -0.372217   
0.913028   -0.359359   
0.917032   -0.346234   
0.921037   -0.332839   
0.925041   -0.319171   
0.929046   -0.305228   
0.933050   -0.291009   
0.937055   -0.276509   
0.941059   -0.261726   
0.945064   -0.246659   
0.949068   -0.231303   
0.953073   -0.215658   
0.957077   -0.199719   
0.961082   -0.183484   
0.965086   -0.166951   
0.969091   -0.150117   
0.973095   -0.132979   
0.977100   -0.115535   
0.981104   -0.097781   
0.985109   -0.079715   
0.989113   -0.061333   
0.993118   -0.042634   
0.997123   -0.023614   
1.001127   -0.004271   
1.005132   0.015399   
1.009136   0.035398   
1.013141   0.055729   
1.017145   0.076396   
1.021150   0.097401   
1.025154   0.118747   
1.029159   0.140438   
1.033163   0.162475   
1.037168   0.184863   
1.041172   0.207604   
1.045177   0.230684   
1.049181   0.253992   
1.053186   0.277485   
1.057190   0.301162   
1.061195   0.325024   
1.065199   0.349069   
1.069204   0.373298   
1.073208   0.397709   
1.077213   0.422302   
1.081217   0.447076   
1.085222   0.472033   
1.089226   0.497169   
1.093231   0.522487   
1.097235   0.547984   
1.101240   0.573660   
1.105244   0.599516   
1.109249   0.625550   
1.113253   0.651762   
1.117258   0.678152   
1.121262   0.704719   
1.125267   0.731464   
1.129271   0.758385   
1.133276   0.785482   
1.137280   0.812755   
1.141285   0.840204   
1.145289   0.867828   
1.149294   0.895627   
1.153298   0.923600   
1.157303   0.951748   
1.161307   0.980070   
1.165312   1.008566   
1.169316   1.037235   
1.173321   1.066077   
1.177325   1.095093   
1.181330   1.124282   
1.185334   1.153643   
1.189339   1.183177   
1.193343   1.212883   
1.197348   1.242762   
1.201352   1.272813   
1.205357   1.303036   
1.209361   1.333432   
1.213366   1.364000   
1.217370   1.394739   
1.221375   1.425651   
1.225379   1.456736   
1.229384   1.487992   
1.233388   1.519422   
1.237393   1.551023   
1.241397   1.582798   
1.245402   1.614746   
1.249407   1.646866   
1.253411   1.679161   
1.257416   1.711629   
1.261420   1.744271   
1.265425   1.777088   
1.269429   1.810080   
1.273434   1.843247   
1.277438   1.876590   
1.281443   1.910109   
1.285447   1.943806   
1.289452   1.977679   
1.293456   2.011732   
1.297461   2.045963   
1.301465   2.080373   
1.305470   2.114964   
1.309474   2.149737   
1.313479   2.184691   
1.317483   2.219828   
1.321488   2.255150   
1.325492   2.290656   
1.329497   2.326349   
1.333501   2.362229   
1.337506   2.398297   
1.341510   2.434555   
1.345515   2.471003   
1.349519   2.507644   
1.353524   2.544479   
1.357528   2.581509   
1.361533   2.618735   
1.365537   2.656160   
1.369542   2.693784   
1.373546   2.731610   
1.377551   2.769640   
1.381555   2.807875   
1.385560   2.846317   
1.389564   2.884968   
1.393569   2.923830   
1.397573   2.962905   
1.401578   3.002196   
1.405582   3.041704   
1.409587   3.081433   
1.413591   3.121384   
1.417596   3.161560   
1.421600   3.201963   
1.425605   3.242596   
1.429609   3.283462   
1.433614   3.324564   
1.437618   3.365904   
1.441623   3.407486   
1.445627   3.449312   
1.449632   3.491386   
1.453636   3.533710   
1.457641   3.576289   
1.461645   3.619125   
1.465650   3.662222   
1.469654   3.705583   
1.473659   3.749212   
1.477663   3.793113   
1.481668   3.837290   
1.485672   3.881746   
1.489677   3.926485   
1.493682   3.971512   
1.497686   4.016831   
1.501691   4.062445   
1.505695   4.108360   
1.509700   4.154579   
1.513704   4.201108   
1.517709   4.247951   
1.521713   4.295112   
1.525718   4.342597   
1.529722   4.390410   
1.533727   4.438556   
1.537731   4.487041   
1.541736   4.535869   
1.545740   4.585046   
1.549745   4.634577   
1.553749   4.684468   
1.557754   4.734724   
1.561758   4.785351   
1.565763   4.836355   
1.569767   4.887741   
1.573772   4.939516   
1.577776   4.991685   
1.581781   5.044254   
1.585785   5.097230   
1.589790   5.150619   
1.593794   5.204427   
1.597799   5.258661   
1.601803   5.313328   
1.605808   5.368433   
1.609812   5.423984   
1.613817   5.479987   
1.617821   5.536449   
1.621826   5.593378   
1.625830   5.650780   
1.629835   5.708662   
1.633839   5.767032   
1.637844   5.825897   
1.641848   5.885263   
1.645853   5.945139   
1.649857   6.005533   
1.653862   6.066450   
1.657866   6.127899   
1.661871   6.189889   
1.665875   6.252425   
1.669880   6.315517   
1.673884   6.379172   
1.677889   6.443397   
1.681893   6.508202   
1.685898   6.573593   
1.689902   6.639579   
1.693907   6.706168   
1.697911   6.773368   
1.701916   6.841188   
1.705920   6.909634   
1.709925   6.978717   
1.713929   7.048443   
1.717934   7.118821   
1.721938   7.189860   
1.725943   7.261568   
1.729947   7.333953   
1.733952   7.407023   
1.737956   7.480788   
1.741961   7.555255   
1.745966   7.630433   
1.749970   7.706330   
1.753975   7.782955   
1.757979   7.860316   
1.761984   7.938422   
1.765988   8.017281   
1.769993   8.096901   
1.773997   8.177292   
1.778002   8.258460   
1.782006   8.340416   
1.786011   8.423166   
1.790015   8.506721   
1.794020   8.591086   
1.798024   8.676272   
1.802029   8.762287   
1.806033   8.849138   
1.810038   8.936834   
1.814042   9.025383   
1.818047   9.114793   
1.822051   9.205073   
1.826056   9.296230   
1.830060   9.388272   
1.834065   9.481207   
1.838069   9.575044   
1.842074   9.669790   
1.846078   9.765453   
1.850083   9.862040   
1.854087   9.959560   
1.858092   10.058020   
1.862096   10.157427   
1.866101   10.257788   
1.870105   10.359113   
1.874110   10.461406   
1.878114   10.564677   
1.882119   10.668932   
1.886123   10.774178   
1.890128   10.880422   
1.894132   10.987671   
1.898137   11.095933   
1.902141   11.205213   
1.906146   11.315519   
1.910150   11.426857   
1.914155   11.539233   
1.918159   11.652654   
1.922164   11.767127   
1.926168   11.882658   
1.930173   11.999252   
1.934177   12.116916   
1.938182   12.235656   
1.942186   12.355478   
1.946191   12.476387   
1.950195   12.598389   
1.954200   12.721490   
1.958204   12.845695   
1.962209   12.971009   
1.966213   13.097438   
1.970218   13.224988   
1.974222   13.353662   
1.978227   13.483467   
1.982231   13.614406   
1.986236   13.746485   
1.990241   13.879708   
1.994245   14.014081   
1.998250   14.149606   
2.002254   14.286290   
2.006259   14.424135   
2.010263   14.563147   
2.014268   14.703329   
2.018272   14.844685   
2.022277   14.987219   
2.026281   15.130934   
2.030286   15.275836   
2.034290   15.421926   
2.038295   15.569209   
2.042299   15.717687   
2.046304   15.867365   
2.050308   16.018245   
2.054313   16.170330   
2.058317   16.323623   
2.062322   16.478128   
2.066326   16.633846   
2.070331   16.790782   
2.074335   16.948936   
2.078340   17.108312   
2.082344   17.268912   
2.086349   17.430738   
2.090353   17.593793   
2.094358   17.758079   
2.098362   17.923598   
2.102367   18.090351   
2.106371   18.258341   
2.110376   18.427481   
2.114380   18.597368   
2.118385   18.767882   
2.122389   18.939022   
2.126394   19.110784   
2.130398   19.283169   
2.134403   19.456172   
2.138407   19.629792   
2.142412   19.804028   
2.146416   19.978876   
2.150421   20.154335   
2.154425   20.330402   
2.158430   20.507076   
2.162434   20.684354   
2.166439   20.862234   
2.170443   21.040714   
2.174448   21.219791   
2.178452   21.399463   
2.182457   21.579729   
2.186461   21.760585   
2.190466   21.942030   
2.194470   22.124061   
2.198475   22.306676   
2.202479   22.489873   
2.206484   22.673649   
2.210488   22.858002   
2.214493   23.042929   
2.218497   23.228430   
2.222502   23.414500   
2.226506   23.601138   
2.230511   23.788342   
2.234515   23.976109   
2.238520   24.164436   
2.242525   24.353322   
2.246529   24.542765   
2.250534   24.732761   
2.254538   24.923308   
2.258543   25.114405   
2.262547   25.306048   
2.266552   25.498236   
2.270556   25.690966   
2.274561   25.884236   
2.278565   26.078044   
2.282570   26.272387   
2.286574   26.467262   
2.290579   26.662669   
2.294583   26.858604   
2.298588   27.055065   
2.302592   27.252049   
2.306597   27.449556   
2.310601   27.647582   
2.314606   27.846125   
2.318610   28.045183   
2.322615   28.244754   
2.326619   28.444835   
2.330624   28.645426   
2.334628   28.846522   
2.338633   29.048123   
2.342637   29.250226   
2.346642   29.452829   
2.350646   29.655930   
2.354651   29.859527   
2.358655   30.063619   
2.362660   30.268203   
2.366664   30.473276   
2.370669   30.678839   
2.374673   30.884887   
2.378678   31.091421   
2.382682   31.298437   
2.386687   31.505935   
2.390691   31.713911   
2.394696   31.922366   
2.398700   32.131296   
2.402705   32.340701   
2.406709   32.550579   
2.410714   32.760928   
2.414718   32.971747   
2.418723   33.183034   
2.422727   33.394789   
2.426732   33.607009   
2.430736   33.819693   
2.434741   34.032841   
2.438745   34.246450   
2.442750   34.460521   
2.446754   34.675051   
2.450759   34.890040   
2.454763   35.105486   
2.458768   35.321389   
2.462772   35.537749   
2.466777   35.754563   
2.470781   35.971831   
2.474786   36.189554   
2.478790   36.407729   
2.482795   36.626357   
2.486800   36.845437   
2.490804   37.064969   
2.494809   37.284952   
2.498813   37.505386   
2.502818   37.726270   
2.506822   37.947605   
2.510827   38.169391   
2.514831   38.391627   
2.518836   38.614314   
2.522840   38.837451   
2.526845   39.061039   
2.530849   39.285079   
2.534854   39.509570   
2.538858   39.734512   
2.542863   39.959908   
2.546867   40.185756   
2.550872   40.412058   
2.554876   40.638815   
2.558881   40.866026   
2.562885   41.093694   
2.566890   41.321819   
2.570894   41.550402   
2.574899   41.779444   
2.578903   42.008947   
2.582908   42.238911   
2.586912   42.469339   
2.590917   42.700230   
2.594921   42.931588   
2.598926   43.163414   
2.602930   43.395708   
2.606935   43.628474   
2.610939   43.861712   
2.614944   44.095425   
2.618948   44.329615   
2.622953   44.564283   
2.626957   44.799432   
2.630962   45.035064   
2.634966   45.271181   
2.638971   45.507785   
2.642975   45.744880   
2.646980   45.982466   
2.650984   46.220548   
2.654989   46.459127   
2.658993   46.698206   
2.662998   46.937787   
2.667002   47.177875   
2.671007   47.418470   
2.675011   47.659577   
2.679016   47.901199   
2.683020   48.143337   
2.687025   48.385996   
2.691029   48.629178   
2.695034   48.872887   
2.699038   49.117126   
2.703043   49.361897   
2.707047   49.607206   
2.711052   49.853053   
2.715056   50.099445   
2.719061   50.346382   
2.723065   50.593870   
2.727070   50.841912   
2.731074   51.090510   
2.735079   51.339670   
2.739084   51.589394   
2.743088   51.839685   
2.747093   52.090549   
2.751097   52.341988   
2.755102   52.594006   
2.759106   52.846607   
2.763111   53.099794   
2.767115   53.353572   
2.771120   53.607944   
2.775124   53.862914   
2.779129   54.118486   
2.783133   54.374664   
2.787138   54.631451   
2.791142   54.888852   
2.795147   55.146869   
2.799151   55.405508   
2.803156   55.664771   
2.807160   55.924664   
2.811165   56.185188   
2.815169   56.446349   
2.819174   56.708151   
2.823178   56.970596   
2.827183   57.233689   
2.831187   57.497434   
2.835192   57.761834   
2.839196   58.026893   
2.843201   58.292615   
2.847205   58.559004   
2.851210   58.826063   
2.855214   59.093795   
2.859219   59.362206   
2.863223   59.631297   
2.867228   59.901074   
2.871232   60.171538   
2.875237   60.442695   
2.879241   60.714547   
2.883246   60.987098   
2.887250   61.260351   
2.891255   61.534310   
2.895259   61.808977   
2.899264   62.084358   
2.903268   62.360454   
2.907273   62.637268   
2.911277   62.914805   
2.915282   63.193068   
2.919286   63.472059   
2.923291   63.751781   
2.927295   64.032238   
2.931300   64.313432   
2.935304   64.595368   
2.939309   64.878046   
2.943313   65.161471   
2.947318   65.445645   
2.951322   65.730571   
2.955327   66.016252   
2.959331   66.302690   
2.963336   66.589888   
2.967340   66.877849   
2.971345   67.166575   
2.975349   67.456068   
2.979354   67.746332   
2.983359   68.037368   
2.987363   68.329179   
2.991368   68.621767   
2.995372   68.915135   
2.999377   69.209284   
3.003381   69.504217   
3.007386   69.799936   
3.011390   70.096443   
3.015395   70.393740   
3.019399   70.691828   
3.023404   70.990711   
3.027408   71.290390   
3.031413   71.590866   
3.035417   71.892141   
3.039422   72.194218   
3.043426   72.497097   
3.047431   72.800781   
3.051435   73.105271   
3.055440   73.410568   
3.059444   73.716675   
3.063449   74.023592   
3.067453   74.331321   
3.071458   74.639863   
3.075462   74.949220   
3.079467   75.259393   
3.083471   75.570384   
3.087476   75.882192   
3.091480   76.194821   
3.095485   76.508270   
3.099489   76.822541   
3.103494   77.137634   
3.107498   77.453552   
3.111503   77.770294   
3.115507   78.087862   
3.119512   78.406257   
3.123516   78.725479   
3.127521   79.045529   
3.131525   79.366409   
3.135530   79.688118   
3.139534   80.010658   
3.143539   80.334029   
3.147543   80.658231   
3.151548   80.983266   
3.155552   81.309134   
3.159557   81.635836   
3.163561   81.963371   
3.167566   82.291741   
3.171570   82.620946   
3.175575   82.950987   
3.179579   83.281862   
3.183584   83.613574   
3.187588   83.946123   
3.191593   84.279508   
3.195597   84.613730   
3.199602   84.948789   
3.203606   85.284685   
3.207611   85.621419   
3.211615   85.958991   
3.215620   86.297401   
3.219624   86.636648   
3.223629   86.976734   
3.227633   87.317657   
3.231638   87.659419   
3.235643   88.002019   
3.239647   88.345458   
3.243652   88.689734   
3.247656   89.034848   
3.251661   89.380801   
3.255665   89.727591   
3.259670   90.075219   
3.263674   90.423685   
3.267679   90.772989   
3.271683   91.123129   
3.275688   91.474107   
3.279692   91.825922   
3.283697   92.178574   
3.287701   92.532062   
3.291706   92.886387   
3.295710   93.241547   
3.299715   93.597543   
3.303719   93.954375   
3.307724   94.312042   
3.311728   94.670543   
3.315733   95.029879   
3.319737   95.390049   
3.323742   95.751053   
3.327746   96.112890   
3.331751   96.475560   
3.335755   96.839062   
3.339760   97.203396   
3.343764   97.568563   
3.347769   97.934560   
3.351773   98.301388   
3.355778   98.669047   
3.359782   99.037535   
3.363787   99.406853   
3.367791   99.776999   
3.371796   100.147974   
3.375800   100.519777   
3.379805   100.892407   
3.383809   101.265863   
3.387814   101.640146   
3.391818   102.015255   
3.395823   102.391189   
3.399827   102.767948   
3.403832   103.145530   
3.407836   103.523936   
3.411841   103.903165   
3.415845   104.283216   
3.419850   104.664088   
3.423854   105.045782   
3.427859   105.428296   
3.431863   105.811630   
3.435868   106.195784   
3.439872   106.580756   
3.443877   106.966546   
3.447881   107.353153   
3.451886   107.740577   
3.455890   108.128817   
3.459895   108.517872   
3.463899   108.907743   
3.467904   109.298427   
3.471908   109.689925   
3.475913   110.082236   
3.479918   110.475358   
3.483922   110.869293   
3.487927   111.264038   
3.491931   111.659593   
3.495936   112.055958   
3.499940   112.453131   
3.503945   112.851113   
3.507949   113.249902   
3.511954   113.649497   
3.515958   114.049899   
3.519963   114.451106   
3.523967   114.853118   
3.527972   115.255933   
3.531976   115.659552   
3.535981   116.063974   
3.539985   116.469197   
3.543990   116.875222   
3.547994   117.282047   
3.551999   117.689671   
3.556003   118.098095   
3.560008   118.507318   
3.564012   118.917338   
3.568017   119.328155   
3.572021   119.739768   
3.576026   120.152176   
3.580030   120.565380   
3.584035   120.979378   
3.588039   121.394169   
3.592044   121.809753   
3.596048   122.226129   
3.600053   122.643297   
3.604057   123.061255   
3.608062   123.480003   
3.612066   123.899540   
3.616071   124.319866   
3.620075   124.740979   
3.624080   125.162880   
3.628084   125.585567   
3.632089   126.009040   
3.636093   126.433298   
3.640098   126.858340   
3.644102   127.284166   
3.648107   127.710775   
3.652111   128.138166   
3.656116   128.566339   
3.660120   128.995292   
3.664125   129.425026   
3.668129   129.855539   
3.672134   130.286831   
3.676138   130.718901   
3.680143   131.151748   
3.684147   131.585372   
3.688152   132.019773   
3.692156   132.454948   
3.696161   132.890899   
3.700165   133.327623   
3.704170   133.765120   
3.708174   134.203391   
3.712179   134.642433   
3.716183   135.082246   
3.720188   135.522830   
3.724192   135.964184   
3.728197   136.406308   
3.732202   136.849200   
3.736206   137.292860   
3.740211   137.737287   
3.744215   138.182481   
3.748220   138.628441   
3.752224   139.075166   
3.756229   139.522656   
3.760233   139.970910   
3.764238   140.419927   
3.768242   140.869707   
3.772247   141.320249   
3.776251   141.771552   
3.780256   142.223616   
3.784260   142.676440   
3.788265   143.130024   
3.792269   143.584367   
3.796274   144.039468   
3.800278   144.495326   
3.804283   144.951942   
3.808287   145.409313   
3.812292   145.867441   
3.816296   146.326323   
3.820301   146.785960   
3.824305   147.246351   
3.828310   147.707495   
3.832314   148.169392   
3.836319   148.632040   
3.840323   149.095440   
3.844328   149.559591   
3.848332   150.024492   
3.852337   150.490142   
3.856341   150.956542   
3.860346   151.423689   
3.864350   151.891585   
3.868355   152.360228   
3.872359   152.829617   
3.876364   153.299752   
3.880368   153.770633   
3.884373   154.242258   
3.888377   154.714628   
3.892382   155.187741   
3.896386   155.661597   
3.900391   156.136196   
3.904395   156.611536   
3.908400   157.087618   
3.912404   157.564441   
3.916409   158.042004   
3.920413   158.520306   
3.924418   158.999348   
3.928422   159.479128   
3.932427   159.959646   
3.936431   160.440901   
3.940436   160.922893   
3.944440   161.405622   
3.948445   161.889086   
3.952449   162.373285   
3.956454   162.858219   
3.960458   163.343887   
3.964463   163.830288   
3.968467   164.317423   
3.972472   164.805290   
3.976477   165.293888   
3.980481   165.783218   
3.984486   166.273279   
3.988490   166.764071   
3.992495   167.255592   
3.996499   167.747842   
4.000504   168.240821   
4.004508   168.734529   
4.008513   169.228964   
4.012517   169.724126   
4.016522   170.220015   
4.020526   170.716630   
4.024531   171.213970   
4.028535   171.712036   
4.032540   172.210826   
4.036544   172.710341   
4.040549   173.210579   
4.044553   173.711540   
4.048558   174.213224   
4.052562   174.715630   
4.056567   175.218758   
4.060571   175.722607   
4.064576   176.227176   
4.068580   176.732466   
4.072585   177.238475   
4.076589   177.745204   
4.080594   178.252651   
4.084598   178.760817   
4.088603   179.269700   
4.092607   179.779301   
4.096612   180.289618   
4.100616   180.800652   
4.104621   181.312401   
4.108625   181.824866   
4.112630   182.338046   
4.116634   182.851941   
4.120639   183.366549   
4.124643   183.881871   
4.128648   184.397906   
4.132652   184.914654   
4.136657   185.432114   
4.140661   185.950286   
4.144666   186.469168   
4.148670   186.988762   
4.152675   187.509066   
4.156679   188.030081   
4.160684   188.551804   
4.164688   189.074237   
4.168693   189.597378   
4.172697   190.121228   
4.176702   190.645785   
4.180706   191.171050   
4.184711   191.697021   
4.188715   192.223699   
4.192720   192.751083   
4.196724   193.279173   
4.200729   193.807967   
4.204733   194.337467   
4.208738   194.867671   
4.212742   195.398578   
4.216747   195.930190   
4.220751   196.462504   
4.224756   196.995521   
4.228761   197.529240   
4.232765   198.063661   
4.236770   198.598784   
4.240774   199.134607   
4.244779   199.671131   
4.248783   200.208356   
4.252788   200.746280   
4.256792   201.284904   
4.260797   201.824226   
4.264801   202.364247   
4.268806   202.904967   
4.272810   203.446384   
4.276815   203.988499   
4.280819   204.531311   
4.284824   205.074819   
4.288828   205.619024   
4.292833   206.163924   
4.296837   206.709520   
4.300842   207.255811   
4.304846   207.802797   
4.308851   208.350477   
4.312855   208.898851   
4.316860   209.447919   
4.320864   209.997680   
4.324869   210.548134   
4.328873   211.099280   
4.332878   211.651118   
4.336882   212.203648   
4.340887   212.756869   
4.344891   213.310782   
4.348896   213.865385   
4.352900   214.420678   
4.356905   214.976661   
4.360909   215.533334   
4.364914   216.090695   
4.368918   216.648746   
4.372923   217.207485   
4.376927   217.766912   
4.380932   218.327027   
4.384936   218.887829   
4.388941   219.449318   
4.392945   220.011494   
4.396950   220.574357   
4.400954   221.137905   
4.404959   221.702139   
4.408963   222.267058   
4.412968   222.832662   
4.416972   223.398951   
4.420977   223.965924   
4.424981   224.533581   
4.428986   225.101922   
4.432990   225.670945   
4.436995   226.240652   
4.440999   226.811041   
4.445004   227.382113   
4.449008   227.953866   
4.453013   228.526301   
4.457017   229.099417   
4.461022   229.673215   
4.465026   230.247692   
4.469031   230.822850   
4.473036   231.398688   
4.477040   231.975206   
4.481045   232.552403   
4.485049   233.130279   
4.489054   233.708833   
4.493058   234.288066   
4.497063   234.867977   
4.501067   235.448565   
4.505072   236.029831   
4.509076   236.611774   
4.513081   237.194394   
4.517085   237.777690   
4.521090   238.361662   
4.525094   238.946310   
4.529099   239.531634   
4.533103   240.117633   
4.537108   240.704306   
4.541112   241.291655   
4.545117   241.879677   
4.549121   242.468374   
4.553126   243.057744   
4.557130   243.647787   
4.561135   244.238504   
4.565139   244.829893   
4.569144   245.421955   
4.573148   246.014689   
4.577153   246.608095   
4.581157   247.202173   
4.585162   247.796921   
4.589166   248.392341   
4.593171   248.988431   
4.597175   249.585192   
4.601180   250.182623   
4.605184   250.780724   
4.609189   251.379494   
4.613193   251.978934   
4.617198   252.579043   
4.621202   253.179820   
4.625207   253.781265   
4.629211   254.383379   
4.633216   254.986161   
4.637220   255.589610   
4.641225   256.193726   
4.645229   256.798510   
4.649234   257.403960   
4.653238   258.010076   
4.657243   258.616859   
4.661247   259.224307   
4.665252   259.832421   
4.669256   260.441201   
4.673261   261.050645   
4.677265   261.660754   
4.681270   262.271528   
4.685274   262.882966   
4.689279   263.495068   
4.693283   264.107834   
4.697288   264.721263   
4.701292   265.335355   
4.705297   265.950110   
4.709301   266.565527   
4.713306   267.181608   
4.717310   267.798350   
4.721315   268.415754   
4.725320   269.033819   
4.729324   269.652546   
4.733329   270.271934   
4.737333   270.891982   
4.741338   271.512692   
4.745342   272.134061   
4.749347   272.756090   
4.753351   273.378780   
4.757356   274.002128   
4.761360   274.626136   
4.765365   275.250803   
4.769369   275.876129   
4.773374   276.502113   
4.777378   277.128755   
4.781383   277.756055   
4.785387   278.384013   
4.789392   279.012629   
4.793396   279.641901   
4.797401   280.271831   
4.801405   280.902417   
4.805410   281.533660   
4.809414   282.165559   
4.813419   282.798114   
4.817423   283.431325   
4.821428   284.065191   
4.825432   284.699713   
4.829437   285.334889   
4.833441   285.970721   
4.837446   286.607207   
4.841450   287.244347   
4.845455   287.882141   
4.849459   288.520589   
4.853464   289.159690   
4.857468   289.799445   
4.861473   290.439853   
4.865477   291.080913   
4.869482   291.722627   
4.873486   292.364993   
4.877491   293.008010   
4.881495   293.651680   
4.885500   294.296002   
4.889504   294.940974   
4.893509   295.586599   
4.897513   296.232874   
4.901518   296.879799   
4.905522   297.527376   
4.909527   298.175602   
4.913531   298.824479   
4.917536   299.474005   
4.921540   300.124182   
4.925545   300.775007   
4.929549   301.426482   
4.933554   302.078605   
4.937558   302.731377   
4.941563   303.384798   
4.945567   304.038867   
4.949572   304.693584   
4.953576   305.348949   
4.957581   306.004961   
4.961585   306.661621   
4.965590   307.318928   
4.969595   307.976881   
4.973599   308.635482   
4.977604   309.294729   
4.981608   309.954622   
4.985613   310.615161   
4.989617   311.276346   
4.993622   311.938177   
4.997626   312.600653   
5.001631   313.263774   
5.005635   313.927540   
5.009640   314.591951   
5.013644   315.257006   
5.017649   315.922706   
5.021653   316.589050   
5.025658   317.256037   
5.029662   317.923669   
5.033667   318.591943   
5.037671   319.260861   
5.041676   319.930423   
5.045680   320.600627   
5.049685   321.271473   
5.053689   321.942962   
5.057694   322.615093   
5.061698   323.287866   
5.065703   323.961281   
5.069707   324.635338   
5.073712   325.310036   
5.077716   325.985375   
5.081721   326.661355   
5.085725   327.337976   
5.089730   328.015237   
5.093734   328.693139   
5.097739   329.371680   
5.101743   330.050862   
5.105748   330.730684   
5.109752   331.411145   
5.113757   332.092245   
5.117761   332.773985   
5.121766   333.456363   
5.125770   334.139380   
5.129775   334.823036   
5.133779   335.507330   
5.137784   336.192262   
5.141788   336.877832   
5.145793   337.564040   
5.149797   338.250886   
5.153802   338.938368   
5.157806   339.626488   
5.161811   340.315245   
5.165815   341.004639   
5.169820   341.694669   
5.173824   342.385335   
5.177829   343.076638   
5.181833   343.768577   
5.185838   344.461151   
5.189842   345.154361   
5.193847   345.848207   
5.197851   346.542688   
5.201856   347.237803   
5.205860   347.933554   
5.209865   348.629939   
5.213869   349.326959   
5.217874   350.024613   
5.221879   350.722901   
5.225883   351.421823   
5.229888   352.121378   
5.233892   352.821567   
5.237897   353.522390   
5.241901   354.223845   
5.245906   354.925934   
5.249910   355.628655   
5.253915   356.332009   
5.257919   357.035995   
5.261924   357.740614   
5.265928   358.445864   
5.269933   359.151746   
5.273937   359.858260   
5.277942   360.565406   
5.281946   361.273182   
5.285951   361.981590   
5.289955   362.690629   
5.293960   363.400298   
5.297964   364.110598   
5.301969   364.821529   
5.305973   365.533089   
5.309978   366.245280   
5.313982   366.958100   
5.317987   367.671550   
5.321991   368.385630   
5.325996   369.100339   
5.330000   369.815677   
5.334005   370.531644   
5.338009   371.248239   
5.342014   371.965464   
5.346018   372.683316   
5.350023   373.401797   
5.354027   374.120906   
5.358032   374.840643   
5.362036   375.561008   
5.366041   376.282000   
5.370045   377.003619   
5.374050   377.725866   
5.378054   378.448740   
5.382059   379.172240   
5.386063   379.896367   
5.390068   380.621121   
5.394072   381.346501   
5.398077   382.072507   
5.402081   382.799139   
5.406086   383.526397   
5.410090   384.254281   
5.414095   384.982790   
5.418099   385.711924   
5.422104   386.441683   
5.426108   387.172068   
5.430113   387.903077   
5.434117   388.634711   
5.438122   389.366969   
5.442126   390.099851   
5.446131   390.833358   
5.450135   391.567489   
5.454140   392.302243   
5.458144   393.037621   
5.462149   393.773622   
5.466154   394.510247   
5.470158   395.247495   
5.474163   395.985365   
5.478167   396.723859   
5.482172   397.462975   
5.486176   398.202714   
5.490181   398.943075   
5.494185   399.684058   
5.498190   400.425663   
5.502194   401.167889   
5.506199   401.910738   
5.510203   402.654208   
5.514208   403.398299   
5.518212   404.143011   
5.522217   404.888344   
5.526221   405.634299   
5.530226   406.380873   
5.534230   407.128069   
5.538235   407.875884   
5.542239   408.624320   
5.546244   409.373376   
5.550248   410.123052   
5.554253   410.873347   
5.558257   411.624262   
5.562262   412.375797   
5.566266   413.127950   
5.570271   413.880723   
5.574275   414.634115   
5.578280   415.388125   
5.582284   416.142754   
5.586289   416.898001   
5.590293   417.653867   
5.594298   418.410351   
5.598302   419.167453   
5.602307   419.925172   
5.606311   420.683510   
5.610316   421.442465   
5.614320   422.202037   
5.618325   422.962226   
5.622329   423.723033   
5.626334   424.484456   
5.630338   425.246496   
5.634343   426.009153   
5.638347   426.772426   
5.642352   427.536315   
5.646356   428.300821   
5.650361   429.065942   
5.654365   429.831680   
5.658370   430.598033   
5.662374   431.365001   
5.666379   432.132585   
5.670383   432.900784   
5.674388   433.669599   
5.678392   434.439028   
5.682397   435.209072   
5.686401   435.979730   
5.690406   436.751003   
5.694410   437.522891   
5.698415   438.295392   
5.702419   439.068508   
5.706424   439.842238   
5.710428   440.616581   
5.714433   441.391538   
5.718438   442.167108   
5.722442   442.943292   
5.726447   443.720088   
5.730451   444.497498   
5.734456   445.275521   
5.738460   446.054156   
5.742465   446.833404   
5.746469   447.613264   
5.750474   448.393737   
5.754478   449.174821   
5.758483   449.956518   
5.762487   450.738827   
5.766492   451.521747   
5.770496   452.305279   
5.774501   453.089422   
5.778505   453.874176   
5.782510   454.659542   
5.786514   455.445519   
5.790519   456.232106   
5.794523   457.019304   
5.798528   457.807113   
5.802532   458.595532   
5.806537   459.384562   
5.810541   460.174201   
5.814546   460.964451   
5.818550   461.755310   
5.822555   462.546779   
5.826559   463.338858   
5.830564   464.131546   
5.834568   464.924844   
5.838573   465.718750   
5.842577   466.513266   
5.846582   467.308390   
5.850586   468.104124   
5.854591   468.900465   
5.858595   469.697416   
5.862600   470.494974   
5.866604   471.293141   
5.870609   472.091916   
5.874613   472.891299   
5.878618   473.691289   
5.882622   474.491888   
5.886627   475.293093   
5.890631   476.094907   
5.894636   476.897327   
5.898640   477.700354   
5.902645   478.503989   
5.906649   479.308230   
5.910654   480.113078   
5.914658   480.918532   
5.918663   481.724593   
5.922667   482.531260   
5.926672   483.338534   
5.930676   484.146413   
5.934681   484.954899   
5.938685   485.763990   
5.942690   486.573686   
5.946694   487.383988   
5.950699   488.194896   
5.954703   489.006409   
5.958708   489.818527   
5.962713   490.631249   
5.966717   491.444577   
5.970722   492.258509   
5.974726   493.073046   
5.978731   493.888188   
5.982735   494.703933   
5.986740   495.520283   
5.990744   496.337237   
5.994749   497.154795   
5.998753   497.972957   
6.002758   498.791722   
6.006762   499.611091   
6.010767   500.431063   
6.014771   501.251638   
6.018776   502.072817   
6.022780   502.894599   
6.026785   503.716983   
6.030789   504.539971   
6.034794   505.363561   
6.038798   506.187753   
6.042803   507.012548   
6.046807   507.837945   
6.050812   508.663944   
6.054816   509.490545   
6.058821   510.317749   
6.062825   511.145553   
6.066830   511.973960   
6.070834   512.802968   
6.074839   513.632577   
6.078843   514.462788   
6.082848   515.293600   
6.086852   516.125012   
6.090857   516.957026   
6.094861   517.789640   
6.098866   518.622855   
6.102870   519.456671   
6.106875   520.291086   
6.110879   521.126103   
6.114884   521.961719   
6.118888   522.797935   
6.122893   523.634751   
6.126897   524.472167   
6.130902   525.310183   
6.134906   526.148798   
6.138911   526.988012   
6.142915   527.827826   
6.146920   528.668239   
6.150924   529.509251   
6.154929   530.350861   
6.158933   531.193071   
6.162938   532.035879   
6.166942   532.879286   
6.170947   533.723291   
6.174951   534.567895   
6.178956   535.413097   
6.182960   536.258897   
6.186965   537.105294   
6.190969   537.952290   
6.194974   538.799883   
6.198978   539.648074   
6.202983   540.496863   
6.206987   541.346248   
6.210992   542.196231   
6.214997   543.046811   
6.219001   543.897989   
6.223006   544.749763   
6.227010   545.602133   
6.231015   546.455101   
6.235019   547.308665   
6.239024   548.162825   
6.243028   549.017582   
6.247033   549.872935   
6.251037   550.728884   
6.255042   551.585428   
6.259046   552.442569   
6.263051   553.300306   
6.267055   554.158638   
6.271060   555.017565   
6.275064   555.877088   
6.279069   556.737206   
6.283073   557.597920   
6.287078   558.459228   
6.291082   559.321131   
6.295087   560.183629   
6.299091   561.046722   
6.303096   561.910409   
6.307100   562.774691   
6.311105   563.639567   
6.315109   564.505038   
6.319114   565.371102   
6.323118   566.237761   
6.327123   567.105013   
6.331127   567.972860   
6.335132   568.841300   
6.339136   569.710333   
6.343141   570.579960   
6.347145   571.450180   
6.351150   572.320994   
6.355154   573.192400   
6.359159   574.064400   
6.363163   574.936993   
6.367168   575.810178   
6.371172   576.683956   
6.375177   577.558327   
6.379181   578.433290   
6.383186   579.308845   
6.387190   580.184993   
6.391195   581.061732   
6.395199   581.939064   
6.399204   582.816988   
6.403208   583.695503   
6.407213   584.574610   
6.411217   585.454309   
6.415222   586.334599   
6.419226   587.215481   
6.423231   588.096954   
6.427235   588.979018   
6.431240   589.861673   
6.435244   590.744919   
6.439249   591.628756   
6.443253   592.513183   
6.447258   593.398202   
6.451262   594.283810   
6.455267   595.170009   
6.459272   596.056799   
6.463276   596.944178   
6.467281   597.832148   
6.471285   598.720708   
6.475290   599.609857   
6.479294   600.499597   
6.483299   601.389926   
6.487303   602.280844   
6.491308   603.172352   
6.495312   604.064449   
6.499317   604.957136   
6.503321   605.850412   
6.507326   606.744276   
6.511330   607.638730   
6.515335   608.533773   
6.519339   609.429404   
6.523344   610.325624   
6.527348   611.222432   
6.531353   612.119829   
6.535357   613.017814   
6.539362   613.916388   
6.543366   614.815549   
6.547371   615.715299   
6.551375   616.615636   
6.555380   617.516561   
6.559384   618.418074   
6.563389   619.320175   
6.567393   620.222863   
6.571398   621.126138   
6.575402   622.030001   
6.579407   622.934450   
6.583411   623.839487   
6.587416   624.745111   
6.591420   625.651322   
6.595425   626.558120   
6.599429   627.465504   
6.603434   628.373475   
6.607438   629.282033   
6.611443   630.191177   
6.615447   631.100907   
6.619452   632.011223   
6.623456   632.922125   
6.627461   633.833614   
6.631465   634.745688   
6.635470   635.658348   
6.639474   636.571594   
6.643479   637.485426   
6.647483   638.399843   
6.651488   639.314845   
6.655492   640.230433   
6.659497   641.146606   
6.663501   642.063364   
6.667506   642.980707   
6.671510   643.898635   
6.675515   644.817147   
6.679519   645.736245   
6.683524   646.655927   
6.687528   647.576194   
6.691533   648.497045   
6.695537   649.418480   
6.699542   650.340500   
6.703546   651.263104   
6.707551   652.186292   
6.711556   653.110064   
6.715560   654.034419   
6.719565   654.959359   
6.723569   655.884882   
6.727574   656.810989   
6.731578   657.737679   
6.735583   658.664953   
6.739587   659.592810   
6.743592   660.521250   
6.747596   661.450273   
6.751601   662.379879   
6.755605   663.310069   
6.759610   664.240841   
6.763614   665.172195   
6.767619   666.104133   
6.771623   667.036653   
6.775628   667.969755   
6.779632   668.903440   
6.783637   669.837707   
6.787641   670.772556   
6.791646   671.707988   
6.795650   672.644001   
6.799655   673.580596   
6.803659   674.517773   
6.807664   675.455532   
6.811668   676.393872   
6.815673   677.332794   
6.819677   678.272298   
6.823682   679.212382   
6.827686   680.153048   
6.831691   681.094296   
6.835695   682.036124   
6.839700   682.978533   
6.843704   683.921523   
6.847709   684.865094   
6.851713   685.809246   
6.855718   686.753978   
6.859722   687.699291   
6.863727   688.645184   
6.867731   689.591658   
6.871736   690.538712   
6.875740   691.486346   
6.879745   692.434561   
6.883749   693.383355   
6.887754   694.332729   
6.891758   695.282683   
6.895763   696.233217   
6.899767   697.184330   
6.903772   698.136023   
6.907776   699.088296   
6.911781   700.041148   
6.915785   700.994579   
6.919790   701.948589   
6.923794   702.903179   
6.927799   703.858347   
6.931803   704.814095   
6.935808   705.770421   
6.939812   706.727326   
6.943817   707.684810   
6.947821   708.642873   
6.951826   709.601514   
6.955831   710.560733   
6.959835   711.520531   
6.963840   712.480907   
6.967844   713.441862   
6.971849   714.403394   
6.975853   715.365504   
6.979858   716.328193   
6.983862   717.291459   
6.987867   718.255303   
6.991871   719.219724   
6.995876   720.184724   
6.999880   721.150300   
7.003885   722.116454   
7.007889   723.083186   
7.011894   724.050494   
7.015898   725.018380   
7.019903   725.986843   
7.023907   726.955883   
7.027912   727.925500   
7.031916   728.895694   
7.035921   729.866464   
7.039925   730.837811   
7.043930   731.809735   
7.047934   732.782235   
7.051939   733.755312   
7.055943   734.728965   
7.059948   735.703194   
7.063952   736.678000   
7.067957   737.653381   
7.071961   738.629338   
7.075966   739.605872   
7.079970   740.582981   
7.083975   741.560666   
7.087979   742.538927   
7.091984   743.517763   
7.095988   744.497175   
7.099993   745.477162   
7.103997   746.457725   
7.108002   747.438863   
7.112006   748.420576   
7.116011   749.402864   
7.120015   750.385728   
7.124020   751.369166   
7.128024   752.353179   
7.132029   753.337767   
7.136033   754.322930   
7.140038   755.308667   
7.144042   756.294979   
7.148047   757.281865   
7.152051   758.269326   
7.156056   759.257361   
7.160060   760.245970   
7.164065   761.235154   
7.168069   762.224911   
7.172074   763.215243   
7.176078   764.206148   
7.180083   765.197627   
7.184087   766.189681   
7.188092   767.182307   
7.192096   768.175508   
7.196101   769.169282   
7.200105   770.163629   
7.204110   771.158550   
7.208115   772.154044   
7.212119   773.150112   
7.216124   774.146752   
7.220128   775.143966   
7.224133   776.141752   
7.228137   777.140112   
7.232142   778.139044   
7.236146   779.138549   
7.240151   780.138627   
7.244155   781.139277   
7.248160   782.140500   
7.252164   783.142296   
7.256169   784.144664   
7.260173   785.147604   
7.264178   786.151116   
7.268182   787.155201   
7.272187   788.159858   
7.276191   789.165086   
7.280196   790.170887   
7.284200   791.177259   
7.288205   792.184204   
7.292209   793.191720   
7.296214   794.199807   
7.300218   795.208467   
7.304223   796.217697   
7.308227   797.227499   
7.312232   798.237873   
7.316236   799.248818   
7.320241   800.260333   
7.324245   801.272421   
7.328250   802.285079   
7.332254   803.298308   
7.336259   804.312108   
7.340263   805.326479   
7.344268   806.341420   
7.348272   807.356932   
7.352277   808.373015   
7.356281   809.389669   
7.360286   810.406893   
7.364290   811.424687   
7.368295   812.443052   
7.372299   813.461986   
7.376304   814.481492   
7.380308   815.501567   
7.384313   816.522212   
7.388317   817.543427   
7.392322   818.565212   
7.396326   819.587567   
7.400331   820.610492   
7.404335   821.633986   
7.408340   822.658050   
7.412344   823.682683   
7.416349   824.707886   
7.420353   825.733659   
7.424358   826.760000   
7.428362   827.786911   
7.432367   828.814391   
7.436371   829.842440   
7.440376   830.871059   
7.444380   831.900246   
7.448385   832.930002   
7.452390   833.960327   
7.456394   834.991221   
7.460399   836.022683   
7.464403   837.054714   
7.468408   838.087314   
7.472412   839.120482   
7.476417   840.154219   
7.480421   841.188523   
7.484426   842.223397   
7.488430   843.258838   
7.492435   844.294848   
7.496439   845.331425   
7.500444   846.368571   
7.504448   847.406284   
7.508453   848.444566   
7.512457   849.483415   
7.516462   850.522832   
7.520466   851.562817   
7.524471   852.603369   
7.528475   853.644489   
7.532480   854.686176   
7.536484   855.728431   
7.540489   856.771253   
7.544493   857.814642   
7.548498   858.858599   
7.552502   859.903122   
7.556507   860.948213   
7.560511   861.993871   
7.564516   863.040095   
7.568520   864.086887   
7.572525   865.134245   
7.576529   866.182170   
7.580534   867.230662   
7.584538   868.279720   
7.588543   869.329345   
7.592547   870.379536   
7.596552   871.430294   
7.600556   872.481618   
7.604561   873.533508   
7.608565   874.585965   
7.612570   875.638987   
7.616574   876.692576   
7.620579   877.746731   
7.624583   878.801452   
7.628588   879.856738   
7.632592   880.912591   
7.636597   881.969009   
7.640601   883.025993   
7.644606   884.083543   
7.648610   885.141658   
7.652615   886.200338   
7.656619   887.259584   
7.660624   888.319396   
7.664628   889.379772   
7.668633   890.440714   
7.672637   891.502222   
7.676642   892.564294   
7.680646   893.626931   
7.684651   894.690133   
7.688655   895.753901   
7.692660   896.818233   
7.696664   897.883130   
7.700669   898.948591   
7.704674   900.014618   
7.708678   901.081209   
7.712683   902.148364   
7.716687   903.216084   
7.720692   904.284369   
7.724696   905.353217   
7.728701   906.422631   
7.732705   907.492608   
7.736710   908.563150   
7.740714   909.634255   
7.744719   910.705925   
7.748723   911.778159   
7.752728   912.850956   
7.756732   913.924318   
7.760737   914.998243   
7.764741   916.072732   
7.768746   917.147785   
7.772750   918.223402   
7.776755   919.299582   
7.780759   920.376325   
7.784764   921.453632   
7.788768   922.531502   
7.792773   923.609936   
7.796777   924.688933   
7.800782   925.768493   
7.804786   926.848616   
7.808791   927.929303   
7.812795   929.010552   
7.816800   930.092365   
7.820804   931.174740   
7.824809   932.257678   
7.828813   933.341179   
7.832818   934.425243   
7.836822   935.509869   
7.840827   936.595058   
7.844831   937.680810   
7.848836   938.767124   
7.852840   939.854000   
7.856845   940.941439   
7.860849   942.029440   
7.864854   943.118003   
7.868858   944.207129   
7.872863   945.296817   
7.876867   946.387067   
7.880872   947.477879   
7.884876   948.569252   
7.888881   949.661188   
7.892885   950.753686   
7.896890   951.846745   
7.900894   952.940366   
7.904899   954.034549   
7.908903   955.129294   
7.912908   956.224600   
7.916912   957.320467   
7.920917   958.416896   
7.924921   959.513886   
7.928926   960.611438   
7.932930   961.709551   
7.936935   962.808225   
7.940939   963.907461   
7.944944   965.007257   
7.948949   966.107615   
7.952953   967.208533   
7.956958   968.310013   
7.960962   969.412053   
7.964967   970.514654   
7.968971   971.617816   
7.972976   972.721539   
7.976980   973.825822   
7.980985   974.930666   
7.984989   976.036071   
7.988994   977.142036   
7.992998   978.248561   
7.997003   979.355647   
8.001007   980.463293   
8.005012   981.571500   
