0.008009    0.000072 
0.012014    -0.000180 
0.016018    -0.000460 
0.020023    -0.000759 
0.024027    -0.001069 
0.028032    -0.001385 
0.032036    -0.001703 
0.036041    -0.002022 
0.040045    -0.002339 
0.044050    -0.002653 
0.048054    -0.002965 
0.052059    -0.003272 
0.056063    -0.003575 
0.060068    -0.003873 
0.064072    -0.004167 
0.068077    -0.004455 
0.072081    -0.004738 
0.076086    -0.005015 
0.080090    -0.005287 
0.084095    -0.005553 
0.088099    -0.005813 
0.092104    -0.006068 
0.096108    -0.006317 
0.100113    -0.006560 
0.104117    -0.006797 
0.108122    -0.007029 
0.112126    -0.007255 
0.116131    -0.007475 
0.120135    -0.007689 
0.124140    -0.007898 
0.128144    -0.008101 
0.132149    -0.008299 
0.136153    -0.008491 
0.140158    -0.008677 
0.144162    -0.008858 
0.148167    -0.009033 
0.152171    -0.009203 
0.156176    -0.009368 
0.160180    -0.009528 
0.164185    -0.009682 
0.168189    -0.009831 
0.172194    -0.009974 
0.176198    -0.010113 
0.180203    -0.010246 
0.184207    -0.010375 
0.188212    -0.010498 
0.192216    -0.010617 
0.196221    -0.010731 
0.200225    -0.010839 
0.204230    -0.010943 
0.208234    -0.011043 
0.212239    -0.011137 
0.216243    -0.011227 
0.220248    -0.011312 
0.224252    -0.011393 
0.228257    -0.011469 
0.232261    -0.011541 
0.236266    -0.011608 
0.240270    -0.011671 
0.244275    -0.011729 
0.248279    -0.011783 
0.252284    -0.011833 
0.256289    -0.011879 
0.260293    -0.011920 
0.264298    -0.011957 
0.268302    -0.011990 
0.272307    -0.012019 
0.276311    -0.012044 
0.280316    -0.012065 
0.284320    -0.012082 
0.288325    -0.012095 
0.292329    -0.012104 
0.296334    -0.012109 
0.300338    -0.012111 
0.304343    -0.012108 
0.308347    -0.012102 
0.312352    -0.012092 
0.316356    -0.012079 
0.320361    -0.012061 
0.324365    -0.012040 
0.328370    -0.012016 
0.332374    -0.011987 
0.336379    -0.011956 
0.340383    -0.011920 
0.344388    -0.011882 
0.348392    -0.011839 
0.352397    -0.011794 
0.356401    -0.011745 
0.360406    -0.011692 
0.364410    -0.011636 
0.368415    -0.011577 
0.372419    -0.011515 
0.376424    -0.011449 
0.380428    -0.011380 
0.384433    -0.011308 
0.388437    -0.011232 
0.392442    -0.011153 
0.396446    -0.011071 
0.400451    -0.010986 
0.404455    -0.010898 
0.408460    -0.010807 
0.412464    -0.010713 
0.416469    -0.010615 
0.420473    -0.010515 
0.424478    -0.010411 
0.428482    -0.010305 
0.432487    -0.010195 
0.436491    -0.010083 
0.440496    -0.009967 
0.444500    -0.009849 
0.448505    -0.009728 
0.452509    -0.009604 
0.456514    -0.009477 
0.460518    -0.009347 
0.464523    -0.009214 
0.468527    -0.009078 
0.472532    -0.008940 
0.476536    -0.008799 
0.480541    -0.008655 
0.484545    -0.008508 
0.488550    -0.008358 
0.492554    -0.008206 
0.496559    -0.008051 
0.500564    -0.007893 
0.504568    -0.007732 
0.508573    -0.007569 
0.512577    -0.007403 
0.516582    -0.007234 
0.520586    -0.007063 
0.524591    -0.006889 
0.528595    -0.006712 
0.532600    -0.006533 
0.536604    -0.006351 
0.540609    -0.006166 
0.544613    -0.005979 
0.548618    -0.005789 
0.552622    -0.005597 
0.556627    -0.005402 
0.560631    -0.005204 
0.564636    -0.005004 
0.568640    -0.004801 
0.572645    -0.004596 
0.576649    -0.004388 
0.580654    -0.004177 
0.584658    -0.003964 
0.588663    -0.003749 
0.592667    -0.003531 
0.596672    -0.003310 
0.600676    -0.003087 
0.604681    -0.002861 
0.608685    -0.002632 
0.612690    -0.002402 
0.616694    -0.002168 
0.620699    -0.001932 
0.624703    -0.001694 
0.628708    -0.001453 
0.632712    -0.001209 
0.636717    -0.000963 
0.640721    -0.000715 
0.644726    -0.000464 
0.648730    -0.000210 
0.652735    0.000046 
0.656739    0.000305 
0.660744    0.000566 
0.664748    0.000830 
0.668753    0.001096 
0.672757    0.001365 
0.676762    0.001636 
0.680766    0.001910 
0.684771    0.002186 
0.688775    0.002465 
0.692780    0.002747 
0.696784    0.003031 
0.700789    0.003317 
0.704793    0.003606 
0.708798    0.003898 
0.712802    0.004192 
0.716807    0.004489 
0.720811    0.004789 
0.724816    0.005091 
0.728820    0.005395 
0.732825    0.005702 
0.736829    0.006012 
0.740834    0.006324 
0.744838    0.006639 
0.748843    0.006957 
0.752848    0.007277 
0.756852    0.007600 
0.760857    0.007926 
0.764861    0.008254 
0.768866    0.008585 
0.772870    0.008918 
0.776875    0.009254 
0.780879    0.009593 
0.784884    0.009935 
0.788888    0.010279 
0.792893    0.010626 
0.796897    0.010976 
0.800902    0.011329 
0.804906    0.011684 
0.808911    0.012042 
0.812915    0.012403 
0.816920    0.012766 
0.820924    0.013133 
0.824929    0.013502 
0.828933    0.013874 
0.832938    0.014249 
0.836942    0.014627 
0.840947    0.015007 
0.844951    0.015391 
0.848956    0.015777 
0.852960    0.016167 
0.856965    0.016559 
0.860969    0.016954 
0.864974    0.017352 
0.868978    0.017753 
0.872983    0.018157 
0.876987    0.018564 
0.880992    0.018975 
0.884996    0.019388 
0.889001    0.019804 
0.893005    0.020223 
0.897010    0.020646 
0.901014    0.021071 
0.905019    0.021500 
0.909023    0.021931 
0.913028    0.022366 
0.917032    0.022804 
0.921037    0.023246 
0.925041    0.023690 
0.929046    0.024138 
0.933050    0.024589 
0.937055    0.025043 
0.941059    0.025500 
0.945064    0.025961 
0.949068    0.026425 
0.953073    0.026893 
0.957077    0.027363 
0.961082    0.027838 
0.965086    0.028315 
0.969091    0.028796 
0.973095    0.029281 
0.977100    0.029769 
0.981104    0.030260 
0.985109    0.030755 
0.989113    0.031254 
0.993118    0.031756 
0.997123    0.032261 
1.001127    0.032770 
1.005132    0.033283 
1.009136    0.033799 
1.013141    0.034320 
1.017145    0.034843 
1.021150    0.035371 
1.025154    0.035902 
1.029159    0.036437 
1.033163    0.036975 
1.037168    0.037518 
1.041172    0.038062 
1.045177    0.038522 
1.049181    0.038875 
1.053186    0.039222 
1.057190    0.039568 
1.061195    0.039913 
1.065199    0.040258 
1.069204    0.040602 
1.073208    0.040946 
1.077213    0.041290 
1.081217    0.041633 
1.085222    0.041975 
1.089226    0.042317 
1.093231    0.042658 
1.097235    0.042999 
1.101240    0.043339 
1.105244    0.043679 
1.109249    0.044019 
1.113253    0.044358 
1.117258    0.044696 
1.121262    0.045034 
1.125267    0.045371 
1.129271    0.045708 
1.133276    0.046045 
1.137280    0.046381 
1.141285    0.046716 
1.145289    0.047052 
1.149294    0.047386 
1.153298    0.047720 
1.157303    0.048054 
1.161307    0.048388 
1.165312    0.048721 
1.169316    0.049053 
1.173321    0.049386 
1.177325    0.049717 
1.181330    0.050049 
1.185334    0.050380 
1.189339    0.050711 
1.193343    0.051042 
1.197348    0.051372 
1.201352    0.051702 
1.205357    0.052032 
1.209361    0.052361 
1.213366    0.052690 
1.217370    0.053020 
1.221375    0.053348 
1.225379    0.053677 
1.229384    0.054006 
1.233388    0.054334 
1.237393    0.054663 
1.241397    0.054991 
1.245402    0.055320 
1.249407    0.055648 
1.253411    0.055977 
1.257416    0.056305 
1.261420    0.056634 
1.265425    0.056962 
1.269429    0.057291 
1.273434    0.057620 
1.277438    0.057950 
1.281443    0.058279 
1.285447    0.058609 
1.289452    0.058939 
1.293456    0.059270 
1.297461    0.059601 
1.301465    0.059933 
1.305470    0.060265 
1.309474    0.060597 
1.313479    0.060931 
1.317483    0.061265 
1.321488    0.061599 
1.325492    0.061935 
1.329497    0.062271 
1.333501    0.062608 
1.337506    0.062946 
1.341510    0.063285 
1.345515    0.063625 
1.349519    0.063966 
1.353524    0.064308 
1.357528    0.064652 
1.361533    0.064996 
1.365537    0.065343 
1.369542    0.065690 
1.373546    0.066039 
1.377551    0.066390 
1.381555    0.066742 
1.385560    0.067096 
1.389564    0.067452 
1.393569    0.067809 
1.397573    0.068169 
1.401578    0.068530 
1.405582    0.068894 
1.409587    0.069260 
1.413591    0.069628 
1.417596    0.069999 
1.421600    0.070372 
1.425605    0.070747 
1.429609    0.071125 
1.433614    0.071506 
1.437618    0.071890 
1.441623    0.072277 
1.445627    0.072667 
1.449632    0.073059 
1.453636    0.073456 
1.457641    0.073855 
1.461645    0.074258 
1.465650    0.074665 
1.469654    0.075075 
1.473659    0.075489 
1.477663    0.075907 
1.481668    0.076329 
1.485672    0.076755 
1.489677    0.077186 
1.493682    0.077621 
1.497686    0.078060 
1.501691    0.078504 
1.505695    0.078953 
1.509700    0.079407 
1.513704    0.079866 
1.517709    0.080330 
1.521713    0.080800 
1.525718    0.081275 
1.529722    0.081755 
1.533727    0.082242 
1.537731    0.082734 
1.541736    0.083232 
1.545740    0.083737 
1.549745    0.084248 
1.553749    0.084766 
1.557754    0.085290 
1.561758    0.085821 
1.565763    0.086359 
1.569767    0.086904 
1.573772    0.087456 
1.577776    0.088016 
1.581781    0.088584 
1.585785    0.089159 
1.589790    0.089743 
1.593794    0.090334 
1.597799    0.090934 
1.601803    0.091542 
1.605808    0.092159 
1.609812    0.092785 
1.613817    0.093419 
1.617821    0.094063 
1.621826    0.094716 
1.625830    0.095379 
1.629835    0.096051 
1.633839    0.096733 
1.637844    0.097425 
1.641848    0.098127 
1.645853    0.098840 
1.649857    0.099563 
1.653862    0.100297 
1.657866    0.101041 
1.661871    0.101797 
1.665875    0.102564 
1.669880    0.103342 
1.673884    0.104132 
1.677889    0.104934 
1.681893    0.105747 
1.685898    0.106573 
1.689902    0.107411 
1.693907    0.108261 
1.697911    0.109123 
1.701916    0.109999 
1.705920    0.110887 
1.709925    0.111788 
1.713929    0.112703 
1.717934    0.113630 
1.721938    0.114571 
1.725943    0.115526 
1.729947    0.116495 
1.733952    0.117477 
1.737956    0.118474 
1.741961    0.119484 
1.745966    0.120509 
1.749970    0.121548 
1.753975    0.122602 
1.757979    0.123671 
1.761984    0.124754 
1.765988    0.125852 
1.769993    0.126965 
1.773997    0.128093 
1.778002    0.129237 
1.782006    0.130395 
1.786011    0.131569 
1.790015    0.132758 
1.794020    0.133963 
1.798024    0.135184 
1.802029    0.136420 
1.806033    0.137671 
1.810038    0.138939 
1.814042    0.140222 
1.818047    0.141521 
1.822051    0.142836 
1.826056    0.144167 
1.830060    0.145514 
1.834065    0.146877 
1.838069    0.148255 
1.842074    0.149650 
1.846078    0.151061 
1.850083    0.152487 
1.854087    0.153929 
1.858092    0.155388 
1.862096    0.156862 
1.866101    0.158352 
1.870105    0.159858 
1.874110    0.161379 
1.878114    0.162916 
1.882119    0.164469 
1.886123    0.166037 
1.890128    0.167621 
1.894132    0.169220 
1.898137    0.170834 
1.902141    0.172464 
1.906146    0.174108 
1.910150    0.175768 
1.914155    0.177442 
1.918159    0.179132 
1.922164    0.180835 
1.926168    0.182553 
1.930173    0.184286 
1.934177    0.186032 
1.938182    0.187793 
1.942186    0.189567 
1.946191    0.191355 
1.950195    0.193157 
1.954200    0.194972 
1.958204    0.196800 
1.962209    0.198641 
1.966213    0.200494 
1.970218    0.202361 
1.974222    0.204239 
1.978227    0.206130 
1.982231    0.208032 
1.986236    0.209946 
1.990241    0.211872 
1.994245    0.213808 
1.998250    0.215756 
2.002254    0.217715 
2.006259    0.219684 
2.010263    0.221663 
2.014268    0.223652 
2.018272    0.225651 
2.022277    0.227660 
2.026281    0.229678 
2.030286    0.231699 
2.034290    0.233387 
2.038295    0.234534 
2.042299    0.235633 
2.046304    0.236734 
2.050308    0.237835 
2.054313    0.238937 
2.058317    0.240040 
2.062322    0.241144 
2.066326    0.242249 
2.070331    0.243354 
2.074335    0.244461 
2.078340    0.245568 
2.082344    0.246677 
2.086349    0.247786 
2.090353    0.248897 
2.094358    0.250009 
2.098362    0.251121 
2.102367    0.252235 
2.106371    0.253350 
2.110376    0.254466 
2.114380    0.255583 
2.118385    0.256702 
2.122389    0.257822 
2.126394    0.258943 
2.130398    0.260065 
2.134403    0.261189 
2.138407    0.262314 
2.142412    0.263441 
2.146416    0.264569 
2.150421    0.265699 
2.154425    0.266830 
2.158430    0.267962 
2.162434    0.269097 
2.166439    0.270233 
2.170443    0.271370 
2.174448    0.272510 
2.178452    0.273651 
2.182457    0.274794 
2.186461    0.275938 
2.190466    0.277085 
2.194470    0.278234 
2.198475    0.279384 
2.202479    0.280537 
2.206484    0.281692 
2.210488    0.282848 
2.214493    0.284007 
2.218497    0.285169 
2.222502    0.286332 
2.226506    0.287498 
2.230511    0.288665 
2.234515    0.289836 
2.238520    0.291009 
2.242525    0.292184 
2.246529    0.293361 
2.250534    0.294541 
2.254538    0.295724 
2.258543    0.296910 
2.262547    0.298098 
2.266552    0.299288 
2.270556    0.300482 
2.274561    0.301678 
2.278565    0.302877 
2.282570    0.304079 
2.286574    0.305283 
2.290579    0.306491 
2.294583    0.307702 
2.298588    0.308915 
2.302592    0.310132 
2.306597    0.311351 
2.310601    0.312574 
2.314606    0.313800 
2.318610    0.315029 
2.322615    0.316261 
2.326619    0.317496 
2.330624    0.318734 
2.334628    0.319976 
2.338633    0.321221 
2.342637    0.322469 
2.346642    0.323720 
2.350646    0.324975 
2.354651    0.326233 
2.358655    0.327495 
2.362660    0.328759 
2.366664    0.330028 
2.370669    0.331299 
2.374673    0.332574 
2.378678    0.333852 
2.382682    0.335134 
2.386687    0.336418 
2.390691    0.337707 
2.394696    0.338998 
2.398700    0.340293 
2.402705    0.341592 
2.406709    0.342893 
2.410714    0.344198 
2.414718    0.345507 
2.418723    0.346818 
2.422727    0.348133 
2.426732    0.349451 
2.430736    0.350773 
2.434741    0.352098 
2.438745    0.353425 
2.442750    0.354756 
2.446754    0.356091 
2.450759    0.357428 
2.454763    0.358768 
2.458768    0.360111 
2.462772    0.361458 
2.466777    0.362807 
2.470781    0.364159 
2.474786    0.365515 
2.478790    0.366873 
2.482795    0.368233 
2.486800    0.369597 
2.490804    0.370963 
2.494809    0.372332 
2.498813    0.373703 
2.502818    0.375077 
2.506822    0.376454 
2.510827    0.377833 
2.514831    0.379214 
2.518836    0.380598 
2.522840    0.381984 
2.526845    0.383372 
2.530849    0.384762 
2.534854    0.386154 
2.538858    0.387549 
2.542863    0.388945 
2.546867    0.390343 
2.550872    0.391743 
2.554876    0.393144 
2.558881    0.394548 
2.562885    0.395953 
2.566890    0.397359 
2.570894    0.398767 
2.574899    0.400176 
2.578903    0.401587 
2.582908    0.402999 
2.586912    0.404412 
2.590917    0.405826 
2.594921    0.407241 
2.598926    0.408657 
2.602930    0.410074 
2.606935    0.411492 
2.610939    0.412910 
2.614944    0.414330 
2.618948    0.415749 
2.622953    0.417170 
2.626957    0.418590 
2.630962    0.420011 
2.634966    0.421432 
2.638971    0.422854 
2.642975    0.424276 
2.646980    0.425697 
2.650984    0.427119 
2.654989    0.428540 
2.658993    0.429962 
2.662998    0.431383 
2.667002    0.432804 
2.671007    0.434224 
2.675011    0.435644 
2.679016    0.437064 
2.683020    0.438483 
2.687025    0.439901 
2.691029    0.441318 
2.695034    0.442735 
2.699038    0.444151 
2.703043    0.445566 
2.707047    0.446980 
2.711052    0.448393 
2.715056    0.449804 
2.719061    0.451215 
2.723065    0.452624 
2.727070    0.454032 
2.731074    0.455438 
2.735079    0.456843 
2.739084    0.458247 
2.743088    0.459649 
2.747093    0.461049 
2.751097    0.462448 
2.755102    0.463845 
2.759106    0.465240 
2.763111    0.466633 
2.767115    0.468024 
2.771120    0.469414 
2.775124    0.470801 
2.779129    0.472186 
2.783133    0.473569 
2.787138    0.474950 
2.791142    0.476329 
2.795147    0.477705 
2.799151    0.479079 
2.803156    0.480450 
2.807160    0.481819 
2.811165    0.483186 
2.815169    0.484550 
2.819174    0.485911 
2.823178    0.487270 
2.827183    0.488626 
2.831187    0.489980 
2.835192    0.491330 
2.839196    0.492678 
2.843201    0.494023 
2.847205    0.495365 
2.851210    0.496704 
2.855214    0.498040 
2.859219    0.499374 
2.863223    0.500704 
2.867228    0.502031 
2.871232    0.503354 
2.875237    0.504675 
2.879241    0.505992 
2.883246    0.507306 
2.887250    0.508617 
2.891255    0.509925 
2.895259    0.511229 
2.899264    0.512530 
2.903268    0.513827 
2.907273    0.515121 
2.911277    0.516412 
2.915282    0.517698 
2.919286    0.518982 
2.923291    0.520262 
2.927295    0.521538 
2.931300    0.522810 
2.935304    0.524079 
2.939309    0.525344 
2.943313    0.526606 
2.947318    0.527864 
2.951322    0.529118 
2.955327    0.530368 
2.959331    0.531614 
2.963336    0.532856 
2.967340    0.534095 
2.971345    0.535330 
2.975349    0.536561 
2.979354    0.537787 
2.983359    0.539010 
2.987363    0.540229 
2.991368    0.541444 
2.995372    0.542655 
2.999377    0.543862 
3.003381    0.545065 
3.007386    0.546263 
3.011390    0.547458 
3.015395    0.548648 
3.019399    0.549835 
3.023404    0.551017 
3.027408    0.552195 
3.031413    0.553369 
3.035417    0.554538 
3.039422    0.555704 
3.043426    0.556865 
3.047431    0.558022 
3.051435    0.559175 
3.055440    0.560323 
3.059444    0.561468 
3.063449    0.562608 
3.067453    0.563743 
3.071458    0.564874 
3.075462    0.566002 
3.079467    0.567124 
3.083471    0.568243 
3.087476    0.569357 
3.091480    0.570466 
3.095485    0.571572 
3.099489    0.572673 
3.103494    0.573769 
3.107498    0.574861 
3.111503    0.575949 
3.115507    0.577033 
3.119512    0.578112 
3.123516    0.579186 
3.127521    0.580257 
3.131525    0.581322 
3.135530    0.582384 
3.139534    0.583441 
3.143539    0.584494 
3.147543    0.585542 
3.151548    0.586586 
3.155552    0.587625 
3.159557    0.588660 
3.163561    0.589691 
3.167566    0.590717 
3.171570    0.591738 
3.175575    0.592756 
3.179579    0.593769 
3.183584    0.594777 
3.187588    0.595781 
3.191593    0.596781 
3.195597    0.597776 
3.199602    0.598767 
3.203606    0.599754 
3.207611    0.600736 
3.211615    0.601714 
3.215620    0.602687 
3.219624    0.603656 
3.223629    0.604621 
3.227633    0.605581 
3.231638    0.606537 
3.235643    0.607488 
3.239647    0.608436 
3.243652    0.609378 
3.247656    0.610317 
3.251661    0.611251 
3.255665    0.612181 
3.259670    0.613107 
3.263674    0.614028 
3.267679    0.614945 
3.271683    0.615858 
3.275688    0.616766 
3.279692    0.617671 
3.283697    0.618571 
3.287701    0.619466 
3.291706    0.620358 
3.295710    0.621245 
3.299715    0.622128 
3.303719    0.623007 
3.307724    0.623882 
3.311728    0.624753 
3.315733    0.625619 
3.319737    0.626481 
3.323742    0.627339 
3.327746    0.628193 
3.331751    0.629043 
3.335755    0.629889 
3.339760    0.630731 
3.343764    0.631568 
3.347769    0.632402 
3.351773    0.633231 
3.355778    0.634057 
3.359782    0.634878 
3.363787    0.635696 
3.367791    0.636509 
3.371796    0.637319 
3.375800    0.638125 
3.379805    0.638926 
3.383809    0.639724 
3.387814    0.640518 
3.391818    0.641308 
3.395823    0.642094 
3.399827    0.642876 
3.403832    0.643654 
3.407836    0.644428 
3.411841    0.645199 
3.415845    0.645966 
3.419850    0.646729 
3.423854    0.647488 
3.427859    0.648243 
3.431863    0.648995 
3.435868    0.649743 
3.439872    0.650488 
3.443877    0.651228 
3.447881    0.651965 
3.451886    0.652698 
3.455890    0.653428 
3.459895    0.654154 
3.463899    0.654876 
3.467904    0.655595 
3.471908    0.656310 
3.475913    0.657022 
3.479918    0.657730 
3.483922    0.658434 
3.487927    0.659135 
3.491931    0.659833 
3.495936    0.660527 
3.499940    0.661218 
3.503945    0.661905 
3.507949    0.662588 
3.511954    0.663269 
3.515958    0.663946 
3.519963    0.664619 
3.523967    0.665289 
3.527972    0.665956 
3.531976    0.666620 
3.535981    0.667280 
3.539985    0.667937 
3.543990    0.668590 
3.547994    0.669241 
3.551999    0.669888 
3.556003    0.670532 
3.560008    0.671172 
3.564012    0.671810 
3.568017    0.672444 
3.572021    0.673075 
3.576026    0.673703 
3.580030    0.674328 
3.584035    0.674950 
3.588039    0.675568 
3.592044    0.676184 
3.596048    0.676796 
3.600053    0.677406 
3.604057    0.678012 
3.608062    0.678616 
3.612066    0.679216 
3.616071    0.679814 
3.620075    0.680408 
3.624080    0.681000 
3.628084    0.681589 
3.632089    0.682174 
3.636093    0.682757 
3.640098    0.683337 
3.644102    0.683914 
3.648107    0.684488 
3.652111    0.685060 
3.656116    0.685628 
3.660120    0.686194 
3.664125    0.686757 
3.668129    0.687318 
3.672134    0.687875 
3.676138    0.688430 
3.680143    0.688982 
3.684147    0.689531 
3.688152    0.690078 
3.692156    0.690622 
3.696161    0.691163 
3.700165    0.691702 
3.704170    0.692238 
3.708174    0.692771 
3.712179    0.693302 
3.716183    0.693831 
3.720188    0.694356 
3.724192    0.694879 
3.728197    0.695400 
3.732202    0.695918 
3.736206    0.696434 
3.740211    0.696947 
3.744215    0.697458 
3.748220    0.697966 
3.752224    0.698471 
3.756229    0.698975 
3.760233    0.699476 
3.764238    0.699974 
3.768242    0.700470 
3.772247    0.700964 
3.776251    0.701455 
3.780256    0.701944 
3.784260    0.702431 
3.788265    0.702915 
3.792269    0.703397 
3.796274    0.703877 
3.800278    0.704354 
3.804283    0.704830 
3.808287    0.705303 
3.812292    0.705773 
3.816296    0.706242 
3.820301    0.706708 
3.824305    0.707172 
3.828310    0.707634 
3.832314    0.708094 
3.836319    0.708551 
3.840323    0.709007 
3.844328    0.709460 
3.848332    0.709911 
3.852337    0.710360 
3.856341    0.710807 
3.860346    0.711252 
3.864350    0.711695 
3.868355    0.712136 
3.872359    0.712574 
3.876364    0.713011 
3.880368    0.713446 
3.884373    0.713878 
3.888377    0.714309 
3.892382    0.714738 
3.896386    0.715164 
3.900391    0.715589 
3.904395    0.716012 
3.908400    0.716433 
3.912404    0.716852 
3.916409    0.717269 
3.920413    0.717684 
3.924418    0.718097 
3.928422    0.718508 
3.932427    0.718918 
3.936431    0.719326 
3.940436    0.719731 
3.944440    0.720135 
3.948445    0.720537 
3.952449    0.720938 
3.956454    0.721336 
3.960458    0.721733 
3.964463    0.722128 
3.968467    0.722521 
3.972472    0.722913 
3.976477    0.723302 
3.980481    0.723690 
3.984486    0.724077 
3.988490    0.724461 
3.992495    0.724844 
3.996499    0.725225 
4.000504    0.725604 
4.004508    0.725982 
4.008513    0.726358 
4.012517    0.726733 
4.016522    0.727106 
4.020526    0.727477 
4.024531    0.727846 
4.028535    0.728214 
4.032540    0.728581 
4.036544    0.728945 
4.040549    0.729308 
4.044553    0.729670 
4.048558    0.730030 
4.052562    0.730388 
4.056567    0.730745 
4.060571    0.731101 
4.064576    0.731455 
4.068580    0.731807 
4.072585    0.732158 
4.076589    0.732507 
4.080594    0.732855 
4.084598    0.733201 
4.088603    0.733546 
4.092607    0.733889 
4.096612    0.734231 
4.100616    0.734572 
4.104621    0.734911 
4.108625    0.735248 
4.112630    0.735585 
4.116634    0.735919 
4.120639    0.736253 
4.124643    0.736585 
4.128648    0.736915 
4.132652    0.737245 
4.136657    0.737572 
4.140661    0.737899 
4.144666    0.738224 
4.148670    0.738548 
4.152675    0.738870 
4.156679    0.739191 
4.160684    0.739511 
4.164688    0.739829 
4.168693    0.740146 
4.172697    0.740462 
4.176702    0.740777 
4.180706    0.741090 
4.184711    0.741402 
4.188715    0.741713 
4.192720    0.742022 
4.196724    0.742330 
4.200729    0.742637 
4.204733    0.742943 
4.208738    0.743247 
4.212742    0.743551 
4.216747    0.743853 
4.220751    0.744153 
4.224756    0.744453 
4.228761    0.744751 
4.232765    0.745048 
4.236770    0.745344 
4.240774    0.745639 
4.244779    0.745933 
4.248783    0.746225 
4.252788    0.746517 
4.256792    0.746807 
4.260797    0.747096 
4.264801    0.747384 
4.268806    0.747671 
4.272810    0.747956 
4.276815    0.748241 
4.280819    0.748524 
4.284824    0.748806 
4.288828    0.749088 
4.292833    0.749368 
4.296837    0.749647 
4.300842    0.749925 
4.304846    0.750202 
4.308851    0.750477 
4.312855    0.750752 
4.316860    0.751026 
4.320864    0.751298 
4.324869    0.751570 
4.328873    0.751840 
4.332878    0.752110 
4.336882    0.752378 
4.340887    0.752646 
4.344891    0.752912 
4.348896    0.753178 
4.352900    0.753442 
4.356905    0.753706 
4.360909    0.753968 
4.364914    0.754230 
4.368918    0.754490 
4.372923    0.754749 
4.376927    0.755008 
4.380932    0.755266 
4.384936    0.755522 
4.388941    0.755778 
4.392945    0.756032 
4.396950    0.756286 
4.400954    0.756539 
4.404959    0.756791 
4.408963    0.757042 
4.412968    0.757292 
4.416972    0.757541 
4.420977    0.757789 
4.424981    0.758036 
4.428986    0.758283 
4.432990    0.758528 
4.436995    0.758773 
4.440999    0.759017 
4.445004    0.759259 
4.449008    0.759501 
4.453013    0.759742 
4.457017    0.759983 
4.461022    0.760222 
4.465026    0.760460 
4.469031    0.760698 
4.473036    0.760935 
4.477040    0.761171 
4.481045    0.761406 
4.485049    0.761640 
4.489054    0.761874 
4.493058    0.762106 
4.497063    0.762338 
4.501067    0.762569 
4.505072    0.762799 
4.509076    0.763028 
4.513081    0.763257 
4.517085    0.763485 
4.521090    0.763712 
4.525094    0.763938 
4.529099    0.764163 
4.533103    0.764388 
4.537108    0.764611 
4.541112    0.764834 
4.545117    0.765057 
4.549121    0.765278 
4.553126    0.765499 
4.557130    0.765719 
4.561135    0.765938 
4.565139    0.766156 
4.569144    0.766374 
4.573148    0.766591 
4.577153    0.766807 
4.581157    0.767023 
4.585162    0.767238 
4.589166    0.767452 
4.593171    0.767665 
4.597175    0.767877 
4.601180    0.768089 
4.605184    0.768300 
4.609189    0.768511 
4.613193    0.768721 
4.617198    0.768930 
4.621202    0.769138 
4.625207    0.769346 
4.629211    0.769553 
4.633216    0.769759 
4.637220    0.769965 
4.641225    0.770169 
4.645229    0.770374 
4.649234    0.770577 
4.653238    0.770780 
4.657243    0.770982 
4.661247    0.771184 
4.665252    0.771385 
4.669256    0.771585 
4.673261    0.771785 
4.677265    0.771984 
4.681270    0.772182 
4.685274    0.772380 
4.689279    0.772577 
4.693283    0.772773 
4.697288    0.772969 
4.701292    0.773164 
4.705297    0.773359 
4.709301    0.773552 
4.713306    0.773746 
4.717310    0.773938 
4.721315    0.774130 
4.725320    0.774322 
4.729324    0.774513 
4.733329    0.774703 
4.737333    0.774892 
4.741338    0.775081 
4.745342    0.775270 
4.749347    0.775458 
4.753351    0.775645 
4.757356    0.775832 
4.761360    0.776018 
4.765365    0.776203 
4.769369    0.776388 
4.773374    0.776572 
4.777378    0.776756 
4.781383    0.776939 
4.785387    0.777122 
4.789392    0.777304 
4.793396    0.777486 
4.797401    0.777667 
4.801405    0.777847 
4.805410    0.778027 
4.809414    0.778206 
4.813419    0.778385 
4.817423    0.778563 
4.821428    0.778741 
4.825432    0.778918 
4.829437    0.779095 
4.833441    0.779271 
4.837446    0.779446 
4.841450    0.779621 
4.845455    0.779796 
4.849459    0.779970 
4.853464    0.780143 
4.857468    0.780316 
4.861473    0.780488 
4.865477    0.780660 
4.869482    0.780832 
4.873486    0.781003 
4.877491    0.781173 
4.881495    0.781343 
4.885500    0.781512 
4.889504    0.781681 
4.893509    0.781850 
4.897513    0.782017 
4.901518    0.782185 
4.905522    0.782352 
4.909527    0.782518 
4.913531    0.782684 
4.917536    0.782849 
4.921540    0.783014 
4.925545    0.783179 
4.929549    0.783343 
4.933554    0.783507 
4.937558    0.783670 
4.941563    0.783832 
4.945567    0.783994 
4.949572    0.784156 
4.953576    0.784317 
4.957581    0.784478 
4.961585    0.784638 
4.965590    0.784798 
4.969595    0.784958 
4.973599    0.785117 
4.977604    0.785275 
4.981608    0.785433 
4.985613    0.785591 
4.989617    0.785748 
4.993622    0.785905 
4.997626    0.786061 
5.001631    0.786217 
5.005635    0.786372 
5.009640    0.786527 
5.013644    0.786682 
5.017649    0.786836 
5.021653    0.786989 
5.025658    0.787143 
5.029662    0.787296 
5.033667    0.787448 
5.037671    0.787600 
5.041676    0.787752 
5.045680    0.787903 
5.049685    0.788054 
5.053689    0.788204 
5.057694    0.788354 
5.061698    0.788503 
5.065703    0.788652 
5.069707    0.788801 
5.073712    0.788950 
5.077716    0.789097 
5.081721    0.789245 
5.085725    0.789392 
5.089730    0.789539 
5.093734    0.789685 
5.097739    0.789831 
5.101743    0.789977 
5.105748    0.790122 
5.109752    0.790267 
5.113757    0.790411 
5.117761    0.790555 
5.121766    0.790699 
5.125770    0.790842 
5.129775    0.790985 
5.133779    0.791127 
5.137784    0.791270 
5.141788    0.791411 
5.145793    0.791553 
5.149797    0.791694 
5.153802    0.791834 
5.157806    0.791975 
5.161811    0.792115 
5.165815    0.792254 
5.169820    0.792393 
5.173824    0.792532 
5.177829    0.792671 
5.181833    0.792809 
5.185838    0.792947 
5.189842    0.793084 
5.193847    0.793221 
5.197851    0.793358 
5.201856    0.793494 
5.205860    0.793630 
5.209865    0.793766 
5.213869    0.793901 
5.217874    0.794036 
5.221879    0.794171 
5.225883    0.794305 
5.229888    0.794439 
5.233892    0.794573 
5.237897    0.794706 
5.241901    0.794839 
5.245906    0.794972 
5.249910    0.795104 
5.253915    0.795236 
5.257919    0.795368 
5.261924    0.795499 
5.265928    0.795630 
5.269933    0.795761 
5.273937    0.795891 
5.277942    0.796021 
5.281946    0.796151 
5.285951    0.796280 
5.289955    0.796409 
5.293960    0.796538 
5.297964    0.796667 
5.301969    0.796795 
5.305973    0.796923 
5.309978    0.797050 
5.313982    0.797177 
5.317987    0.797304 
5.321991    0.797431 
5.325996    0.797557 
5.330000    0.797683 
5.334005    0.797809 
5.338009    0.797934 
5.342014    0.798059 
5.346018    0.798184 
5.350023    0.798309 
5.354027    0.798433 
5.358032    0.798557 
5.362036    0.798680 
5.366041    0.798804 
5.370045    0.798927 
5.374050    0.799049 
5.378054    0.799172 
5.382059    0.799294 
5.386063    0.799416 
5.390068    0.799537 
5.394072    0.799659 
5.398077    0.799780 
5.402081    0.799900 
5.406086    0.800021 
5.410090    0.800141 
5.414095    0.800261 
5.418099    0.800380 
5.422104    0.800500 
5.426108    0.800619 
5.430113    0.800738 
5.434117    0.800856 
5.438122    0.800974 
5.442126    0.801092 
5.446131    0.801210 
5.450135    0.801327 
5.454140    0.801445 
5.458144    0.801561 
5.462149    0.801678 
5.466154    0.801794 
5.470158    0.801911 
5.474163    0.802026 
5.478167    0.802142 
5.482172    0.802257 
5.486176    0.802372 
5.490181    0.802487 
5.494185    0.802602 
5.498190    0.802716 
5.502194    0.802830 
5.506199    0.802944 
5.510203    0.803057 
5.514208    0.803171 
5.518212    0.803284 
5.522217    0.803396 
5.526221    0.803509 
5.530226    0.803621 
5.534230    0.803733 
5.538235    0.803845 
5.542239    0.803956 
5.546244    0.804068 
5.550248    0.804179 
5.554253    0.804290 
5.558257    0.804400 
5.562262    0.804510 
5.566266    0.804620 
5.570271    0.804730 
5.574275    0.804840 
5.578280    0.804949 
5.582284    0.805058 
5.586289    0.805167 
5.590293    0.805276 
5.594298    0.805384 
5.598302    0.805493 
5.602307    0.805601 
5.606311    0.805708 
5.610316    0.805816 
5.614320    0.805923 
5.618325    0.806030 
5.622329    0.806137 
5.626334    0.806244 
5.630338    0.806350 
5.634343    0.806456 
5.638347    0.806562 
5.642352    0.806668 
5.646356    0.806773 
5.650361    0.806878 
5.654365    0.806983 
5.658370    0.807088 
5.662374    0.807193 
5.666379    0.807297 
5.670383    0.807401 
5.674388    0.807505 
5.678392    0.807609 
5.682397    0.807713 
5.686401    0.807816 
5.690406    0.807919 
5.694410    0.808022 
5.698415    0.808125 
5.702419    0.808227 
5.706424    0.808329 
5.710428    0.808431 
5.714433    0.808533 
5.718438    0.808635 
5.722442    0.808736 
5.726447    0.808837 
5.730451    0.808938 
5.734456    0.809039 
5.738460    0.809140 
5.742465    0.809240 
5.746469    0.809340 
5.750474    0.809440 
5.754478    0.809540 
5.758483    0.809640 
5.762487    0.809739 
5.766492    0.809838 
5.770496    0.809937 
5.774501    0.810036 
5.778505    0.810135 
5.782510    0.810233 
5.786514    0.810331 
5.790519    0.810429 
5.794523    0.810527 
5.798528    0.810625 
5.802532    0.810722 
5.806537    0.810819 
5.810541    0.810916 
5.814546    0.811013 
5.818550    0.811110 
5.822555    0.811206 
5.826559    0.811303 
5.830564    0.811399 
5.834568    0.811495 
5.838573    0.811590 
5.842577    0.811686 
5.846582    0.811781 
5.850586    0.811877 
5.854591    0.811972 
5.858595    0.812066 
5.862600    0.812161 
5.866604    0.812255 
5.870609    0.812350 
5.874613    0.812444 
5.878618    0.812538 
5.882622    0.812631 
5.886627    0.812725 
5.890631    0.812818 
5.894636    0.812912 
5.898640    0.813005 
5.902645    0.813097 
5.906649    0.813190 
5.910654    0.813283 
5.914658    0.813375 
5.918663    0.813467 
5.922667    0.813559 
5.926672    0.813651 
5.930676    0.813742 
5.934681    0.813834 
5.938685    0.813925 
5.942690    0.814016 
5.946694    0.814107 
5.950699    0.814198 
5.954703    0.814289 
5.958708    0.814379 
5.962713    0.814469 
5.966717    0.814560 
5.970722    0.814649 
5.974726    0.814739 
5.978731    0.814829 
5.982735    0.814918 
5.986740    0.815008 
5.990744    0.815097 
5.994749    0.815186 
5.998753    0.815275 
6.002758    0.815363 
6.006762    0.815452 
6.010767    0.815540 
6.014771    0.815628 
6.018776    0.815716 
6.022780    0.815804 
6.026785    0.815892 
6.030789    0.815979 
6.034794    0.816067 
6.038798    0.816154 
6.042803    0.816241 
6.046807    0.816328 
6.050812    0.816414 
6.054816    0.816501 
6.058821    0.816587 
6.062825    0.816674 
6.066830    0.816760 
6.070834    0.816846 
6.074839    0.816932 
6.078843    0.817017 
6.082848    0.817103 
6.086852    0.817188 
6.090857    0.817274 
6.094861    0.817359 
6.098866    0.817444 
6.102870    0.817528 
6.106875    0.817613 
6.110879    0.817697 
6.114884    0.817782 
6.118888    0.817866 
6.122893    0.817950 
6.126897    0.818034 
6.130902    0.818118 
6.134906    0.818201 
6.138911    0.818285 
6.142915    0.818368 
6.146920    0.818451 
6.150924    0.818534 
6.154929    0.818617 
6.158933    0.818700 
6.162938    0.818782 
6.166942    0.818865 
6.170947    0.818947 
6.174951    0.819029 
6.178956    0.819111 
6.182960    0.819193 
6.186965    0.819275 
6.190969    0.819357 
6.194974    0.819438 
6.198978    0.819520 
6.202983    0.819601 
6.206987    0.819682 
6.210992    0.819763 
6.214997    0.819844 
6.219001    0.819924 
6.223006    0.820005 
6.227010    0.820085 
6.231015    0.820166 
6.235019    0.820246 
6.239024    0.820326 
6.243028    0.820406 
6.247033    0.820485 
6.251037    0.820565 
6.255042    0.820644 
6.259046    0.820724 
6.263051    0.820803 
6.267055    0.820882 
6.271060    0.820961 
6.275064    0.821040 
6.279069    0.821119 
6.283073    0.821197 
6.287078    0.821276 
6.291082    0.821354 
6.295087    0.821432 
6.299091    0.821510 
6.303096    0.821588 
6.307100    0.821666 
6.311105    0.821744 
6.315109    0.821821 
6.319114    0.821899 
6.323118    0.821976 
6.327123    0.822053 
6.331127    0.822130 
6.335132    0.822207 
6.339136    0.822284 
6.343141    0.822361 
6.347145    0.822437 
6.351150    0.822514 
6.355154    0.822590 
6.359159    0.822666 
6.363163    0.822742 
6.367168    0.822818 
6.371172    0.822894 
6.375177    0.822970 
6.379181    0.823045 
6.383186    0.823121 
6.387190    0.823196 
6.391195    0.823271 
6.395199    0.823346 
6.399204    0.823422 
6.403208    0.823496 
6.407213    0.823571 
6.411217    0.823646 
6.415222    0.823720 
6.419226    0.823795 
6.423231    0.823869 
6.427235    0.823943 
6.431240    0.824017 
6.435244    0.824091 
6.439249    0.824165 
6.443253    0.824239 
6.447258    0.824313 
6.451262    0.824386 
6.455267    0.824459 
6.459272    0.824533 
6.463276    0.824606 
6.467281    0.824679 
6.471285    0.824752 
6.475290    0.824825 
6.479294    0.824898 
6.483299    0.824970 
6.487303    0.825043 
6.491308    0.825115 
6.495312    0.825187 
6.499317    0.825259 
6.503321    0.825332 
6.507326    0.825404 
6.511330    0.825475 
6.515335    0.825547 
6.519339    0.825619 
6.523344    0.825690 
6.527348    0.825762 
6.531353    0.825833 
6.535357    0.825904 
6.539362    0.825975 
6.543366    0.826046 
6.547371    0.826117 
6.551375    0.826188 
6.555380    0.826259 
6.559384    0.826329 
6.563389    0.826400 
6.567393    0.826470 
6.571398    0.826540 
6.575402    0.826611 
6.579407    0.826681 
6.583411    0.826751 
6.587416    0.826820 
6.591420    0.826890 
6.595425    0.826960 
6.599429    0.827029 
6.603434    0.827099 
6.607438    0.827168 
6.611443    0.827237 
6.615447    0.827307 
6.619452    0.827376 
6.623456    0.827445 
6.627461    0.827513 
6.631465    0.827582 
6.635470    0.827651 
6.639474    0.827719 
6.643479    0.827788 
6.647483    0.827856 
6.651488    0.827924 
6.655492    0.827993 
6.659497    0.828061 
6.663501    0.828129 
6.667506    0.828196 
6.671510    0.828264 
6.675515    0.828332 
6.679519    0.828399 
6.683524    0.828467 
6.687528    0.828534 
6.691533    0.828602 
6.695537    0.828669 
6.699542    0.828736 
6.703546    0.828803 
6.707551    0.828870 
6.711556    0.828937 
6.715560    0.829003 
6.719565    0.829070 
6.723569    0.829136 
6.727574    0.829203 
6.731578    0.829269 
6.735583    0.829335 
6.739587    0.829402 
6.743592    0.829468 
6.747596    0.829534 
6.751601    0.829600 
6.755605    0.829665 
6.759610    0.829731 
6.763614    0.829797 
6.767619    0.829862 
6.771623    0.829928 
6.775628    0.829993 
6.779632    0.830058 
6.783637    0.830123 
6.787641    0.830189 
6.791646    0.830253 
6.795650    0.830318 
6.799655    0.830383 
6.803659    0.830448 
6.807664    0.830513 
6.811668    0.830577 
6.815673    0.830642 
6.819677    0.830706 
6.823682    0.830770 
6.827686    0.830834 
6.831691    0.830899 
6.835695    0.830963 
6.839700    0.831026 
6.843704    0.831090 
6.847709    0.831154 
6.851713    0.831218 
6.855718    0.831281 
6.859722    0.831345 
6.863727    0.831408 
6.867731    0.831472 
6.871736    0.831535 
6.875740    0.831598 
6.879745    0.831661 
6.883749    0.831724 
6.887754    0.831787 
6.891758    0.831850 
6.895763    0.831913 
6.899767    0.831975 
6.903772    0.832038 
6.907776    0.832100 
6.911781    0.832163 
6.915785    0.832225 
6.919790    0.832287 
6.923794    0.832350 
6.927799    0.832412 
6.931803    0.832474 
6.935808    0.832536 
6.939812    0.832597 
6.943817    0.832659 
6.947821    0.832721 
6.951826    0.832783 
6.955831    0.832844 
6.959835    0.832906 
6.963840    0.832967 
6.967844    0.833028 
6.971849    0.833089 
6.975853    0.833151 
6.979858    0.833212 
6.983862    0.833273 
6.987867    0.833333 
6.991871    0.833394 
6.995876    0.833455 
6.999880    0.833516 
7.003885    0.833576 
7.007889    0.833637 
7.011894    0.833697 
7.015898    0.833758 
7.019903    0.833818 
7.023907    0.833878 
7.027912    0.833938 
7.031916    0.833998 
7.035921    0.834058 
7.039925    0.834118 
7.043930    0.834178 
7.047934    0.834238 
7.051939    0.834297 
7.055943    0.834357 
7.059948    0.834416 
7.063952    0.834476 
7.067957    0.834535 
7.071961    0.834595 
7.075966    0.834654 
7.079970    0.834713 
7.083975    0.834772 
7.087979    0.834831 
7.091984    0.834890 
7.095988    0.834949 
7.099993    0.835008 
7.103997    0.835066 
7.108002    0.835125 
7.112006    0.835183 
7.116011    0.835242 
7.120015    0.835300 
7.124020    0.835359 
7.128024    0.835417 
7.132029    0.835475 
7.136033    0.835533 
7.140038    0.835591 
7.144042    0.835649 
7.148047    0.835707 
7.152051    0.835765 
7.156056    0.835823 
7.160060    0.835881 
7.164065    0.835938 
7.168069    0.835996 
7.172074    0.836053 
7.176078    0.836111 
7.180083    0.836168 
7.184087    0.836225 
7.188092    0.836283 
7.192096    0.836340 
7.196101    0.836397 
7.200105    0.836454 
7.204110    0.836511 
7.208115    0.836568 
7.212119    0.836624 
7.216124    0.836681 
7.220128    0.836738 
7.224133    0.836794 
7.228137    0.836851 
7.232142    0.836907 
7.236146    0.836964 
7.240151    0.837020 
7.244155    0.837076 
7.248160    0.837133 
7.252164    0.837189 
7.256169    0.837245 
7.260173    0.837301 
7.264178    0.837357 
7.268182    0.837413 
7.272187    0.837468 
7.276191    0.837524 
7.280196    0.837580 
7.284200    0.837635 
7.288205    0.837691 
7.292209    0.837746 
7.296214    0.837802 
7.300218    0.837857 
7.304223    0.837912 
7.308227    0.837968 
7.312232    0.838023 
7.316236    0.838078 
7.320241    0.838133 
7.324245    0.838188 
7.328250    0.838243 
7.332254    0.838298 
7.336259    0.838352 
7.340263    0.838407 
7.344268    0.838462 
7.348272    0.838516 
7.352277    0.838571 
7.356281    0.838625 
7.360286    0.838680 
7.364290    0.838734 
7.368295    0.838788 
7.372299    0.838842 
7.376304    0.838896 
7.380308    0.838951 
7.384313    0.839005 
7.388317    0.839059 
7.392322    0.839112 
7.396326    0.839166 
7.400331    0.839220 
7.404335    0.839274 
7.408340    0.839327 
7.412344    0.839381 
7.416349    0.839434 
7.420353    0.839488 
7.424358    0.839541 
7.428362    0.839595 
7.432367    0.839648 
7.436371    0.839701 
7.440376    0.839754 
7.444380    0.839807 
7.448385    0.839860 
7.452390    0.839913 
7.456394    0.839966 
7.460399    0.840019 
7.464403    0.840072 
7.468408    0.840125 
7.472412    0.840177 
7.476417    0.840230 
7.480421    0.840283 
7.484426    0.840335 
7.488430    0.840388 
7.492435    0.840440 
7.496439    0.840492 
7.500444    0.840545 
7.504448    0.840597 
7.508453    0.840649 
7.512457    0.840701 
7.516462    0.840753 
7.520466    0.840805 
7.524471    0.840857 
7.528475    0.840909 
7.532480    0.840961 
7.536484    0.841013 
7.540489    0.841064 
7.544493    0.841116 
7.548498    0.841168 
7.552502    0.841219 
7.556507    0.841271 
7.560511    0.841322 
7.564516    0.841373 
7.568520    0.841425 
7.572525    0.841476 
7.576529    0.841527 
7.580534    0.841578 
7.584538    0.841629 
7.588543    0.841680 
7.592547    0.841731 
7.596552    0.841782 
7.600556    0.841833 
7.604561    0.841884 
7.608565    0.841935 
7.612570    0.841985 
7.616574    0.842036 
7.620579    0.842087 
7.624583    0.842137 
7.628588    0.842188 
7.632592    0.842238 
7.636597    0.842289 
7.640601    0.842339 
7.644606    0.842389 
7.648610    0.842439 
7.652615    0.842490 
7.656619    0.842540 
7.660624    0.842590 
7.664628    0.842640 
7.668633    0.842690 
7.672637    0.842740 
7.676642    0.842790 
7.680646    0.842839 
7.684651    0.842889 
7.688655    0.842939 
7.692660    0.842988 
7.696664    0.843038 
7.700669    0.843088 
7.704674    0.843137 
7.708678    0.843186 
7.712683    0.843236 
7.716687    0.843285 
7.720692    0.843334 
7.724696    0.843384 
7.728701    0.843433 
7.732705    0.843482 
7.736710    0.843531 
7.740714    0.843580 
7.744719    0.843629 
7.748723    0.843678 
7.752728    0.843727 
7.756732    0.843776 
7.760737    0.843824 
7.764741    0.843873 
7.768746    0.843922 
7.772750    0.843970 
7.776755    0.844019 
7.780759    0.844068 
7.784764    0.844116 
7.788768    0.844164 
7.792773    0.844213 
7.796777    0.844261 
7.800782    0.844309 
7.804786    0.844358 
7.808791    0.844406 
7.812795    0.844454 
7.816800    0.844502 
7.820804    0.844550 
7.824809    0.844598 
7.828813    0.844646 
7.832818    0.844694 
7.836822    0.844742 
7.840827    0.844789 
7.844831    0.844837 
7.848836    0.844885 
7.852840    0.844932 
7.856845    0.844980 
7.860849    0.845028 
7.864854    0.845075 
7.868858    0.845123 
7.872863    0.845170 
7.876867    0.845217 
7.880872    0.845265 
7.884876    0.845312 
7.888881    0.845359 
7.892885    0.845406 
7.896890    0.845453 
7.900894    0.845500 
7.904899    0.845547 
7.908903    0.845594 
7.912908    0.845641 
7.916912    0.845688 
7.920917    0.845735 
7.924921    0.845782 
7.928926    0.845829 
7.932930    0.845875 
7.936935    0.845922 
7.940939    0.845969 
7.944944    0.846015 
7.948949    0.846062 
7.952953    0.846108 
7.956958    0.846154 
7.960962    0.846201 
7.964967    0.846247 
7.968971    0.846293 
7.972976    0.846340 
7.976980    0.846386 
7.980985    0.846432 
7.984989    0.846478 
7.988994    0.846524 
7.992998    0.846570 
7.997003    0.846616 
8.001007    0.846662 
8.005012    0.846708 
