0.060038    0.001115 
0.080050    0.001117 
0.100063    0.001196 
0.120075    0.001368 
0.140088    0.001636 
0.160100    0.001997 
0.180113    0.002446 
0.200125    0.002976 
0.220138    0.003579 
0.240150    0.004247 
0.260163    0.004976 
0.280175    0.005757 
0.300188    0.006586 
0.320200    0.007458 
0.340213    0.008367 
0.360226    0.009310 
0.380238    0.010284 
0.400251    0.011152 
0.420263    0.012435 
0.440276    0.013359 
0.460288    0.014430 
0.480301    0.015520 
0.500313    0.016629 
0.520326    0.017757 
0.540338    0.018904 
0.560351    0.020069 
0.580363    0.021253 
0.600376    0.022457 
0.620388    0.023683 
0.640401    0.024930 
0.660413    0.026202 
0.680426    0.027499 
0.700439    0.028825 
0.720451    0.030181 
0.740464    0.031570 
0.760476    0.032996 
0.780489    0.034461 
0.800501    0.035941 
0.820514    0.036968 
0.840526    0.038020 
0.860539    0.039367 
0.880551    0.040853 
0.900564    0.042449 
0.920576    0.044143 
0.940589    0.045934 
0.960601    0.047821 
0.980614    0.049804 
1.000626    0.051888 
1.020639    0.054074 
1.040652    0.056264 
1.060664    0.057866 
1.080677    0.059217 
1.100689    0.060574 
1.120702    0.061940 
1.140714    0.063318 
1.160727    0.064713 
1.180739    0.066129 
1.200752    0.067571 
1.220764    0.069044 
1.240777    0.070554 
1.260789    0.072108 
1.280802    0.073714 
1.300814    0.075378 
1.320827    0.077111 
1.340839    0.078920 
1.360852    0.080817 
1.380865    0.082809 
1.400877    0.084911 
1.420890    0.087132 
1.440902    0.089484 
1.460915    0.091980 
1.480927    0.094633 
1.500940    0.097454 
1.520952    0.100458 
1.540965    0.103656 
1.560977    0.107062 
1.580990    0.110686 
1.601002    0.114542 
1.621015    0.118639 
1.641027    0.122988 
1.661040    0.127596 
1.681052    0.132473 
1.701065    0.137623 
1.721077    0.143050 
1.741090    0.148757 
1.761103    0.154744 
1.781115    0.161010 
1.801128    0.167550 
1.821140    0.174359 
1.841153    0.181430 
1.861165    0.188752 
1.881178    0.196313 
1.901190    0.204101 
1.921203    0.212100 
1.941215    0.220293 
1.961228    0.228663 
1.981240    0.237192 
2.001253    0.245859 
2.021265    0.254646 
2.041278    0.263482 
2.061290    0.270928 
2.081303    0.276711 
2.101316    0.282377 
2.121328    0.288013 
2.141341    0.293620 
2.161353    0.299191 
2.181366    0.304731 
2.201378    0.310234 
2.221391    0.315699 
2.241403    0.321128 
2.261416    0.326522 
2.281428    0.331875 
2.301441    0.337191 
2.321453    0.342470 
2.341466    0.347713 
2.361478    0.352917 
2.381491    0.358086 
2.401503    0.363225 
2.421516    0.368326 
2.441529    0.373397 
2.461541    0.378438 
2.481554    0.383449 
2.501566    0.388432 
2.521579    0.393390 
2.541591    0.398329 
2.561604    0.403238 
2.581616    0.408131 
2.601629    0.413005 
2.621641    0.417864 
2.641654    0.422712 
2.661666    0.427536 
2.681679    0.432360 
2.701691    0.437177 
2.721704    0.441980 
2.741716    0.446784 
2.761729    0.451584 
2.781742    0.456383 
2.801754    0.461180 
2.821767    0.465984 
2.841779    0.470792 
2.861792    0.475595 
2.881804    0.480411 
2.901817    0.485234 
2.921829    0.490051 
2.941842    0.494887 
2.961854    0.499719 
2.981867    0.504554 
3.001879    0.509386 
3.021892    0.514226 
3.041904    0.519061 
3.061917    0.523882 
3.081929    0.528699 
3.101942    0.533502 
3.121955    0.538287 
3.141967    0.543053 
3.161980    0.547794 
3.181992    0.552498 
3.202005    0.557175 
3.222017    0.561817 
3.242030    0.566407 
3.262042    0.570960 
3.282055    0.575457 
3.302067    0.579899 
3.322080    0.584286 
3.342092    0.588616 
3.362105    0.592876 
3.382117    0.597073 
3.402130    0.601201 
3.422142    0.605261 
3.442155    0.609247 
3.462168    0.613158 
3.482180    0.617003 
3.502193    0.620765 
3.522205    0.624454 
3.542218    0.628068 
3.562230    0.631613 
3.582243    0.635073 
3.602255    0.638462 
3.622268    0.641780 
3.642280    0.645021 
3.662293    0.648190 
3.682305    0.651291 
3.702318    0.654321 
3.722330    0.657275 
3.742343    0.660172 
3.762355    0.662996 
3.782368    0.665755 
3.802381    0.668453 
3.822393    0.671089 
3.842406    0.673662 
3.862418    0.676176 
3.882431    0.678632 
3.902443    0.681034 
3.922456    0.683379 
3.942468    0.685673 
3.962481    0.687910 
3.982493    0.690102 
4.002506    0.692242 
4.022518    0.694333 
4.042531    0.696381 
4.062543    0.698381 
4.082556    0.700339 
4.102568    0.702254 
4.122581    0.704125 
4.142594    0.705960 
4.162606    0.707753 
4.182619    0.709510 
4.202631    0.711226 
4.222644    0.712912 
4.242656    0.714560 
4.262669    0.716173 
4.282681    0.717758 
4.302694    0.719307 
4.322706    0.720827 
4.342719    0.722315 
4.362731    0.723776 
4.382744    0.725208 
4.402756    0.726613 
4.422769    0.727991 
4.442781    0.729341 
4.462794    0.730670 
4.482807    0.731972 
4.502819    0.733248 
4.522832    0.734504 
4.542844    0.735737 
4.562857    0.736947 
4.582869    0.738135 
4.602882    0.739305 
4.622894    0.740453 
4.642907    0.741582 
4.662919    0.742691 
4.682932    0.743782 
4.702944    0.744854 
4.722957    0.745911 
4.742969    0.746948 
4.762982    0.747969 
4.782994    0.748974 
4.803007    0.749963 
4.823019    0.750937 
4.843032    0.751896 
4.863045    0.752840 
4.883057    0.753768 
4.903070    0.754685 
4.923082    0.755587 
4.943095    0.756475 
4.963107    0.757350 
4.983120    0.758215 
5.003132    0.759064 
5.023145    0.759904 
5.043157    0.760729 
5.063170    0.761547 
5.083182    0.762349 
5.103195    0.763143 
5.123207    0.763926 
5.143220    0.764697 
5.163232    0.765459 
5.183245    0.766212 
5.203258    0.766953 
5.223270    0.767686 
5.243283    0.768409 
5.263295    0.769123 
5.283308    0.769829 
5.303320    0.770525 
5.323333    0.771213 
5.343345    0.771893 
5.363358    0.772564 
5.383370    0.773227 
5.403383    0.773883 
5.423395    0.774531 
5.443408    0.775171 
5.463420    0.775804 
5.483433    0.776430 
5.503445    0.777049 
5.523458    0.777661 
5.543471    0.778266 
5.563483    0.778865 
5.583496    0.779457 
5.603508    0.780042 
5.623521    0.780622 
5.643533    0.781195 
5.663546    0.781762 
5.683558    0.782324 
5.703571    0.782879 
5.723583    0.783429 
5.743596    0.783973 
5.763608    0.784512 
5.783621    0.785046 
5.803633    0.785574 
5.823646    0.786097 
5.843658    0.786615 
5.863671    0.787128 
5.883684    0.787636 
5.903696    0.788140 
5.923709    0.788638 
5.943721    0.789132 
5.963734    0.789622 
5.983746    0.790107 
6.003759    0.790587 
6.023771    0.791063 
6.043784    0.791536 
6.063796    0.792004 
6.083809    0.792467 
6.103821    0.792927 
6.123834    0.793383 
6.143846    0.793835 
6.163859    0.794282 
6.183871    0.794727 
6.203884    0.795168 
6.223897    0.795604 
6.243909    0.796037 
6.263922    0.796468 
6.283934    0.796893 
6.303947    0.797316 
6.323959    0.797735 
6.343972    0.798152 
6.363984    0.798564 
6.383997    0.798975 
6.404009    0.799381 
6.424022    0.799785 
6.444034    0.800184 
6.464047    0.800583 
6.484059    0.800976 
6.504072    0.801367 
6.524084    0.801756 
6.544097    0.802142 
6.564110    0.802524 
6.584122    0.802904 
6.604135    0.803282 
6.624147    0.803656 
6.644160    0.804028 
6.664172    0.804397 
6.684185    0.804764 
6.704197    0.805128 
6.724210    0.805490 
6.744222    0.805849 
6.764235    0.806206 
6.784247    0.806559 
6.804260    0.806913 
6.824272    0.807260 
6.844285    0.807609 
6.864297    0.807955 
6.884310    0.808295 
6.904323    0.808638 
6.924335    0.808975 
6.944348    0.809312 
6.964360    0.809646 
6.984373    0.809977 
7.004385    0.810307 
7.024398    0.810636 
7.044410    0.810960 
7.064423    0.811285 
7.084435    0.811606 
7.104448    0.811925 
7.124460    0.812244 
7.144473    0.812560 
7.164485    0.812873 
7.184498    0.813186 
7.204510    0.813497 
7.224523    0.813804 
7.244536    0.814111 
7.264548    0.814417 
7.284561    0.814718 
7.304573    0.815020 
7.324586    0.815322 
7.344598    0.815617 
7.364611    0.815916 
7.384623    0.816210 
7.404636    0.816501 
7.424648    0.816795 
7.444661    0.817084 
7.464673    0.817371 
7.484686    0.817660 
7.504698    0.817944 
7.524711    0.818225 
7.544723    0.818510 
7.564736    0.818791 
7.584749    0.819068 
7.604761    0.819347 
7.624774    0.819624 
7.644786    0.819895 
7.664799    0.820173 
7.684811    0.820441 
7.704824    0.820713 
7.724836    0.820982 
7.744849    0.821250 
7.764861    0.821516 
7.784874    0.821781 
7.804886    0.822045 
7.824899    0.822306 
7.844911    0.822569 
7.864924    0.822830 
7.884936    0.823085 
7.904949    0.823345 
7.924962    0.823598 
7.944974    0.823857 
7.964987    0.824108 
7.984999    0.824360 
8.005012    0.824612 
