0.004005   0.000000   
0.008009   0.000061   
0.012014   -0.000014   
0.016018   -0.000243   
0.020023   -0.000639   
0.024027   -0.001210   
0.028032   -0.001962   
0.032036   -0.002896   
0.036041   -0.004013   
0.040045   -0.005315   
0.044050   -0.006801   
0.048054   -0.008469   
0.052059   -0.010318   
0.056063   -0.012347   
0.060068   -0.014554   
0.064072   -0.016936   
0.068077   -0.019490   
0.072081   -0.022216   
0.076086   -0.025109   
0.080090   -0.028167   
0.084095   -0.031387   
0.088099   -0.034767   
0.092104   -0.038303   
0.096108   -0.041993   
0.100113   -0.045834   
0.104117   -0.049822   
0.108122   -0.053954   
0.112126   -0.058228   
0.116131   -0.062640   
0.120135   -0.067187   
0.124140   -0.071866   
0.128144   -0.076675   
0.132149   -0.081609   
0.136153   -0.086666   
0.140158   -0.091843   
0.144162   -0.097136   
0.148167   -0.102543   
0.152171   -0.108060   
0.156176   -0.113685   
0.160180   -0.119414   
0.164185   -0.125244   
0.168189   -0.131172   
0.172194   -0.137195   
0.176198   -0.143311   
0.180203   -0.149516   
0.184207   -0.155806   
0.188212   -0.162180   
0.192216   -0.168635   
0.196221   -0.175166   
0.200225   -0.181772   
0.204230   -0.188449   
0.208234   -0.195195   
0.212239   -0.202006   
0.216243   -0.208880   
0.220248   -0.215814   
0.224252   -0.222805   
0.228257   -0.229851   
0.232261   -0.236948   
0.236266   -0.244093   
0.240270   -0.251285   
0.244275   -0.258520   
0.248279   -0.265795   
0.252284   -0.273108   
0.256289   -0.280455   
0.260293   -0.287836   
0.264298   -0.295246   
0.268302   -0.302683   
0.272307   -0.310144   
0.276311   -0.317627   
0.280316   -0.325130   
0.284320   -0.332649   
0.288325   -0.340182   
0.292329   -0.347726   
0.296334   -0.355280   
0.300338   -0.362840   
0.304343   -0.370404   
0.308347   -0.377969   
0.312352   -0.385534   
0.316356   -0.393095   
0.320361   -0.400650   
0.324365   -0.408197   
0.328370   -0.415733   
0.332374   -0.423256   
0.336379   -0.430763   
0.340383   -0.438253   
0.344388   -0.445722   
0.348392   -0.453169   
0.352397   -0.460591   
0.356401   -0.467986   
0.360406   -0.475351   
0.364410   -0.482685   
0.368415   -0.489985   
0.372419   -0.497249   
0.376424   -0.504474   
0.380428   -0.511658   
0.384433   -0.518800   
0.388437   -0.525896   
0.392442   -0.532946   
0.396446   -0.539946   
0.400451   -0.546894   
0.404455   -0.553789   
0.408460   -0.560628   
0.412464   -0.567409   
0.416469   -0.574130   
0.420473   -0.580789   
0.424478   -0.587384   
0.428482   -0.593913   
0.432487   -0.600373   
0.436491   -0.606764   
0.440496   -0.613082   
0.444500   -0.619325   
0.448505   -0.625492   
0.452509   -0.631581   
0.456514   -0.637590   
0.460518   -0.643517   
0.464523   -0.649359   
0.468527   -0.655115   
0.472532   -0.660784   
0.476536   -0.666362   
0.480541   -0.671849   
0.484545   -0.677241   
0.488550   -0.682538   
0.492554   -0.687738   
0.496559   -0.692838   
0.500564   -0.697837   
0.504568   -0.702734   
0.508573   -0.707525   
0.512577   -0.712209   
0.516582   -0.716786   
0.520586   -0.721251   
0.524591   -0.725605   
0.528595   -0.729845   
0.532600   -0.733970   
0.536604   -0.737977   
0.540609   -0.741865   
0.544613   -0.745632   
0.548618   -0.749277   
0.552622   -0.752797   
0.556627   -0.756191   
0.560631   -0.759458   
0.564636   -0.762595   
0.568640   -0.765602   
0.572645   -0.768476   
0.576649   -0.771215   
0.580654   -0.773818   
0.584658   -0.776284   
0.588663   -0.778610   
0.592667   -0.780796   
0.596672   -0.782839   
0.600676   -0.784738   
0.604681   -0.786491   
0.608685   -0.788097   
0.612690   -0.789554   
0.616694   -0.790861   
0.620699   -0.792016   
0.624703   -0.793017   
0.628708   -0.793863   
0.632712   -0.794552   
0.636717   -0.795083   
0.640721   -0.795455   
0.644726   -0.795665   
0.648730   -0.795713   
0.652735   -0.795596   
0.656739   -0.795314   
0.660744   -0.794865   
0.664748   -0.794246   
0.668753   -0.793458   
0.672757   -0.792498   
0.676762   -0.791366   
0.680766   -0.790058   
0.684771   -0.788575   
0.688775   -0.786914   
0.692780   -0.785075   
0.696784   -0.783056   
0.700789   -0.780855   
0.704793   -0.778471   
0.708798   -0.775902   
0.712802   -0.773148   
0.716807   -0.770207   
0.720811   -0.767077   
0.724816   -0.763757   
0.728820   -0.760246   
0.732825   -0.756542   
0.736829   -0.752645   
0.740834   -0.748552   
0.744838   -0.744262   
0.748843   -0.739775   
0.752848   -0.735088   
0.756852   -0.730201   
0.760857   -0.725112   
0.764861   -0.719820   
0.768866   -0.714323   
0.772870   -0.708620   
0.776875   -0.702711   
0.780879   -0.696593   
0.784884   -0.690265   
0.788888   -0.683727   
0.792893   -0.676976   
0.796897   -0.670012   
0.800902   -0.662833   
0.804906   -0.655439   
0.808911   -0.647827   
0.812915   -0.639997   
0.816920   -0.631948   
0.820924   -0.623678   
0.824929   -0.615185   
0.828933   -0.606470   
0.832938   -0.597530   
0.836942   -0.588365   
0.840947   -0.578972   
0.844951   -0.569352   
0.848956   -0.559503   
0.852960   -0.549423   
0.856965   -0.539112   
0.860969   -0.528568   
0.864974   -0.517790   
0.868978   -0.506778   
0.872983   -0.495529   
0.876987   -0.484043   
0.880992   -0.472318   
0.884996   -0.460354   
0.889001   -0.448150   
0.893005   -0.435703   
0.897010   -0.423014   
0.901014   -0.410080   
0.905019   -0.396902   
0.909023   -0.383477   
0.913028   -0.369805   
0.917032   -0.355884   
0.921037   -0.341714   
0.925041   -0.327293   
0.929046   -0.312621   
0.933050   -0.297696   
0.937055   -0.282517   
0.941059   -0.267083   
0.945064   -0.251393   
0.949068   -0.235446   
0.953073   -0.219241   
0.957077   -0.202777   
0.961082   -0.186052   
0.965086   -0.169067   
0.969091   -0.151819   
0.973095   -0.134308   
0.977100   -0.116533   
0.981104   -0.098492   
0.985109   -0.080185   
0.989113   -0.061610   
0.993118   -0.042767   
0.997123   -0.023655   
1.001127   -0.004272   
1.005132   0.015382   
1.009136   0.035308   
1.013141   0.055508   
1.017145   0.075982   
1.021150   0.096732   
1.025154   0.117757   
1.029159   0.139060   
1.033163   0.160642   
1.037168   0.182503   
1.041172   0.204643   
1.045177   0.227065   
1.049181   0.249770   
1.053186   0.272757   
1.057190   0.296028   
1.061195   0.319584   
1.065199   0.343426   
1.069204   0.367555   
1.073208   0.391972   
1.077213   0.416677   
1.081217   0.441672   
1.085222   0.466958   
1.089226   0.492535   
1.093231   0.518404   
1.097235   0.544567   
1.101240   0.571024   
1.105244   0.597776   
1.109249   0.624824   
1.113253   0.652169   
1.117258   0.679811   
1.121262   0.707753   
1.125267   0.735994   
1.129271   0.764535   
1.133276   0.793378   
1.137280   0.822523   
1.141285   0.851971   
1.145289   0.881723   
1.149294   0.911780   
1.153298   0.942143   
1.157303   0.972812   
1.161307   1.003789   
1.165312   1.035074   
1.169316   1.066668   
1.173321   1.098572   
1.177325   1.130787   
1.181330   1.163314   
1.185334   1.196153   
1.189339   1.229305   
1.193343   1.262772   
1.197348   1.296553   
1.201352   1.330651   
1.205357   1.365065   
1.209361   1.399797   
1.213366   1.434847   
1.217370   1.470216   
1.221375   1.505905   
1.225379   1.541914   
1.229384   1.578246   
1.233388   1.614899   
1.237393   1.651876   
1.241397   1.689177   
1.245402   1.726803   
1.249407   1.764754   
1.253411   1.803031   
1.257416   1.841636   
1.261420   1.880568   
1.265425   1.919829   
1.269429   1.959420   
1.273434   1.999341   
1.277438   2.039593   
1.281443   2.080177   
1.285447   2.121093   
1.289452   2.162342   
1.293456   2.203926   
1.297461   2.245845   
1.301465   2.288099   
1.305470   2.330689   
1.309474   2.373617   
1.313479   2.416883   
1.317483   2.460487   
1.321488   2.504430   
1.325492   2.548714   
1.329497   2.593338   
1.333501   2.638304   
1.337506   2.683613   
1.341510   2.729264   
1.345515   2.775259   
1.349519   2.821599   
1.353524   2.868284   
1.357528   2.915315   
1.361533   2.962692   
1.365537   3.010417   
1.369542   3.058491   
1.373546   3.106912   
1.377551   3.155684   
1.381555   3.204806   
1.385560   3.254278   
1.389564   3.304103   
1.393569   3.354279   
1.397573   3.404809   
1.401578   3.455693   
1.405582   3.506931   
1.409587   3.558524   
1.413591   3.610473   
1.417596   3.662778   
1.421600   3.715441   
1.425605   3.768461   
1.429609   3.821840   
1.433614   3.875579   
1.437618   3.929677   
1.441623   3.984136   
1.445627   4.038956   
1.449632   4.094138   
1.453636   4.149683   
1.457641   4.205591   
1.461645   4.261863   
1.465650   4.318500   
1.469654   4.375502   
1.473659   4.432869   
1.477663   4.490604   
1.481668   4.548705   
1.485672   4.607175   
1.489677   4.666013   
1.493682   4.725220   
1.497686   4.784797   
1.501691   4.844745   
1.505695   4.905063   
1.509700   4.965754   
1.513704   5.026816   
1.517709   5.088252   
1.521713   5.150062   
1.525718   5.212245   
1.529722   5.274804   
1.533727   5.337738   
1.537731   5.401049   
1.541736   5.464736   
1.545740   5.528800   
1.549745   5.593243   
1.553749   5.658064   
1.557754   5.723265   
1.561758   5.788845   
1.565763   5.854806   
1.569767   5.921148   
1.573772   5.987872   
1.577776   6.054978   
1.581781   6.122467   
1.585785   6.190340   
1.589790   6.258596   
1.593794   6.327238   
1.597799   6.396264   
1.601803   6.465677   
1.605808   6.535476   
1.609812   6.605662   
1.613817   6.676236   
1.617821   6.747199   
1.621826   6.818550   
1.625830   6.890290   
1.629835   6.962421   
1.633839   7.034942   
1.637844   7.107854   
1.641848   7.181158   
1.645853   7.254855   
1.649857   7.328944   
1.653862   7.403427   
1.657866   7.478304   
1.661871   7.553576   
1.665875   7.629243   
1.669880   7.705305   
1.673884   7.781764   
1.677889   7.858620   
1.681893   7.935873   
1.685898   8.013525   
1.689902   8.091574   
1.693907   8.170023   
1.697911   8.248872   
1.701916   8.328121   
1.705920   8.407770   
1.709925   8.487821   
1.713929   8.568274   
1.717934   8.649129   
1.721938   8.730388   
1.725943   8.812049   
1.729947   8.894115   
1.733952   8.976585   
1.737956   9.059461   
1.741961   9.142742   
1.745966   9.226429   
1.749970   9.310523   
1.753975   9.395025   
1.757979   9.479934   
1.761984   9.565251   
1.765988   9.650977   
1.769993   9.737113   
1.773997   9.823658   
1.778002   9.910614   
1.782006   9.997981   
1.786011   10.085759   
1.790015   10.173949   
1.794020   10.262552   
1.798024   10.351568   
1.802029   10.440997   
1.806033   10.530840   
1.810038   10.621098   
1.814042   10.711770   
1.818047   10.802859   
1.822051   10.894363   
1.826056   10.986284   
1.830060   11.078622   
1.834065   11.171377   
1.838069   11.264551   
1.842074   11.358143   
1.846078   11.452154   
1.850083   11.546584   
1.854087   11.641435   
1.858092   11.736706   
1.862096   11.832398   
1.866101   11.928512   
1.870105   12.025047   
1.874110   12.122005   
1.878114   12.219387   
1.882119   12.317191   
1.886123   12.415419   
1.890128   12.514072   
1.894132   12.613150   
1.898137   12.712653   
1.902141   12.812582   
1.906146   12.912937   
1.910150   13.013719   
1.914155   13.114928   
1.918159   13.216565   
1.922164   13.318630   
1.926168   13.421124   
1.930173   13.524047   
1.934177   13.627400   
1.938182   13.731182   
1.942186   13.835395   
1.946191   13.940039   
1.950195   14.045115   
1.954200   14.150622   
1.958204   14.256562   
1.962209   14.362934   
1.966213   14.469740   
1.970218   14.576980   
1.974222   14.684653   
1.978227   14.792762   
1.982231   14.901305   
1.986236   15.010284   
1.990241   15.119699   
1.994245   15.229550   
1.998250   15.339838   
2.002254   15.450563   
2.006259   15.561726   
2.010263   15.673328   
2.014268   15.785367   
2.018272   15.897846   
2.022277   16.010765   
2.026281   16.124123   
2.030286   16.237922   
2.034290   16.352161   
2.038295   16.466842   
2.042299   16.581964   
2.046304   16.697528   
2.050308   16.813535   
2.054313   16.929985   
2.058317   17.046878   
2.062322   17.164215   
2.066326   17.281996   
2.070331   17.400222   
2.074335   17.518892   
2.078340   17.638009   
2.082344   17.757571   
2.086349   17.877579   
2.090353   17.998034   
2.094358   18.118936   
2.098362   18.240285   
2.102367   18.362083   
2.106371   18.484329   
2.110376   18.607023   
2.114380   18.730167   
2.118385   18.853761   
2.122389   18.977804   
2.126394   19.102298   
2.130398   19.227242   
2.134403   19.352638   
2.138407   19.478485   
2.142412   19.604784   
2.146416   19.731535   
2.150421   19.858740   
2.154425   19.986397   
2.158430   20.114508   
2.162434   20.243073   
2.166439   20.372092   
2.170443   20.501566   
2.174448   20.631495   
2.178452   20.761880   
2.182457   20.892721   
2.186461   21.024017   
2.190466   21.155771   
2.194470   21.287981   
2.198475   21.420649   
2.202479   21.553775   
2.206484   21.687359   
2.210488   21.821401   
2.214493   21.955903   
2.218497   22.090863   
2.222502   22.226284   
2.226506   22.362164   
2.230511   22.498505   
2.234515   22.635307   
2.238520   22.772570   
2.242525   22.910294   
2.246529   23.048481   
2.250534   23.187129   
2.254538   23.326241   
2.258543   23.465815   
2.262547   23.605853   
2.266552   23.746354   
2.270556   23.887320   
2.274561   24.028750   
2.278565   24.170645   
2.282570   24.313005   
2.286574   24.455830   
2.290579   24.599122   
2.294583   24.742879   
2.298588   24.887104   
2.302592   25.031795   
2.306597   25.176954   
2.310601   25.322580   
2.314606   25.468674   
2.318610   25.615237   
2.322615   25.762268   
2.326619   25.909768   
2.330624   26.057738   
2.334628   26.206178   
2.338633   26.355087   
2.342637   26.504467   
2.346642   26.654318   
2.350646   26.804640   
2.354651   26.955433   
2.358655   27.106698   
2.362660   27.258436   
2.366664   27.410645   
2.370669   27.563328   
2.374673   27.716483   
2.378678   27.870112   
2.382682   28.024215   
2.386687   28.178792   
2.390691   28.333843   
2.394696   28.489370   
2.398700   28.645371   
2.402705   28.801847   
2.406709   28.958800   
2.410714   29.116228   
2.414718   29.274133   
2.418723   29.432515   
2.422727   29.591373   
2.426732   29.750709   
2.430736   29.910523   
2.434741   30.070814   
2.438745   30.231584   
2.442750   30.392833   
2.446754   30.554560   
2.450759   30.716767   
2.454763   30.879453   
2.458768   31.042619   
2.462772   31.206265   
2.466777   31.370392   
2.470781   31.535000   
2.474786   31.700088   
2.478790   31.865659   
2.482795   32.031710   
2.486800   32.198244   
2.490804   32.365260   
2.494809   32.532759   
2.498813   32.700741   
2.502818   32.869206   
2.506822   33.038154   
2.510827   33.207586   
2.514831   33.377503   
2.518836   33.547903   
2.522840   33.718789   
2.526845   33.890159   
2.530849   34.062015   
2.534854   34.234356   
2.538858   34.407183   
2.542863   34.580497   
2.546867   34.754297   
2.550872   34.928583   
2.554876   35.103357   
2.558881   35.278617   
2.562885   35.454366   
2.566890   35.630602   
2.570894   35.807327   
2.574899   35.984540   
2.578903   36.162241   
2.582908   36.340432   
2.586912   36.519112   
2.590917   36.698282   
2.594921   36.877941   
2.598926   37.058090   
2.602930   37.238730   
2.606935   37.419861   
2.610939   37.601482   
2.614944   37.783595   
2.618948   37.966199   
2.622953   38.149295   
2.626957   38.332883   
2.630962   38.516963   
2.634966   38.701536   
2.638971   38.886601   
2.642975   39.072160   
2.646980   39.258212   
2.650984   39.444757   
2.654989   39.631797   
2.658993   39.819330   
2.662998   40.007358   
2.667002   40.195881   
2.671007   40.384898   
2.675011   40.574411   
2.679016   40.764419   
2.683020   40.954923   
2.687025   41.145923   
2.691029   41.337418   
2.695034   41.529411   
2.699038   41.721900   
2.703043   41.914886   
2.707047   42.108369   
2.711052   42.302349   
2.715056   42.496828   
2.719061   42.691804   
2.723065   42.887278   
2.727070   43.083251   
2.731074   43.279722   
2.735079   43.476693   
2.739084   43.674162   
2.743088   43.872131   
2.747093   44.070600   
2.751097   44.269568   
2.755102   44.469037   
2.759106   44.669006   
2.763111   44.869475   
2.767115   45.070445   
2.771120   45.271917   
2.775124   45.473889   
2.779129   45.676363   
2.783133   45.879339   
2.787138   46.082817   
2.791142   46.286797   
2.795147   46.491280   
2.799151   46.696265   
2.803156   46.901753   
2.807160   47.107744   
2.811165   47.314239   
2.815169   47.521237   
2.819174   47.728739   
2.823178   47.936745   
2.827183   48.145255   
2.831187   48.354270   
2.835192   48.563789   
2.839196   48.773814   
2.843201   48.984343   
2.847205   49.195378   
2.851210   49.406918   
2.855214   49.618964   
2.859219   49.831516   
2.863223   50.044574   
2.867228   50.258139   
2.871232   50.472210   
2.875237   50.686788   
2.879241   50.901873   
2.883246   51.117466   
2.887250   51.333565   
2.891255   51.550173   
2.895259   51.767288   
2.899264   51.984912   
2.903268   52.203043   
2.907273   52.421684   
2.911277   52.640832   
2.915282   52.860490   
2.919286   53.080657   
2.923291   53.301333   
2.927295   53.522519   
2.931300   53.744214   
2.935304   53.966419   
2.939309   54.189135   
2.943313   54.412360   
2.947318   54.636096   
2.951322   54.860343   
2.955327   55.085101   
2.959331   55.310369   
2.963336   55.536149   
2.967340   55.762441   
2.971345   55.989243   
2.975349   56.216558   
2.979354   56.444385   
2.983359   56.672724   
2.987363   56.901575   
2.991368   57.130939   
2.995372   57.360816   
2.999377   57.591205   
3.003381   57.822108   
3.007386   58.053524   
3.011390   58.285453   
3.015395   58.517896   
3.019399   58.750853   
3.023404   58.984324   
3.027408   59.218309   
3.031413   59.452808   
3.035417   59.687822   
3.039422   59.923351   
3.043426   60.159394   
3.047431   60.395953   
3.051435   60.633027   
3.055440   60.870616   
3.059444   61.108721   
3.063449   61.347341   
3.067453   61.586478   
3.071458   61.826130   
3.075462   62.066299   
3.079467   62.306984   
3.083471   62.548186   
3.087476   62.789905   
3.091480   63.032140   
3.095485   63.274892   
3.099489   63.518162   
3.103494   63.761949   
3.107498   64.006254   
3.111503   64.251076   
3.115507   64.496416   
3.119512   64.742275   
3.123516   64.988651   
3.127521   65.235546   
3.131525   65.482959   
3.135530   65.730891   
3.139534   65.979342   
3.143539   66.228311   
3.147543   66.477800   
3.151548   66.727808   
3.155552   66.978335   
3.159557   67.229382   
3.163561   67.480949   
3.167566   67.733036   
3.171570   67.985642   
3.175575   68.238769   
3.179579   68.492416   
3.183584   68.746583   
3.187588   69.001271   
3.191593   69.256480   
3.195597   69.512210   
3.199602   69.768460   
3.203606   70.025232   
3.207611   70.282525   
3.211615   70.540340   
3.215620   70.798676   
3.219624   71.057533   
3.223629   71.316913   
3.227633   71.576814   
3.231638   71.837238   
3.235643   72.098184   
3.239647   72.359652   
3.243652   72.621643   
3.247656   72.884156   
3.251661   73.147193   
3.255665   73.410752   
3.259670   73.674834   
3.263674   73.939439   
3.267679   74.204568   
3.271683   74.470220   
3.275688   74.736395   
3.279692   75.003094   
3.283697   75.270317   
3.287701   75.538064   
3.291706   75.806335   
3.295710   76.075130   
3.299715   76.344449   
3.303719   76.614293   
3.307724   76.884661   
3.311728   77.155554   
3.315733   77.426972   
3.319737   77.698914   
3.323742   77.971382   
3.327746   78.244374   
3.331751   78.517892   
3.335755   78.791935   
3.339760   79.066504   
3.343764   79.341598   
3.347769   79.617217   
3.351773   79.893363   
3.355778   80.170034   
3.359782   80.447232   
3.363787   80.724955   
3.367791   81.003205   
3.371796   81.281981   
3.375800   81.561284   
3.379805   81.841113   
3.383809   82.121468   
3.387814   82.402351   
3.391818   82.683760   
3.395823   82.965696   
3.399827   83.248160   
3.403832   83.531150   
3.407836   83.814668   
3.411841   84.098713   
3.415845   84.383285   
3.419850   84.668385   
3.423854   84.954013   
3.427859   85.240168   
3.431863   85.526851   
3.435868   85.814062   
3.439872   86.101802   
3.443877   86.390069   
3.447881   86.678864   
3.451886   86.968188   
3.455890   87.258040   
3.459895   87.548421   
3.463899   87.839330   
3.467904   88.130768   
3.471908   88.422735   
3.475913   88.715230   
3.479918   89.008255   
3.483922   89.301808   
3.487927   89.595891   
3.491931   89.890502   
3.495936   90.185643   
3.499940   90.481314   
3.503945   90.777513   
3.507949   91.074243   
3.511954   91.371501   
3.515958   91.669290   
3.519963   91.967608   
3.523967   92.266456   
3.527972   92.565834   
3.531976   92.865742   
3.535981   93.166180   
3.539985   93.467148   
3.543990   93.768647   
3.547994   94.070675   
3.551999   94.373234   
3.556003   94.676324   
3.560008   94.979944   
3.564012   95.284094   
3.568017   95.588775   
3.572021   95.893987   
3.576026   96.199730   
3.580030   96.506003   
3.584035   96.812808   
3.588039   97.120143   
3.592044   97.428010   
3.596048   97.736407   
3.600053   98.045336   
3.604057   98.354796   
3.608062   98.664787   
3.612066   98.975310   
3.616071   99.286364   
3.620075   99.597950   
3.624080   99.910067   
3.628084   100.222716   
3.632089   100.535896   
3.636093   100.849608   
3.640098   101.163852   
3.644102   101.478628   
3.648107   101.793936   
3.652111   102.109775   
3.656116   102.426147   
3.660120   102.743051   
3.664125   103.060487   
3.668129   103.378455   
3.672134   103.696955   
3.676138   104.015988   
3.680143   104.335553   
3.684147   104.655650   
3.688152   104.976280   
3.692156   105.297442   
3.696161   105.619137   
3.700165   105.941364   
3.704170   106.264124   
3.708174   106.587417   
3.712179   106.911242   
3.716183   107.235600   
3.720188   107.560491   
3.724192   107.885915   
3.728197   108.211871   
3.732202   108.538361   
3.736206   108.865383   
3.740211   109.192939   
3.744215   109.521028   
3.748220   109.849649   
3.752224   110.178804   
3.756229   110.508492   
3.760233   110.838713   
3.764238   111.169468   
3.768242   111.500755   
3.772247   111.832576   
3.776251   112.164931   
3.780256   112.497819   
3.784260   112.831240   
3.788265   113.165195   
3.792269   113.499683   
3.796274   113.834704   
3.800278   114.170259   
3.804283   114.506348   
3.808287   114.842971   
3.812292   115.180127   
3.816296   115.517816   
3.820301   115.856040   
3.824305   116.194797   
3.828310   116.534088   
3.832314   116.873912   
3.836319   117.214271   
3.840323   117.555163   
3.844328   117.896589   
3.848332   118.238549   
3.852337   118.581043   
3.856341   118.924070   
3.860346   119.267632   
3.864350   119.611728   
3.868355   119.956357   
3.872359   120.301521   
3.876364   120.647218   
3.880368   120.993450   
3.884373   121.340216   
3.888377   121.687515   
3.892382   122.035349   
3.896386   122.383717   
3.900391   122.732619   
3.904395   123.082055   
3.908400   123.432025   
3.912404   123.782530   
3.916409   124.133568   
3.920413   124.485141   
3.924418   124.837248   
3.928422   125.189889   
3.932427   125.543065   
3.936431   125.896774   
3.940436   126.251018   
3.944440   126.605796   
3.948445   126.961108   
3.952449   127.316955   
3.956454   127.673336   
3.960458   128.030251   
3.964463   128.387700   
3.968467   128.745684   
3.972472   129.104201   
3.976477   129.463254   
3.980481   129.822840   
3.984486   130.182961   
3.988490   130.543616   
3.992495   130.904805   
3.996499   131.266529   
4.000504   131.628786   
4.004508   131.991579   
4.008513   132.354905   
4.012517   132.718766   
4.016522   133.083161   
4.020526   133.448090   
4.024531   133.813554   
4.028535   134.179551   
4.032540   134.546083   
4.036544   134.913150   
4.040549   135.280750   
4.044553   135.648885   
4.048558   136.017554   
4.052562   136.386758   
4.056567   136.756495   
4.060571   137.126767   
4.064576   137.497573   
4.068580   137.868913   
4.072585   138.240788   
4.076589   138.613196   
4.080594   138.986139   
4.084598   139.359616   
4.088603   139.733627   
4.092607   140.108172   
4.096612   140.483251   
4.100616   140.858865   
4.104621   141.235012   
4.108625   141.611694   
4.112630   141.988909   
4.116634   142.366659   
4.120639   142.744943   
4.124643   143.123760   
4.128648   143.503112   
4.132652   143.882997   
4.136657   144.263417   
4.140661   144.644370   
4.144666   145.025858   
4.148670   145.407879   
4.152675   145.790434   
4.156679   146.173523   
4.160684   146.557146   
4.164688   146.941302   
4.168693   147.325993   
4.172697   147.711217   
4.176702   148.096975   
4.180706   148.483266   
4.184711   148.870091   
4.188715   149.257450   
4.192720   149.645343   
4.196724   150.033769   
4.200729   150.422728   
4.204733   150.812221   
4.208738   151.202248   
4.212742   151.592808   
4.216747   151.983902   
4.220751   152.375529   
4.224756   152.767689   
4.228761   153.160383   
4.232765   153.553610   
4.236770   153.947370   
4.240774   154.341664   
4.244779   154.736491   
4.248783   155.131851   
4.252788   155.527744   
4.256792   155.924170   
4.260797   156.321129   
4.264801   156.718622   
4.268806   157.116647   
4.272810   157.515206   
4.276815   157.914297   
4.280819   158.313921   
4.284824   158.714078   
4.288828   159.114768   
4.292833   159.515991   
4.296837   159.917747   
4.300842   160.320035   
4.304846   160.722856   
4.308851   161.126209   
4.312855   161.530095   
4.316860   161.934514   
4.320864   162.339465   
4.324869   162.744948   
4.328873   163.150964   
4.332878   163.557512   
4.336882   163.964593   
4.340887   164.372206   
4.344891   164.780351   
4.348896   165.189028   
4.352900   165.598237   
4.356905   166.007979   
4.360909   166.418252   
4.364914   166.829058   
4.368918   167.240399   
4.372923   167.652296   
4.376927   168.064773   
4.380932   168.477856   
4.384936   168.891569   
4.388941   169.305938   
4.392945   169.720984   
4.396950   170.136731   
4.400954   170.553201   
4.404959   170.970413   
4.408963   171.388388   
4.412968   171.807144   
4.416972   172.226697   
4.420977   172.647064   
4.424981   173.068260   
4.428986   173.490297   
4.432990   173.913188   
4.436995   174.336943   
4.440999   174.761573   
4.445004   175.187085   
4.449008   175.613486   
4.453013   176.040783   
4.457017   176.468981   
4.461022   176.898084   
4.465026   177.328094   
4.469031   177.759013   
4.473036   178.190843   
4.477040   178.623585   
4.481045   179.057237   
4.485049   179.491799   
4.489054   179.927268   
4.493058   180.363644   
4.497063   180.800922   
4.501067   181.239099   
4.505072   181.678172   
4.509076   182.118137   
4.513081   182.558989   
4.517085   183.000723   
4.521090   183.443334   
4.525094   183.886817   
4.529099   184.331166   
4.533103   184.776376   
4.537108   185.222441   
4.541112   185.669355   
4.545117   186.117111   
4.549121   186.565704   
4.553126   187.015127   
4.557130   187.465375   
4.561135   187.916441   
4.565139   188.368318   
4.569144   188.821001   
4.573148   189.274483   
4.577153   189.728759   
4.581157   190.183821   
4.585162   190.639663   
4.589166   191.096281   
4.593171   191.553667   
4.597175   192.011816   
4.601180   192.470722   
4.605184   192.930378   
4.609189   193.390780   
4.613193   193.851922   
4.617198   194.313798   
4.621202   194.776402   
4.625207   195.239730   
4.629211   195.703775   
4.633216   196.168533   
4.637220   196.633999   
4.641225   197.100167   
4.645229   197.567033   
4.649234   198.034591   
4.653238   198.502838   
4.657243   198.971767   
4.661247   199.441376   
4.665252   199.911658   
4.669256   200.382610   
4.673261   200.854227   
4.677265   201.326506   
4.681270   201.799441   
4.685274   202.273029   
4.689279   202.747266   
4.693283   203.222148   
4.697288   203.697671   
4.701292   204.173831   
4.705297   204.650625   
4.709301   205.128049   
4.713306   205.606099   
4.717310   206.084771   
4.721315   206.564064   
4.725320   207.043972   
4.729324   207.524493   
4.733329   208.005624   
4.737333   208.487361   
4.741338   208.969702   
4.745342   209.452643   
4.749347   209.936181   
4.753351   210.420314   
4.757356   210.905039   
4.761360   211.390352   
4.765365   211.876251   
4.769369   212.362733   
4.773374   212.849797   
4.777378   213.337438   
4.781383   213.825655   
4.785387   214.314445   
4.789392   214.803806   
4.793396   215.293735   
4.797401   215.784230   
4.801405   216.275288   
4.805410   216.766908   
4.809414   217.259087   
4.813419   217.751823   
4.817423   218.245114   
4.821428   218.738958   
4.825432   219.233352   
4.829437   219.728295   
4.833441   220.223785   
4.837446   220.719819   
4.841450   221.216396   
4.845455   221.713514   
4.849459   222.211171   
4.853464   222.709365   
4.857468   223.208095   
4.861473   223.707359   
4.865477   224.207155   
4.869482   224.707481   
4.873486   225.208335   
4.877491   225.709717   
4.881495   226.211624   
4.885500   226.714055   
4.889504   227.217009   
4.893509   227.720483   
4.897513   228.224477   
4.901518   228.728988   
4.905522   229.234016   
4.909527   229.739559   
4.913531   230.245615   
4.917536   230.752184   
4.921540   231.259264   
4.925545   231.766853   
4.929549   232.274950   
4.933554   232.783555   
4.937558   233.292665   
4.941563   233.802279   
4.945567   234.312397   
4.949572   234.823016   
4.953576   235.334137   
4.957581   235.845757   
4.961585   236.357875   
4.965590   236.870491   
4.969595   237.383604   
4.973599   237.897211   
4.977604   238.411312   
4.981608   238.925907   
4.985613   239.440993   
4.989617   239.956570   
4.993622   240.472638   
4.997626   240.989194   
5.001631   241.506238   
5.005635   242.023769   
5.009640   242.541786   
5.013644   243.060287   
5.017649   243.579274   
5.021653   244.098743   
5.025658   244.618694   
5.029662   245.139127   
5.033667   245.660040   
5.037671   246.181433   
5.041676   246.703305   
5.045680   247.225655   
5.049685   247.748482   
5.053689   248.271785   
5.057694   248.795563   
5.061698   249.319816   
5.065703   249.844543   
5.069707   250.369744   
5.073712   250.895416   
5.077716   251.421560   
5.081721   251.948175   
5.085725   252.475260   
5.089730   253.002815   
5.093734   253.530838   
5.097739   254.059329   
5.101743   254.588287   
5.105748   255.117712   
5.109752   255.647603   
5.113757   256.177959   
5.117761   256.708779   
5.121766   257.240064   
5.125770   257.771811   
5.129775   258.304022   
5.133779   258.836694   
5.137784   259.369828   
5.141788   259.903422   
5.145793   260.437476   
5.149797   260.971990   
5.153802   261.506963   
5.157806   262.042395   
5.161811   262.578284   
5.165815   263.114630   
5.169820   263.651433   
5.173824   264.188692   
5.177829   264.726407   
5.181833   265.264577   
5.185838   265.803201   
5.189842   266.342279   
5.193847   266.881810   
5.197851   267.421794   
5.201856   267.962231   
5.205860   268.503120   
5.209865   269.044459   
5.213869   269.586250   
5.217874   270.128491   
5.221879   270.671182   
5.225883   271.214323   
5.229888   271.757912   
5.233892   272.301950   
5.237897   272.846436   
5.241901   273.391369   
5.245906   273.936750   
5.249910   274.482577   
5.253915   275.028850   
5.257919   275.575569   
5.261924   276.122734   
5.265928   276.670343   
5.269933   277.218397   
5.273937   277.766894   
5.277942   278.315836   
5.281946   278.865221   
5.285951   279.415048   
5.289955   279.965318   
5.293960   280.516030   
5.297964   281.067184   
5.301969   281.618778   
5.305973   282.170814   
5.309978   282.723290   
5.313982   283.276206   
5.317987   283.829562   
5.321991   284.383358   
5.325996   284.937592   
5.330000   285.492265   
5.334005   286.047376   
5.338009   286.602925   
5.342014   287.158911   
5.346018   287.715335   
5.350023   288.272196   
5.354027   288.829493   
5.358032   289.387226   
5.362036   289.945395   
5.366041   290.504000   
5.370045   291.063040   
5.374050   291.622514   
5.378054   292.182424   
5.382059   292.742767   
5.386063   293.303544   
5.390068   293.864755   
5.394072   294.426399   
5.398077   294.988476   
5.402081   295.550986   
5.406086   296.113928   
5.410090   296.677302   
5.414095   297.241108   
5.418099   297.805345   
5.422104   298.370014   
5.426108   298.935113   
5.430113   299.500643   
5.434117   300.066603   
5.438122   300.632994   
5.442126   301.199814   
5.446131   301.767063   
5.450135   302.334742   
5.454140   302.902850   
5.458144   303.471386   
5.462149   304.040351   
5.466154   304.609744   
5.470158   305.179564   
5.474163   305.749813   
5.478167   306.320489   
5.482172   306.891591   
5.486176   307.463121   
5.490181   308.035077   
5.494185   308.607460   
5.498190   309.180269   
5.502194   309.753503   
5.506199   310.327164   
5.510203   310.901249   
5.514208   311.475760   
5.518212   312.050696   
5.522217   312.626056   
5.526221   313.201841   
5.530226   313.778050   
5.534230   314.354683   
5.538235   314.931739   
5.542239   315.509220   
5.546244   316.087123   
5.550248   316.665450   
5.554253   317.244200   
5.558257   317.823372   
5.562262   318.402966   
5.566266   318.982983   
5.570271   319.563422   
5.574275   320.144283   
5.578280   320.725565   
5.582284   321.307269   
5.586289   321.889394   
5.590293   322.471940   
5.594298   323.054906   
5.598302   323.638293   
5.602307   324.222101   
5.606311   324.806329   
5.610316   325.390977   
5.614320   325.976044   
5.618325   326.561531   
5.622329   327.147438   
5.626334   327.733764   
5.630338   328.320508   
5.634343   328.907672   
5.638347   329.495254   
5.642352   330.083255   
5.646356   330.671674   
5.650361   331.260511   
5.654365   331.849766   
5.658370   332.439439   
5.662374   333.029530   
5.666379   333.620038   
5.670383   334.210963   
5.674388   334.802305   
5.678392   335.394064   
5.682397   335.986239   
5.686401   336.578832   
5.690406   337.171840   
5.694410   337.765265   
5.698415   338.359106   
5.702419   338.953363   
5.706424   339.548035   
5.710428   340.143123   
5.714433   340.738626   
5.718438   341.334545   
5.722442   341.930878   
5.726447   342.527627   
5.730451   343.124790   
5.734456   343.722368   
5.738460   344.320360   
5.742465   344.918767   
5.746469   345.517588   
5.750474   346.116822   
5.754478   346.716471   
5.758483   347.316533   
5.762487   347.917009   
5.766492   348.517898   
5.770496   349.119200   
5.774501   349.720916   
5.778505   350.323044   
5.782510   350.925585   
5.786514   351.528539   
5.790519   352.131905   
5.794523   352.735684   
5.798528   353.339875   
5.802532   353.944478   
5.806537   354.549493   
5.810541   355.154920   
5.814546   355.760759   
5.818550   356.367009   
5.822555   356.973670   
5.826559   357.580743   
5.830564   358.188227   
5.834568   358.796122   
5.838573   359.404428   
5.842577   360.013145   
5.846582   360.622272   
5.850586   361.231810   
5.854591   361.841758   
5.858595   362.452116   
5.862600   363.062885   
5.866604   363.674064   
5.870609   364.285652   
5.874613   364.897650   
5.878618   365.510058   
5.882622   366.122875   
5.886627   366.736102   
5.890631   367.349738   
5.894636   367.963783   
5.898640   368.578237   
5.902645   369.193100   
5.906649   369.808372   
5.910654   370.424053   
5.914658   371.040142   
5.918663   371.656639   
5.922667   372.273545   
5.926672   372.890859   
5.930676   373.508581   
5.934681   374.126712   
5.938685   374.745250   
5.942690   375.364195   
5.946694   375.983549   
5.950699   376.603310   
5.954703   377.223478   
5.958708   377.844054   
5.962713   378.465037   
5.966717   379.086427   
5.970722   379.708224   
5.974726   380.330428   
5.978731   380.953039   
5.982735   381.576057   
5.986740   382.199481   
5.990744   382.823311   
5.994749   383.447548   
5.998753   384.072191   
6.002758   384.697241   
6.006762   385.322696   
6.010767   385.948558   
6.014771   386.574825   
6.018776   387.201498   
6.022780   387.828577   
6.026785   388.456061   
6.030789   389.083951   
6.034794   389.712246   
6.038798   390.340947   
6.042803   390.970052   
6.046807   391.599563   
6.050812   392.229479   
6.054816   392.859799   
6.058821   393.490525   
6.062825   394.121655   
6.066830   394.753190   
6.070834   395.385129   
6.074839   396.017473   
6.078843   396.650221   
6.082848   397.283373   
6.086852   397.916930   
6.090857   398.550890   
6.094861   399.185255   
6.098866   399.820023   
6.102870   400.455196   
6.106875   401.090772   
6.110879   401.726751   
6.114884   402.363134   
6.118888   402.999921   
6.122893   403.637111   
6.126897   404.274704   
6.130902   404.912701   
6.134906   405.551100   
6.138911   406.189903   
6.142915   406.829108   
6.146920   407.468717   
6.150924   408.108728   
6.154929   408.749142   
6.158933   409.389958   
6.162938   410.031177   
6.166942   410.672799   
6.170947   411.314823   
6.174951   411.957249   
6.178956   412.600077   
6.182960   413.243308   
6.186965   413.886940   
6.190969   414.530974   
6.194974   415.175411   
6.198978   415.820249   
6.202983   416.465489   
6.206987   417.111130   
6.210992   417.757174   
6.214997   418.403618   
6.219001   419.050464   
6.223006   419.697712   
6.227010   420.345360   
6.231015   420.993410   
6.235019   421.641861   
6.239024   422.290713   
6.243028   422.939966   
6.247033   423.589620   
6.251037   424.239675   
6.255042   424.890131   
6.259046   425.540987   
6.263051   426.192244   
6.267055   426.843901   
6.271060   427.495959   
6.275064   428.148417   
6.279069   428.801276   
6.283073   429.454535   
6.287078   430.108194   
6.291082   430.762253   
6.295087   431.416712   
6.299091   432.071571   
6.303096   432.726830   
6.307100   433.382489   
6.311105   434.038548   
6.315109   434.695006   
6.319114   435.351864   
6.323118   436.009121   
6.327123   436.666778   
6.331127   437.324835   
6.335132   437.983291   
6.339136   438.642146   
6.343141   439.301400   
6.347145   439.961054   
6.351150   440.621107   
6.355154   441.281558   
6.359159   441.942409   
6.363163   442.603659   
6.367168   443.265307   
6.371172   443.927354   
6.375177   444.589800   
6.379181   445.252645   
6.383186   445.915888   
6.387190   446.579530   
6.391195   447.243570   
6.395199   447.908008   
6.399204   448.572845   
6.403208   449.238081   
6.407213   449.903714   
6.411217   450.569746   
6.415222   451.236175   
6.419226   451.903003   
6.423231   452.570229   
6.427235   453.237853   
6.431240   453.905874   
6.435244   454.574293   
6.439249   455.243110   
6.443253   455.912325   
6.447258   456.581938   
6.451262   457.251947   
6.455267   457.922355   
6.459272   458.593160   
6.463276   459.264362   
6.467281   459.935962   
6.471285   460.607959   
6.475290   461.280353   
6.479294   461.953144   
6.483299   462.626332   
6.487303   463.299918   
6.491308   463.973900   
6.495312   464.648280   
6.499317   465.323056   
6.503321   465.998229   
6.507326   466.673799   
6.511330   467.349766   
6.515335   468.026129   
6.519339   468.702889   
6.523344   469.380045   
6.527348   470.057598   
6.531353   470.735547   
6.535357   471.413893   
6.539362   472.092635   
6.543366   472.771774   
6.547371   473.451308   
6.551375   474.131239   
6.555380   474.811566   
6.559384   475.492289   
6.563389   476.173408   
6.567393   476.854923   
6.571398   477.536834   
6.575402   478.219141   
6.579407   478.901844   
6.583411   479.584942   
6.587416   480.268437   
6.591420   480.952326   
6.595425   481.636612   
6.599429   482.321293   
6.603434   483.006370   
6.607438   483.691842   
6.611443   484.377709   
6.615447   485.063972   
6.619452   485.750630   
6.623456   486.437683   
6.627461   487.125132   
6.631465   487.812976   
6.635470   488.501215   
6.639474   489.189849   
6.643479   489.878878   
6.647483   490.568302   
6.651488   491.258121   
6.655492   491.948335   
6.659497   492.638944   
6.663501   493.329947   
6.667506   494.021345   
6.671510   494.713138   
6.675515   495.405326   
6.679519   496.097908   
6.683524   496.790885   
6.687528   497.484256   
6.691533   498.178022   
6.695537   498.872182   
6.699542   499.566737   
6.703546   500.261686   
6.707551   500.957029   
6.711556   501.652766   
6.715560   502.348898   
6.719565   503.045424   
6.723569   503.742344   
6.727574   504.439658   
6.731578   505.137366   
6.735583   505.835468   
6.739587   506.533964   
6.743592   507.232853   
6.747596   507.932137   
6.751601   508.631814   
6.755605   509.331886   
6.759610   510.032351   
6.763614   510.733209   
6.767619   511.434461   
6.771623   512.136107   
6.775628   512.838147   
6.779632   513.540579   
6.783637   514.243406   
6.787641   514.946625   
6.791646   515.650238   
6.795650   516.354245   
6.799655   517.058645   
6.803659   517.763438   
6.807664   518.468624   
6.811668   519.174203   
6.815673   519.880176   
6.819677   520.586541   
6.823682   521.293300   
6.827686   522.000451   
6.831691   522.707996   
6.835695   523.415934   
6.839700   524.124264   
6.843704   524.832987   
6.847709   525.542103   
6.851713   526.251612   
6.855718   526.961514   
6.859722   527.671808   
6.863727   528.382495   
6.867731   529.093574   
6.871736   529.805046   
6.875740   530.516911   
6.879745   531.229168   
6.883749   531.941817   
6.887754   532.654859   
6.891758   533.368293   
6.895763   534.082120   
6.899767   534.796339   
6.903772   535.510950   
6.907776   536.225953   
6.911781   536.941349   
6.915785   537.657137   
6.919790   538.373317   
6.923794   539.089888   
6.927799   539.806852   
6.931803   540.524208   
6.935808   541.241956   
6.939812   541.960096   
6.943817   542.678628   
6.947821   543.397551   
6.951826   544.116866   
6.955831   544.836574   
6.959835   545.556672   
6.963840   546.277163   
6.967844   546.998045   
6.971849   547.719319   
6.975853   548.440984   
6.979858   549.163041   
6.983862   549.885490   
6.987867   550.608330   
6.991871   551.331561   
6.995876   552.055184   
6.999880   552.779198   
7.003885   553.503604   
7.007889   554.228401   
7.011894   554.953589   
7.015898   555.679168   
7.019903   556.405139   
7.023907   557.131501   
7.027912   557.858254   
7.031916   558.585398   
7.035921   559.312933   
7.039925   560.040859   
7.043930   560.769176   
7.047934   561.497884   
7.051939   562.226983   
7.055943   562.956473   
7.059948   563.686354   
7.063952   564.416625   
7.067957   565.147287   
7.071961   565.878341   
7.075966   566.609784   
7.079970   567.341619   
7.083975   568.073844   
7.087979   568.806460   
7.091984   569.539466   
7.095988   570.272863   
7.099993   571.006651   
7.103997   571.740829   
7.108002   572.475397   
7.112006   573.210356   
7.116011   573.945706   
7.120015   574.681445   
7.124020   575.417575   
7.128024   576.154095   
7.132029   576.891006   
7.136033   577.628307   
7.140038   578.365998   
7.144042   579.104079   
7.148047   579.842550   
7.152051   580.581412   
7.156056   581.320663   
7.160060   582.060305   
7.164065   582.800336   
7.168069   583.540758   
7.172074   584.281569   
7.176078   585.022771   
7.180083   585.764362   
7.184087   586.506343   
7.188092   587.248714   
7.192096   587.991475   
7.196101   588.734626   
7.200105   589.478166   
7.204110   590.222096   
7.208115   590.966416   
7.212119   591.711125   
7.216124   592.456224   
7.220128   593.201713   
7.224133   593.947591   
7.228137   594.693858   
7.232142   595.440516   
7.236146   596.187562   
7.240151   596.934998   
7.244155   597.682824   
7.248160   598.431038   
7.252164   599.179643   
7.256169   599.928636   
7.260173   600.678019   
7.264178   601.427791   
7.268182   602.177952   
7.272187   602.928503   
7.276191   603.679442   
7.280196   604.430771   
7.284200   605.182489   
7.288205   605.934596   
7.292209   606.687092   
7.296214   607.439977   
7.300218   608.193251   
7.304223   608.946914   
7.308227   609.700966   
7.312232   610.455407   
7.316236   611.210237   
7.320241   611.965455   
7.324245   612.721063   
7.328250   613.477059   
7.332254   614.233444   
7.336259   614.990218   
7.340263   615.747380   
7.344268   616.504931   
7.348272   617.262871   
7.352277   618.021199   
7.356281   618.779917   
7.360286   619.539022   
7.364290   620.298516   
7.368295   621.058399   
7.372299   621.818670   
7.376304   622.579330   
7.380308   623.340378   
7.384313   624.101815   
7.388317   624.863639   
7.392322   625.625853   
7.396326   626.388454   
7.400331   627.151444   
7.404335   627.914822   
7.408340   628.678589   
7.412344   629.442744   
7.416349   630.207286   
7.420353   630.972217   
7.424358   631.737537   
7.428362   632.503244   
7.432367   633.269339   
7.436371   634.035823   
7.440376   634.802694   
7.444380   635.569954   
7.448385   636.337601   
7.452390   637.105637   
7.456394   637.874060   
7.460399   638.642871   
7.464403   639.412070   
7.468408   640.181657   
7.472412   640.951632   
7.476417   641.721995   
7.480421   642.492745   
7.484426   643.263883   
7.488430   644.035409   
7.492435   644.807323   
7.496439   645.579624   
7.500444   646.352313   
7.504448   647.125390   
7.508453   647.898854   
7.512457   648.672706   
7.516462   649.446945   
7.520466   650.221572   
7.524471   650.996586   
7.528475   651.771988   
7.532480   652.547777   
7.536484   653.323954   
7.540489   654.100518   
7.544493   654.877469   
7.548498   655.654808   
7.552502   656.432534   
7.556507   657.210648   
7.560511   657.989148   
7.564516   658.768036   
7.568520   659.547311   
7.572525   660.326974   
7.576529   661.107023   
7.580534   661.887460   
7.584538   662.668284   
7.588543   663.449495   
7.592547   664.231093   
7.596552   665.013078   
7.600556   665.795450   
7.604561   666.578209   
7.608565   667.361355   
7.612570   668.144888   
7.616574   668.928808   
7.620579   669.713115   
7.624583   670.497809   
7.628588   671.282889   
7.632592   672.068357   
7.636597   672.854211   
7.640601   673.640452   
7.644606   674.427080   
7.648610   675.214095   
7.652615   676.001496   
7.656619   676.789284   
7.660624   677.577459   
7.664628   678.366020   
7.668633   679.154968   
7.672637   679.944303   
7.676642   680.734024   
7.680646   681.524132   
7.684651   682.314626   
7.688655   683.105507   
7.692660   683.896774   
7.696664   684.688428   
7.700669   685.480468   
7.704674   686.272895   
7.708678   687.065708   
7.712683   687.858907   
7.716687   688.652493   
7.720692   689.446465   
7.724696   690.240823   
7.728701   691.035568   
7.732705   691.830699   
7.736710   692.626216   
7.740714   693.422119   
7.744719   694.218409   
7.748723   695.015084   
7.752728   695.812146   
7.756732   696.609594   
7.760737   697.407428   
7.764741   698.205649   
7.768746   699.004255   
7.772750   699.803247   
7.776755   700.602625   
7.780759   701.402390   
7.784764   702.202540   
7.788768   703.003076   
7.792773   703.803998   
7.796777   704.605306   
7.800782   705.407000   
7.804786   706.209080   
7.808791   707.011546   
7.812795   707.814397   
7.816800   708.617634   
7.820804   709.421257   
7.824809   710.225266   
7.828813   711.029661   
7.832818   711.834441   
7.836822   712.639607   
7.840827   713.445158   
7.844831   714.251095   
7.848836   715.057418   
7.852840   715.864127   
7.856845   716.671221   
7.860849   717.478700   
7.864854   718.286565   
7.868858   719.094816   
7.872863   719.903452   
7.876867   720.712474   
7.880872   721.521881   
7.884876   722.331673   
7.888881   723.141851   
7.892885   723.952414   
7.896890   724.763363   
7.900894   725.574697   
7.904899   726.386416   
7.908903   727.198520   
7.912908   728.011010   
7.916912   728.823885   
7.920917   729.637146   
7.924921   730.450791   
7.928926   731.264822   
7.932930   732.079238   
7.936935   732.894039   
7.940939   733.709225   
7.944944   734.524797   
7.948949   735.340753   
7.952953   736.157095   
7.956958   736.973821   
7.960962   737.790933   
7.964967   738.608430   
7.968971   739.426311   
7.972976   740.244578   
7.976980   741.063229   
7.980985   741.882266   
7.984989   742.701687   
7.988994   743.521494   
7.992998   744.341685   
7.997003   745.162261   
8.001007   745.983222   
8.005012   746.804567   
