0.004005   0.000000   
0.008009   0.000061   
0.012014   -0.000014   
0.016018   -0.000243   
0.020023   -0.000639   
0.024027   -0.001210   
0.028032   -0.001962   
0.032036   -0.002896   
0.036041   -0.004013   
0.040045   -0.005315   
0.044050   -0.006801   
0.048054   -0.008469   
0.052059   -0.010318   
0.056063   -0.012347   
0.060068   -0.014554   
0.064072   -0.016936   
0.068077   -0.019490   
0.072081   -0.022216   
0.076086   -0.025109   
0.080090   -0.028167   
0.084095   -0.031387   
0.088099   -0.034767   
0.092104   -0.038303   
0.096108   -0.041993   
0.100113   -0.045834   
0.104117   -0.049822   
0.108122   -0.053954   
0.112126   -0.058228   
0.116131   -0.062640   
0.120135   -0.067187   
0.124140   -0.071866   
0.128144   -0.076675   
0.132149   -0.081609   
0.136153   -0.086666   
0.140158   -0.091843   
0.144162   -0.097136   
0.148167   -0.102543   
0.152171   -0.108060   
0.156176   -0.113685   
0.160180   -0.119414   
0.164185   -0.125244   
0.168189   -0.131172   
0.172194   -0.137195   
0.176198   -0.143311   
0.180203   -0.149516   
0.184207   -0.155806   
0.188212   -0.162180   
0.192216   -0.168635   
0.196221   -0.175166   
0.200225   -0.181772   
0.204230   -0.188449   
0.208234   -0.195195   
0.212239   -0.202006   
0.216243   -0.208880   
0.220248   -0.215814   
0.224252   -0.222805   
0.228257   -0.229851   
0.232261   -0.236948   
0.236266   -0.244093   
0.240270   -0.251285   
0.244275   -0.258520   
0.248279   -0.265795   
0.252284   -0.273108   
0.256289   -0.280455   
0.260293   -0.287836   
0.264298   -0.295246   
0.268302   -0.302683   
0.272307   -0.310144   
0.276311   -0.317627   
0.280316   -0.325130   
0.284320   -0.332649   
0.288325   -0.340182   
0.292329   -0.347726   
0.296334   -0.355280   
0.300338   -0.362840   
0.304343   -0.370404   
0.308347   -0.377969   
0.312352   -0.385534   
0.316356   -0.393095   
0.320361   -0.400650   
0.324365   -0.408197   
0.328370   -0.415733   
0.332374   -0.423256   
0.336379   -0.430763   
0.340383   -0.438253   
0.344388   -0.445722   
0.348392   -0.453169   
0.352397   -0.460591   
0.356401   -0.467986   
0.360406   -0.475351   
0.364410   -0.482685   
0.368415   -0.489985   
0.372419   -0.497249   
0.376424   -0.504474   
0.380428   -0.511658   
0.384433   -0.518800   
0.388437   -0.525896   
0.392442   -0.532946   
0.396446   -0.539946   
0.400451   -0.546894   
0.404455   -0.553789   
0.408460   -0.560628   
0.412464   -0.567409   
0.416469   -0.574130   
0.420473   -0.580789   
0.424478   -0.587384   
0.428482   -0.593913   
0.432487   -0.600373   
0.436491   -0.606764   
0.440496   -0.613082   
0.444500   -0.619325   
0.448505   -0.625492   
0.452509   -0.631581   
0.456514   -0.637590   
0.460518   -0.643517   
0.464523   -0.649359   
0.468527   -0.655115   
0.472532   -0.660784   
0.476536   -0.666362   
0.480541   -0.671849   
0.484545   -0.677241   
0.488550   -0.682538   
0.492554   -0.687738   
0.496559   -0.692838   
0.500564   -0.697837   
0.504568   -0.702734   
0.508573   -0.707525   
0.512577   -0.712209   
0.516582   -0.716786   
0.520586   -0.721251   
0.524591   -0.725605   
0.528595   -0.729845   
0.532600   -0.733970   
0.536604   -0.737977   
0.540609   -0.741865   
0.544613   -0.745632   
0.548618   -0.749277   
0.552622   -0.752797   
0.556627   -0.756191   
0.560631   -0.759458   
0.564636   -0.762595   
0.568640   -0.765602   
0.572645   -0.768476   
0.576649   -0.771215   
0.580654   -0.773818   
0.584658   -0.776284   
0.588663   -0.778610   
0.592667   -0.780796   
0.596672   -0.782839   
0.600676   -0.784738   
0.604681   -0.786491   
0.608685   -0.788097   
0.612690   -0.789554   
0.616694   -0.790861   
0.620699   -0.792016   
0.624703   -0.793017   
0.628708   -0.793863   
0.632712   -0.794552   
0.636717   -0.795083   
0.640721   -0.795455   
0.644726   -0.795665   
0.648730   -0.795713   
0.652735   -0.795596   
0.656739   -0.795314   
0.660744   -0.794865   
0.664748   -0.794246   
0.668753   -0.793458   
0.672757   -0.792498   
0.676762   -0.791366   
0.680766   -0.790058   
0.684771   -0.788575   
0.688775   -0.786914   
0.692780   -0.785075   
0.696784   -0.783056   
0.700789   -0.780855   
0.704793   -0.778471   
0.708798   -0.775902   
0.712802   -0.773148   
0.716807   -0.770207   
0.720811   -0.767077   
0.724816   -0.763757   
0.728820   -0.760246   
0.732825   -0.756542   
0.736829   -0.752645   
0.740834   -0.748552   
0.744838   -0.744262   
0.748843   -0.739775   
0.752848   -0.735088   
0.756852   -0.730201   
0.760857   -0.725112   
0.764861   -0.719820   
0.768866   -0.714323   
0.772870   -0.708620   
0.776875   -0.702711   
0.780879   -0.696593   
0.784884   -0.690265   
0.788888   -0.683727   
0.792893   -0.676976   
0.796897   -0.670012   
0.800902   -0.662833   
0.804906   -0.655439   
0.808911   -0.647827   
0.812915   -0.639997   
0.816920   -0.631948   
0.820924   -0.623678   
0.824929   -0.615185   
0.828933   -0.606470   
0.832938   -0.597530   
0.836942   -0.588365   
0.840947   -0.578972   
0.844951   -0.569352   
0.848956   -0.559503   
0.852960   -0.549423   
0.856965   -0.539112   
0.860969   -0.528568   
0.864974   -0.517790   
0.868978   -0.506778   
0.872983   -0.495529   
0.876987   -0.484043   
0.880992   -0.472318   
0.884996   -0.460354   
0.889001   -0.448150   
0.893005   -0.435703   
0.897010   -0.423014   
0.901014   -0.410080   
0.905019   -0.396902   
0.909023   -0.383477   
0.913028   -0.369805   
0.917032   -0.355884   
0.921037   -0.341714   
0.925041   -0.327293   
0.929046   -0.312621   
0.933050   -0.297696   
0.937055   -0.282517   
0.941059   -0.267083   
0.945064   -0.251393   
0.949068   -0.235446   
0.953073   -0.219241   
0.957077   -0.202777   
0.961082   -0.186052   
0.965086   -0.169067   
0.969091   -0.151819   
0.973095   -0.134308   
0.977100   -0.116533   
0.981104   -0.098492   
0.985109   -0.080185   
0.989113   -0.061610   
0.993118   -0.042767   
0.997123   -0.023655   
1.001127   -0.004272   
1.005132   0.015382   
1.009136   0.035308   
1.013141   0.055508   
1.017145   0.075982   
1.021150   0.096732   
1.025154   0.117757   
1.029159   0.139060   
1.033163   0.160642   
1.037168   0.182503   
1.041172   0.204643   
1.045177   0.227065   
1.049181   0.249770   
1.053186   0.272757   
1.057190   0.296028   
1.061195   0.319584   
1.065199   0.343426   
1.069204   0.367555   
1.073208   0.391972   
1.077213   0.416677   
1.081217   0.441672   
1.085222   0.466958   
1.089226   0.492535   
1.093231   0.518404   
1.097235   0.544567   
1.101240   0.571024   
1.105244   0.597776   
1.109249   0.624824   
1.113253   0.652169   
1.117258   0.679811   
1.121262   0.707753   
1.125267   0.735994   
1.129271   0.764535   
1.133276   0.793378   
1.137280   0.822523   
1.141285   0.851971   
1.145289   0.881723   
1.149294   0.911780   
1.153298   0.942143   
1.157303   0.972812   
1.161307   1.003789   
1.165312   1.035074   
1.169316   1.066668   
1.173321   1.098572   
1.177325   1.130787   
1.181330   1.163314   
1.185334   1.196153   
1.189339   1.229305   
1.193343   1.262772   
1.197348   1.296553   
1.201352   1.330651   
1.205357   1.365065   
1.209361   1.399797   
1.213366   1.434847   
1.217370   1.470216   
1.221375   1.505905   
1.225379   1.541914   
1.229384   1.578246   
1.233388   1.614899   
1.237393   1.651876   
1.241397   1.689177   
1.245402   1.726803   
1.249407   1.764754   
1.253411   1.803031   
1.257416   1.841636   
1.261420   1.880568   
1.265425   1.919829   
1.269429   1.959420   
1.273434   1.999341   
1.277438   2.039593   
1.281443   2.080177   
1.285447   2.121093   
1.289452   2.162342   
1.293456   2.203926   
1.297461   2.245845   
1.301465   2.288099   
1.305470   2.330689   
1.309474   2.373617   
1.313479   2.416883   
1.317483   2.460487   
1.321488   2.504430   
1.325492   2.548714   
1.329497   2.593338   
1.333501   2.638304   
1.337506   2.683613   
1.341510   2.729264   
1.345515   2.775259   
1.349519   2.821599   
1.353524   2.868284   
1.357528   2.915315   
1.361533   2.962692   
1.365537   3.010417   
1.369542   3.058491   
1.373546   3.106912   
1.377551   3.155684   
1.381555   3.204806   
1.385560   3.254278   
1.389564   3.304103   
1.393569   3.354279   
1.397573   3.404809   
1.401578   3.455693   
1.405582   3.506931   
1.409587   3.558524   
1.413591   3.610473   
1.417596   3.662778   
1.421600   3.715441   
1.425605   3.768461   
1.429609   3.821840   
1.433614   3.875579   
1.437618   3.929677   
1.441623   3.984136   
1.445627   4.038956   
1.449632   4.094138   
1.453636   4.149683   
1.457641   4.205591   
1.461645   4.261863   
1.465650   4.318500   
1.469654   4.375502   
1.473659   4.432869   
1.477663   4.490604   
1.481668   4.548705   
1.485672   4.607175   
1.489677   4.666013   
1.493682   4.725220   
1.497686   4.784797   
1.501691   4.844745   
1.505695   4.905063   
1.509700   4.965754   
1.513704   5.026816   
1.517709   5.088252   
1.521713   5.150062   
1.525718   5.212245   
1.529722   5.274804   
1.533727   5.337738   
1.537731   5.401049   
1.541736   5.464736   
1.545740   5.528800   
1.549745   5.593243   
1.553749   5.658064   
1.557754   5.723265   
1.561758   5.788845   
1.565763   5.854806   
1.569767   5.921148   
1.573772   5.987872   
1.577776   6.054978   
1.581781   6.122467   
1.585785   6.190340   
1.589790   6.258596   
1.593794   6.327238   
1.597799   6.396264   
1.601803   6.465677   
1.605808   6.535476   
1.609812   6.605662   
1.613817   6.676236   
1.617821   6.747199   
1.621826   6.818550   
1.625830   6.890290   
1.629835   6.962421   
1.633839   7.034942   
1.637844   7.107854   
1.641848   7.181158   
1.645853   7.254855   
1.649857   7.328944   
1.653862   7.403427   
1.657866   7.478304   
1.661871   7.553576   
1.665875   7.629243   
1.669880   7.705305   
1.673884   7.781764   
1.677889   7.858620   
1.681893   7.935873   
1.685898   8.013525   
1.689902   8.091574   
1.693907   8.170023   
1.697911   8.248872   
1.701916   8.328121   
1.705920   8.407770   
1.709925   8.487821   
1.713929   8.568274   
1.717934   8.649129   
1.721938   8.730388   
1.725943   8.812049   
1.729947   8.894115   
1.733952   8.976585   
1.737956   9.059461   
1.741961   9.142742   
1.745966   9.226429   
1.749970   9.310523   
1.753975   9.395025   
1.757979   9.479934   
1.761984   9.565251   
1.765988   9.650977   
1.769993   9.737113   
1.773997   9.823658   
1.778002   9.910614   
1.782006   9.997981   
1.786011   10.085759   
1.790015   10.173949   
1.794020   10.262552   
1.798024   10.351568   
1.802029   10.440997   
1.806033   10.530840   
1.810038   10.621098   
1.814042   10.711770   
1.818047   10.802859   
1.822051   10.894363   
1.826056   10.986284   
1.830060   11.078622   
1.834065   11.171377   
1.838069   11.264551   
1.842074   11.358143   
1.846078   11.452154   
1.850083   11.546584   
1.854087   11.641435   
1.858092   11.736706   
1.862096   11.832398   
1.866101   11.928512   
1.870105   12.025047   
1.874110   12.122005   
1.878114   12.219387   
1.882119   12.317191   
1.886123   12.415419   
1.890128   12.514072   
1.894132   12.613150   
1.898137   12.712653   
1.902141   12.812582   
1.906146   12.912937   
1.910150   13.013719   
1.914155   13.114928   
1.918159   13.216565   
1.922164   13.318630   
1.926168   13.421124   
1.930173   13.524047   
1.934177   13.627400   
1.938182   13.731182   
1.942186   13.835395   
1.946191   13.940039   
1.950195   14.045115   
1.954200   14.150622   
1.958204   14.256562   
1.962209   14.362934   
1.966213   14.469740   
1.970218   14.576980   
1.974222   14.684653   
1.978227   14.792762   
1.982231   14.901305   
1.986236   15.010284   
1.990241   15.119699   
1.994245   15.229550   
1.998250   15.339838   
2.002254   15.450563   
2.006259   15.561726   
2.010263   15.673328   
2.014268   15.785367   
2.018272   15.897846   
2.022277   16.010765   
2.026281   16.124123   
2.030286   16.237922   
2.034290   16.352161   
2.038295   16.466842   
2.042299   16.581964   
2.046304   16.697528   
2.050308   16.813535   
2.054313   16.929985   
2.058317   17.046878   
2.062322   17.164215   
2.066326   17.281996   
2.070331   17.400222   
2.074335   17.518892   
2.078340   17.638009   
2.082344   17.757571   
2.086349   17.877579   
2.090353   17.998034   
2.094358   18.118936   
2.098362   18.240285   
2.102367   18.362083   
2.106371   18.484329   
2.110376   18.607023   
2.114380   18.730167   
2.118385   18.853761   
2.122389   18.977804   
2.126394   19.102298   
2.130398   19.227242   
2.134403   19.352638   
2.138407   19.478485   
2.142412   19.604784   
2.146416   19.731535   
2.150421   19.858740   
2.154425   19.986397   
2.158430   20.114508   
2.162434   20.243073   
2.166439   20.372092   
2.170443   20.501566   
2.174448   20.631495   
2.178452   20.761880   
2.182457   20.892721   
2.186461   21.024017   
2.190466   21.155771   
2.194470   21.287981   
2.198475   21.420649   
2.202479   21.553775   
2.206484   21.687359   
2.210488   21.821401   
2.214493   21.955903   
2.218497   22.090863   
2.222502   22.226284   
2.226506   22.362164   
2.230511   22.498505   
2.234515   22.635307   
2.238520   22.772570   
2.242525   22.910294   
2.246529   23.048481   
2.250534   23.187129   
2.254538   23.326241   
2.258543   23.465815   
2.262547   23.605853   
2.266552   23.746354   
2.270556   23.887320   
2.274561   24.028750   
2.278565   24.170645   
2.282570   24.313005   
2.286574   24.455830   
2.290579   24.599122   
2.294583   24.742879   
2.298588   24.887104   
2.302592   25.031795   
2.306597   25.176954   
2.310601   25.322580   
2.314606   25.468674   
2.318610   25.615237   
2.322615   25.762268   
2.326619   25.909768   
2.330624   26.057738   
2.334628   26.206178   
2.338633   26.355087   
2.342637   26.504467   
2.346642   26.654318   
2.350646   26.804640   
2.354651   26.955433   
2.358655   27.106698   
2.362660   27.258436   
2.366664   27.410645   
2.370669   27.563328   
2.374673   27.716483   
2.378678   27.870112   
2.382682   28.024215   
2.386687   28.178792   
2.390691   28.333843   
2.394696   28.489370   
2.398700   28.645371   
2.402705   28.801847   
2.406709   28.958800   
2.410714   29.116228   
2.414718   29.274133   
2.418723   29.432515   
2.422727   29.591373   
2.426732   29.750709   
2.430736   29.910523   
2.434741   30.070814   
2.438745   30.231584   
2.442750   30.392833   
2.446754   30.554560   
2.450759   30.716767   
2.454763   30.879453   
2.458768   31.042619   
2.462772   31.206265   
2.466777   31.370392   
2.470781   31.535000   
2.474786   31.700088   
2.478790   31.865659   
2.482795   32.031710   
2.486800   32.198244   
2.490804   32.365260   
2.494809   32.532759   
2.498813   32.700741   
2.502818   32.869206   
2.506822   33.038154   
2.510827   33.207586   
2.514831   33.377503   
2.518836   33.547903   
2.522840   33.718789   
2.526845   33.890159   
2.530849   34.062015   
2.534854   34.234356   
2.538858   34.407183   
2.542863   34.580497   
2.546867   34.754297   
2.550872   34.928583   
2.554876   35.103357   
2.558881   35.278617   
2.562885   35.454366   
2.566890   35.630602   
2.570894   35.807327   
2.574899   35.984540   
2.578903   36.162241   
2.582908   36.340432   
2.586912   36.519112   
2.590917   36.698282   
2.594921   36.877941   
2.598926   37.058090   
2.602930   37.238730   
2.606935   37.419861   
2.610939   37.601482   
2.614944   37.783595   
2.618948   37.966199   
2.622953   38.149295   
2.626957   38.332883   
2.630962   38.516963   
2.634966   38.701536   
2.638971   38.886601   
2.642975   39.072160   
2.646980   39.258212   
2.650984   39.444757   
2.654989   39.631797   
2.658993   39.819330   
2.662998   40.007358   
2.667002   40.195881   
2.671007   40.384898   
2.675011   40.574411   
2.679016   40.764419   
2.683020   40.954923   
2.687025   41.145923   
2.691029   41.337418   
2.695034   41.529411   
2.699038   41.721900   
2.703043   41.914886   
2.707047   42.108369   
2.711052   42.302349   
2.715056   42.496828   
2.719061   42.691804   
2.723065   42.887278   
2.727070   43.083251   
2.731074   43.279722   
2.735079   43.476693   
2.739084   43.674162   
2.743088   43.872131   
2.747093   44.070600   
2.751097   44.269568   
2.755102   44.469037   
2.759106   44.669006   
2.763111   44.869475   
2.767115   45.070445   
2.771120   45.271917   
2.775124   45.473889   
2.779129   45.676363   
2.783133   45.879339   
2.787138   46.082817   
2.791142   46.286797   
2.795147   46.491280   
2.799151   46.696265   
2.803156   46.901753   
2.807160   47.107744   
2.811165   47.314239   
2.815169   47.521237   
2.819174   47.728739   
2.823178   47.936745   
2.827183   48.145255   
2.831187   48.354270   
2.835192   48.563789   
2.839196   48.773814   
2.843201   48.984343   
2.847205   49.195378   
2.851210   49.406918   
2.855214   49.618964   
2.859219   49.831516   
2.863223   50.044574   
2.867228   50.258139   
2.871232   50.472210   
2.875237   50.686788   
2.879241   50.901873   
2.883246   51.117466   
2.887250   51.333565   
2.891255   51.550173   
2.895259   51.767288   
2.899264   51.984912   
2.903268   52.203043   
2.907273   52.421684   
2.911277   52.640832   
2.915282   52.860490   
2.919286   53.080657   
2.923291   53.301333   
2.927295   53.522519   
2.931300   53.744214   
2.935304   53.966419   
2.939309   54.189135   
2.943313   54.412360   
2.947318   54.636096   
2.951322   54.860343   
2.955327   55.085101   
2.959331   55.310369   
2.963336   55.536149   
2.967340   55.762441   
2.971345   55.989243   
2.975349   56.216558   
2.979354   56.444385   
2.983359   56.672724   
2.987363   56.901575   
2.991368   57.130939   
2.995372   57.360816   
2.999377   57.591205   
3.003381   57.822108   
3.007386   58.053524   
3.011390   58.285453   
3.015395   58.517896   
3.019399   58.750853   
3.023404   58.984324   
3.027408   59.218309   
3.031413   59.452808   
3.035417   59.687822   
3.039422   59.923351   
3.043426   60.159394   
3.047431   60.395953   
3.051435   60.633027   
3.055440   60.870616   
3.059444   61.108721   
3.063449   61.347341   
3.067453   61.586478   
3.071458   61.826130   
3.075462   62.066299   
3.079467   62.306984   
3.083471   62.548186   
3.087476   62.789905   
3.091480   63.032140   
3.095485   63.274892   
3.099489   63.518162   
3.103494   63.761949   
3.107498   64.006254   
3.111503   64.251076   
3.115507   64.496416   
3.119512   64.742275   
3.123516   64.988651   
3.127521   65.235546   
3.131525   65.482959   
3.135530   65.730891   
3.139534   65.979342   
3.143539   66.228311   
3.147543   66.477800   
3.151548   66.727808   
3.155552   66.978335   
3.159557   67.229382   
3.163561   67.480949   
3.167566   67.733036   
3.171570   67.985642   
3.175575   68.238769   
3.179579   68.492416   
3.183584   68.746583   
3.187588   69.001271   
3.191593   69.256480   
3.195597   69.512210   
3.199602   69.768460   
3.203606   70.025232   
3.207611   70.282525   
3.211615   70.540340   
3.215620   70.798676   
3.219624   71.057533   
3.223629   71.316913   
3.227633   71.576814   
3.231638   71.837238   
3.235643   72.098184   
3.239647   72.359652   
3.243652   72.621643   
3.247656   72.884156   
3.251661   73.147193   
3.255665   73.410752   
3.259670   73.674834   
3.263674   73.939439   
3.267679   74.204568   
3.271683   74.470220   
3.275688   74.736395   
3.279692   75.003094   
3.283697   75.270317   
3.287701   75.538064   
3.291706   75.806335   
3.295710   76.075130   
3.299715   76.344449   
3.303719   76.614293   
3.307724   76.884661   
3.311728   77.155554   
3.315733   77.426972   
3.319737   77.698914   
3.323742   77.971382   
3.327746   78.244374   
3.331751   78.517892   
3.335755   78.791935   
3.339760   79.066504   
3.343764   79.341598   
3.347769   79.617217   
3.351773   79.893363   
3.355778   80.170034   
3.359782   80.447232   
3.363787   80.724955   
3.367791   81.003205   
3.371796   81.281981   
3.375800   81.561284   
3.379805   81.841113   
3.383809   82.121468   
3.387814   82.402351   
3.391818   82.683760   
3.395823   82.965696   
3.399827   83.248160   
3.403832   83.531150   
3.407836   83.814668   
3.411841   84.098713   
3.415845   84.383285   
3.419850   84.668385   
3.423854   84.954013   
3.427859   85.240168   
3.431863   85.526851   
3.435868   85.814062   
3.439872   86.101802   
3.443877   86.390069   
3.447881   86.678864   
3.451886   86.968188   
3.455890   87.258040   
3.459895   87.548421   
3.463899   87.839330   
3.467904   88.130768   
3.471908   88.422735   
3.475913   88.715230   
3.479918   89.008255   
3.483922   89.301808   
3.487927   89.595891   
3.491931   89.890502   
3.495936   90.185643   
3.499940   90.481314   
3.503945   90.777513   
3.507949   91.074243   
3.511954   91.371501   
3.515958   91.669290   
3.519963   91.967608   
3.523967   92.266456   
3.527972   92.565834   
3.531976   92.865742   
3.535981   93.166180   
3.539985   93.467148   
3.543990   93.768647   
3.547994   94.070675   
3.551999   94.373234   
3.556003   94.676324   
3.560008   94.979944   
3.564012   95.284094   
3.568017   95.588775   
3.572021   95.893987   
3.576026   96.199730   
3.580030   96.506003   
3.584035   96.812808   
3.588039   97.120143   
3.592044   97.428010   
3.596048   97.736407   
3.600053   98.045336   
3.604057   98.354796   
3.608062   98.664787   
3.612066   98.975310   
3.616071   99.286364   
3.620075   99.597950   
3.624080   99.910067   
3.628084   100.222716   
3.632089   100.535896   
3.636093   100.849608   
3.640098   101.163852   
3.644102   101.478628   
3.648107   101.793936   
3.652111   102.109775   
3.656116   102.426147   
3.660120   102.743051   
3.664125   103.060487   
3.668129   103.378455   
3.672134   103.696955   
3.676138   104.015988   
3.680143   104.335553   
3.684147   104.655650   
3.688152   104.976280   
3.692156   105.297442   
3.696161   105.619137   
3.700165   105.941364   
3.704170   106.264124   
3.708174   106.587417   
3.712179   106.911242   
3.716183   107.235600   
3.720188   107.560491   
3.724192   107.885915   
3.728197   108.211871   
3.732202   108.538361   
3.736206   108.865383   
3.740211   109.192939   
3.744215   109.521028   
3.748220   109.849649   
3.752224   110.178804   
3.756229   110.508492   
3.760233   110.838713   
3.764238   111.169468   
3.768242   111.500755   
3.772247   111.832576   
3.776251   112.164931   
3.780256   112.497819   
3.784260   112.831240   
3.788265   113.165195   
3.792269   113.499683   
3.796274   113.834704   
3.800278   114.170259   
3.804283   114.506348   
3.808287   114.842971   
3.812292   115.180127   
3.816296   115.517816   
3.820301   115.856040   
3.824305   116.194797   
3.828310   116.534088   
3.832314   116.873912   
3.836319   117.214271   
3.840323   117.555163   
3.844328   117.896589   
3.848332   118.238549   
3.852337   118.581043   
3.856341   118.924070   
3.860346   119.267632   
3.864350   119.611728   
3.868355   119.956357   
3.872359   120.301521   
3.876364   120.647218   
3.880368   120.993450   
3.884373   121.340216   
3.888377   121.687515   
3.892382   122.035349   
3.896386   122.383717   
3.900391   122.732619   
3.904395   123.082055   
3.908400   123.432025   
3.912404   123.782530   
3.916409   124.133568   
3.920413   124.485141   
3.924418   124.837248   
3.928422   125.189889   
3.932427   125.543065   
3.936431   125.896774   
3.940436   126.251018   
3.944440   126.605796   
3.948445   126.961108   
3.952449   127.316955   
3.956454   127.673336   
3.960458   128.030251   
3.964463   128.387700   
3.968467   128.745684   
3.972472   129.104201   
3.976477   129.463254   
3.980481   129.822840   
3.984486   130.182961   
3.988490   130.543616   
3.992495   130.904805   
3.996499   131.266529   
4.000504   131.628786   
4.004508   131.991579   
4.008513   132.354905   
4.012517   132.718766   
4.016522   133.083161   
4.020526   133.448090   
4.024531   133.813554   
4.028535   134.179551   
4.032540   134.546083   
4.036544   134.913150   
4.040549   135.280750   
4.044553   135.648885   
4.048558   136.017554   
4.052562   136.386758   
4.056567   136.756495   
4.060571   137.126767   
4.064576   137.497573   
4.068580   137.868913   
4.072585   138.240788   
4.076589   138.613196   
4.080594   138.986139   
4.084598   139.359616   
4.088603   139.733627   
4.092607   140.108172   
4.096612   140.483251   
4.100616   140.858865   
4.104621   141.235012   
4.108625   141.611694   
4.112630   141.988909   
4.116634   142.366659   
4.120639   142.744943   
4.124643   143.123760   
4.128648   143.503112   
4.132652   143.882997   
4.136657   144.263417   
4.140661   144.644370   
4.144666   145.025858   
4.148670   145.407879   
4.152675   145.790434   
4.156679   146.173523   
4.160684   146.557146   
4.164688   146.941302   
4.168693   147.325993   
4.172697   147.711217   
4.176702   148.096975   
4.180706   148.483266   
4.184711   148.870091   
4.188715   149.257450   
4.192720   149.645343   
4.196724   150.033769   
4.200729   150.422728   
4.204733   150.812221   
4.208738   151.202248   
4.212742   151.592808   
4.216747   151.983902   
4.220751   152.375529   
4.224756   152.767689   
4.228761   153.160383   
4.232765   153.553610   
4.236770   153.947370   
4.240774   154.341664   
4.244779   154.736491   
4.248783   155.131851   
4.252788   155.527744   
4.256792   155.924170   
4.260797   156.321129   
4.264801   156.718622   
4.268806   157.116647   
4.272810   157.515206   
4.276815   157.914297   
4.280819   158.313921   
4.284824   158.714078   
4.288828   159.114768   
4.292833   159.515991   
4.296837   159.917747   
4.300842   160.320035   
4.304846   160.722856   
4.308851   161.126209   
4.312855   161.530095   
4.316860   161.934514   
4.320864   162.339465   
4.324869   162.744948   
4.328873   163.150964   
4.332878   163.557512   
4.336882   163.964593   
4.340887   164.372206   
4.344891   164.780351   
4.348896   165.189028   
4.352900   165.598237   
4.356905   166.007979   
4.360909   166.418252   
4.364914   166.829058   
4.368918   167.240495   
4.372923   167.653026   
4.376927   168.067203   
4.380932   168.483456   
4.384936   168.902067   
4.388941   169.323180   
4.392945   169.746829   
4.396950   170.172971   
4.400954   170.601515   
4.404959   171.032340   
4.408963   171.465317   
4.412968   171.900314   
4.416972   172.337204   
4.420977   172.775868   
4.424981   173.216194   
4.428986   173.658084   
4.432990   174.101444   
4.436995   174.546193   
4.440999   174.992256   
4.445004   175.439566   
4.449008   175.888062   
4.453013   176.337689   
4.457017   176.788399   
4.461022   177.240146   
4.465026   177.692890   
4.469031   178.146593   
4.473036   178.601222   
4.477040   179.056746   
4.481045   179.513137   
4.485049   179.970370   
4.489054   180.428419   
4.493058   180.887264   
4.497063   181.346884   
4.501067   181.807261   
4.505072   182.268378   
4.509076   182.730217   
4.513081   183.192765   
4.517085   183.656008   
4.521090   184.119932   
4.525094   184.584526   
4.529099   185.049777   
4.533103   185.515677   
4.537108   185.982214   
4.541112   186.449379   
4.545117   186.917164   
4.549121   187.385561   
4.553126   187.854560   
4.557130   188.324156   
4.561135   188.794341   
4.565139   189.265108   
4.569144   189.736452   
4.573148   190.208365   
4.577153   190.680844   
4.581157   191.153882   
4.585162   191.627475   
4.589166   192.101616   
4.593171   192.576303   
4.597175   193.051530   
4.601180   193.527294   
4.605184   194.003589   
4.609189   194.480413   
4.613193   194.957762   
4.617198   195.435633   
4.621202   195.914021   
4.625207   196.392924   
4.629211   196.872338   
4.633216   197.352261   
4.637220   197.832690   
4.641225   198.313622   
4.645229   198.795054   
4.649234   199.276985   
4.653238   199.759411   
4.657243   200.242330   
4.661247   200.725739   
4.665252   201.209638   
4.669256   201.694023   
4.673261   202.178893   
4.677265   202.664245   
4.681270   203.150078   
4.685274   203.636390   
4.689279   204.123179   
4.693283   204.610443   
4.697288   205.098181   
4.701292   205.586392   
4.705297   206.075072   
4.709301   206.564222   
4.713306   207.053840   
4.717310   207.543923   
4.721315   208.034472   
4.725320   208.525484   
4.729324   209.016958   
4.733329   209.508893   
4.737333   210.001288   
4.741338   210.494141   
4.745342   210.987452   
4.749347   211.481218   
4.753351   211.975441   
4.757356   212.470117   
4.761360   212.965246   
4.765365   213.460827   
4.769369   213.956859   
4.773374   214.453342   
4.777378   214.950273   
4.781383   215.447653   
4.785387   215.945481   
4.789392   216.443754   
4.793396   216.942474   
4.797401   217.441638   
4.801405   217.941247   
4.805410   218.441298   
4.809414   218.941792   
4.813419   219.442728   
4.817423   219.944105   
4.821428   220.445923   
4.825432   220.948180   
4.829437   221.450875   
4.833441   221.954010   
4.837446   222.457581   
4.841450   222.961590   
4.845455   223.466035   
4.849459   223.970916   
4.853464   224.476232   
4.857468   224.981983   
4.861473   225.488167   
4.865477   225.994785   
4.869482   226.501836   
4.873486   227.009320   
4.877491   227.517235   
4.881495   228.025581   
4.885500   228.534359   
4.889504   229.043566   
4.893509   229.553203   
4.897513   230.063270   
4.901518   230.573766   
4.905522   231.084690   
4.909527   231.596042   
4.913531   232.107821   
4.917536   232.620028   
4.921540   233.132661   
4.925545   233.645720   
4.929549   234.159206   
4.933554   234.673116   
4.937558   235.187452   
4.941563   235.702212   
4.945567   236.217397   
4.949572   236.733006   
4.953576   237.249038   
4.957581   237.765493   
4.961585   238.282371   
4.965590   238.799671   
4.969595   239.317393   
4.973599   239.835538   
4.977604   240.354103   
4.981608   240.873090   
4.985613   241.392497   
4.989617   241.912325   
4.993622   242.432573   
4.997626   242.953241   
5.001631   243.474328   
5.005635   243.995835   
5.009640   244.517760   
5.013644   245.040104   
5.017649   245.562867   
5.021653   246.086047   
5.025658   246.609646   
5.029662   247.133662   
5.033667   247.658095   
5.037671   248.182945   
5.041676   248.708211   
5.045680   249.233895   
5.049685   249.759994   
5.053689   250.286510   
5.057694   250.813441   
5.061698   251.340787   
5.065703   251.868549   
5.069707   252.396726   
5.073712   252.925317   
5.077716   253.454324   
5.081721   253.983744   
5.085725   254.513579   
5.089730   255.043827   
5.093734   255.574489   
5.097739   256.105565   
5.101743   256.637053   
5.105748   257.168955   
5.109752   257.701269   
5.113757   258.233997   
5.117761   258.767136   
5.121766   259.300688   
5.125770   259.834652   
5.129775   260.369027   
5.133779   260.903814   
5.137784   261.439013   
5.141788   261.974623   
5.145793   262.510644   
5.149797   263.047076   
5.153802   263.583918   
5.157806   264.121171   
5.161811   264.658835   
5.165815   265.196908   
5.169820   265.735392   
5.173824   266.274285   
5.177829   266.813589   
5.181833   267.353301   
5.185838   267.893423   
5.189842   268.433954   
5.193847   268.974895   
5.197851   269.516244   
5.201856   270.058002   
5.205860   270.600168   
5.209865   271.142743   
5.213869   271.685726   
5.217874   272.229117   
5.221879   272.772916   
5.225883   273.317123   
5.229888   273.861738   
5.233892   274.406760   
5.237897   274.952190   
5.241901   275.498026   
5.245906   276.044270   
5.249910   276.590921   
5.253915   277.137979   
5.257919   277.685444   
5.261924   278.233315   
5.265928   278.781592   
5.269933   279.330276   
5.273937   279.879366   
5.277942   280.428862   
5.281946   280.978764   
5.285951   281.529072   
5.289955   282.079785   
5.293960   282.630905   
5.297964   283.182429   
5.301969   283.734359   
5.305973   284.286694   
5.309978   284.839434   
5.313982   285.392580   
5.317987   285.946130   
5.321991   286.500085   
5.325996   287.054444   
5.330000   287.609208   
5.334005   288.164376   
5.338009   288.719949   
5.342014   289.275926   
5.346018   289.832307   
5.350023   290.389092   
5.354027   290.946281   
5.358032   291.503874   
5.362036   292.061870   
5.366041   292.620270   
5.370045   293.179074   
5.374050   293.738281   
5.378054   294.297891   
5.382059   294.857904   
5.386063   295.418320   
5.390068   295.979140   
5.394072   296.540362   
5.398077   297.101987   
5.402081   297.664015   
5.406086   298.226445   
5.410090   298.789278   
5.414095   299.352513   
5.418099   299.916151   
5.422104   300.480190   
5.426108   301.044632   
5.430113   301.609476   
5.434117   302.174722   
5.438122   302.740370   
5.442126   303.306420   
5.446131   303.872871   
5.450135   304.439724   
5.454140   305.006979   
5.458144   305.574635   
5.462149   306.142692   
5.466154   306.711151   
5.470158   307.280011   
5.474163   307.849272   
5.478167   308.418934   
5.482172   308.988997   
5.486176   309.559461   
5.490181   310.130326   
5.494185   310.701592   
5.498190   311.273258   
5.502194   311.845325   
5.506199   312.417792   
5.510203   312.990660   
5.514208   313.563928   
5.518212   314.137596   
5.522217   314.711664   
5.526221   315.286133   
5.530226   315.861002   
5.534230   316.436271   
5.538235   317.011939   
5.542239   317.588008   
5.546244   318.164476   
5.550248   318.741344   
5.554253   319.318612   
5.558257   319.896279   
5.562262   320.474346   
5.566266   321.052812   
5.570271   321.631677   
5.574275   322.210942   
5.578280   322.790606   
5.582284   323.370669   
5.586289   323.951132   
5.590293   324.531993   
5.594298   325.113253   
5.598302   325.694913   
5.602307   326.276971   
5.606311   326.859427   
5.610316   327.442283   
5.614320   328.025537   
5.618325   328.609190   
5.622329   329.193241   
5.626334   329.777691   
5.630338   330.362539   
5.634343   330.947786   
5.638347   331.533431   
5.642352   332.119474   
5.646356   332.705915   
5.650361   333.292755   
5.654365   333.879992   
5.658370   334.467627   
5.662374   335.055661   
5.666379   335.644092   
5.670383   336.232921   
5.674388   336.822148   
5.678392   337.411773   
5.682397   338.001795   
5.686401   338.592215   
5.690406   339.183032   
5.694410   339.774247   
5.698415   340.365859   
5.702419   340.957869   
5.706424   341.550276   
5.710428   342.143080   
5.714433   342.736282   
5.718438   343.329880   
5.722442   343.923876   
5.726447   344.518269   
5.730451   345.113059   
5.734456   345.708246   
5.738460   346.303830   
5.742465   346.899810   
5.746469   347.496188   
5.750474   348.092962   
5.754478   348.690133   
5.758483   349.287700   
5.762487   349.885665   
5.766492   350.484025   
5.770496   351.082783   
5.774501   351.681936   
5.778505   352.281487   
5.782510   352.881433   
5.786514   353.481776   
5.790519   354.082515   
5.794523   354.683651   
5.798528   355.285182   
5.802532   355.887110   
5.806537   356.489434   
5.810541   357.092154   
5.814546   357.695269   
5.818550   358.298781   
5.822555   358.902689   
5.826559   359.506993   
5.830564   360.111692   
5.834568   360.716787   
5.838573   361.322278   
5.842577   361.928165   
5.846582   362.534447   
5.850586   363.141125   
5.854591   363.748198   
5.858595   364.355667   
5.862600   364.963532   
5.866604   365.571791   
5.870609   366.180447   
5.874613   366.789497   
5.878618   367.398943   
5.882622   368.008784   
5.886627   368.619021   
5.890631   369.229652   
5.894636   369.840679   
5.898640   370.452101   
5.902645   371.063918   
5.906649   371.676130   
5.910654   372.288737   
5.914658   372.901738   
5.918663   373.515135   
5.922667   374.128927   
5.926672   374.743113   
5.930676   375.357694   
5.934681   375.972670   
5.938685   376.588041   
5.942690   377.203806   
5.946694   377.819966   
5.950699   378.436521   
5.954703   379.053470   
5.958708   379.670813   
5.962713   380.288551   
5.966717   380.906684   
5.970722   381.525211   
5.974726   382.144132   
5.978731   382.763448   
5.982735   383.383158   
5.986740   384.003262   
5.990744   384.623760   
5.994749   385.244653   
5.998753   385.865940   
6.002758   386.487620   
6.006762   387.109695   
6.010767   387.732164   
6.014771   388.355027   
6.018776   388.978284   
6.022780   389.601935   
6.026785   390.225980   
6.030789   390.850419   
6.034794   391.475251   
6.038798   392.100477   
6.042803   392.726097   
6.046807   393.352111   
6.050812   393.978519   
6.054816   394.605320   
6.058821   395.232515   
6.062825   395.860103   
6.066830   396.488085   
6.070834   397.116461   
6.074839   397.745230   
6.078843   398.374392   
6.082848   399.003948   
6.086852   399.633897   
6.090857   400.264240   
6.094861   400.894976   
6.098866   401.526106   
6.102870   402.157628   
6.106875   402.789544   
6.110879   403.421853   
6.114884   404.054555   
6.118888   404.687651   
6.122893   405.321139   
6.126897   405.955021   
6.130902   406.589296   
6.134906   407.223963   
6.138911   407.859024   
6.142915   408.494478   
6.146920   409.130324   
6.150924   409.766564   
6.154929   410.403196   
6.158933   411.040221   
6.162938   411.677639   
6.166942   412.315450   
6.170947   412.953654   
6.174951   413.592250   
6.178956   414.231239   
6.182960   414.870621   
6.186965   415.510395   
6.190969   416.150562   
6.194974   416.791121   
6.198978   417.432073   
6.202983   418.073418   
6.206987   418.715155   
6.210992   419.357285   
6.214997   419.999807   
6.219001   420.642721   
6.223006   421.286028   
6.227010   421.929727   
6.231015   422.573818   
6.235019   423.218302   
6.239024   423.863178   
6.243028   424.508447   
6.247033   425.154107   
6.251037   425.800160   
6.255042   426.446605   
6.259046   427.093442   
6.263051   427.740671   
6.267055   428.388292   
6.271060   429.036305   
6.275064   429.684710   
6.279069   430.333508   
6.283073   430.982697   
6.287078   431.632278   
6.291082   432.282251   
6.295087   432.932616   
6.299091   433.583373   
6.303096   434.234522   
6.307100   434.886062   
6.311105   435.537995   
6.315109   436.190319   
6.319114   436.843035   
6.323118   437.496142   
6.327123   438.149641   
6.331127   438.803532   
6.335132   439.457815   
6.339136   440.112489   
6.343141   440.767555   
6.347145   441.423012   
6.351150   442.078861   
6.355154   442.735102   
6.359159   443.391733   
6.363163   444.048757   
6.367168   444.706172   
6.371172   445.363978   
6.375177   446.022175   
6.379181   446.680764   
6.383186   447.339745   
6.387190   447.999117   
6.391195   448.658879   
6.395199   449.319034   
6.399204   449.979579   
6.403208   450.640516   
6.407213   451.301844   
6.411217   451.963563   
6.415222   452.625673   
6.419226   453.288175   
6.423231   453.951067   
6.427235   454.614351   
6.431240   455.278025   
6.435244   455.942091   
6.439249   456.606548   
6.443253   457.271395   
6.447258   457.936634   
6.451262   458.602264   
6.455267   459.268284   
6.459272   459.934696   
6.463276   460.601498   
6.467281   461.268691   
6.471285   461.936275   
6.475290   462.604250   
6.479294   463.272616   
6.483299   463.941372   
6.487303   464.610519   
6.491308   465.280057   
6.495312   465.949986   
6.499317   466.620305   
6.503321   467.291015   
6.507326   467.962116   
6.511330   468.633607   
6.515335   469.305489   
6.519339   469.977761   
6.523344   470.650424   
6.527348   471.323477   
6.531353   471.996921   
6.535357   472.670756   
6.539362   473.344981   
6.543366   474.019596   
6.547371   474.694602   
6.551375   475.369998   
6.555380   476.045785   
6.559384   476.721962   
6.563389   477.398529   
6.567393   478.075486   
6.571398   478.752834   
6.575402   479.430573   
6.579407   480.108701   
6.583411   480.787220   
6.587416   481.466129   
6.591420   482.145428   
6.595425   482.825117   
6.599429   483.505196   
6.603434   484.185666   
6.607438   484.866526   
6.611443   485.547775   
6.615447   486.229415   
6.619452   486.911445   
6.623456   487.593865   
6.627461   488.276675   
6.631465   488.959875   
6.635470   489.643465   
6.639474   490.327445   
6.643479   491.011815   
6.647483   491.696575   
6.651488   492.381724   
6.655492   493.067264   
6.659497   493.753193   
6.663501   494.439512   
6.667506   495.126222   
6.671510   495.813320   
6.675515   496.500809   
6.679519   497.188688   
6.683524   497.876956   
6.687528   498.565614   
6.691533   499.254661   
6.695537   499.944099   
6.699542   500.633925   
6.703546   501.324142   
6.707551   502.014748   
6.711556   502.705744   
6.715560   503.397130   
6.719565   504.088905   
6.723569   504.781069   
6.727574   505.473624   
6.731578   506.166567   
6.735583   506.859900   
6.739587   507.553623   
6.743592   508.247735   
6.747596   508.942237   
6.751601   509.637128   
6.755605   510.332408   
6.759610   511.028078   
6.763614   511.724137   
6.767619   512.420586   
6.771623   513.117424   
6.775628   513.814651   
6.779632   514.512267   
6.783637   515.210273   
6.787641   515.908668   
6.791646   516.607453   
6.795650   517.306626   
6.799655   518.006189   
6.803659   518.706141   
6.807664   519.406482   
6.811668   520.107212   
6.815673   520.808332   
6.819677   521.509841   
6.823682   522.211738   
6.827686   522.914025   
6.831691   523.616701   
6.835695   524.319766   
6.839700   525.023220   
6.843704   525.727063   
6.847709   526.431295   
6.851713   527.135916   
6.855718   527.840926   
6.859722   528.546325   
6.863727   529.252113   
6.867731   529.958290   
6.871736   530.664855   
6.875740   531.371810   
6.879745   532.079153   
6.883749   532.786886   
6.887754   533.495007   
6.891758   534.203517   
6.895763   534.912416   
6.899767   535.621704   
6.903772   536.331380   
6.907776   537.041445   
6.911781   537.751899   
6.915785   538.462742   
6.919790   539.173973   
6.923794   539.885593   
6.927799   540.597602   
6.931803   541.309999   
6.935808   542.022785   
6.939812   542.735960   
6.943817   543.449523   
6.947821   544.163475   
6.951826   544.877815   
6.955831   545.592544   
6.959835   546.307662   
6.963840   547.023168   
6.967844   547.739062   
6.971849   548.455345   
6.975853   549.172017   
6.979858   549.889077   
6.983862   550.606525   
6.987867   551.324362   
6.991871   552.042588   
6.995876   552.761201   
6.999880   553.480204   
7.003885   554.199594   
7.007889   554.919373   
7.011894   555.639540   
7.015898   556.360096   
7.019903   557.081040   
7.023907   557.802372   
7.027912   558.524092   
7.031916   559.246201   
7.035921   559.968698   
7.039925   560.691583   
7.043930   561.414857   
7.047934   562.138518   
7.051939   562.862568   
7.055943   563.587006   
7.059948   564.311832   
7.063952   565.037047   
7.067957   565.762649   
7.071961   566.488640   
7.075966   567.215018   
7.079970   567.941785   
7.083975   568.668940   
7.087979   569.396483   
7.091984   570.124414   
7.095988   570.852732   
7.099993   571.581439   
7.103997   572.310534   
7.108002   573.040017   
7.112006   573.769888   
7.116011   574.500147   
7.120015   575.230794   
7.124020   575.961829   
7.128024   576.693251   
7.132029   577.425062   
7.136033   578.157260   
7.140038   578.889846   
7.144042   579.622820   
7.148047   580.356182   
7.152051   581.089932   
7.156056   581.824070   
7.160060   582.558595   
7.164065   583.293508   
7.168069   584.028809   
7.172074   584.764498   
7.176078   585.500574   
7.180083   586.237038   
7.184087   586.973890   
7.188092   587.711130   
7.192096   588.448757   
7.196101   589.186772   
7.200105   589.925174   
7.204110   590.663965   
7.208115   591.403142   
7.212119   592.142708   
7.216124   592.882661   
7.220128   593.623001   
7.224133   594.363730   
7.228137   595.104845   
7.232142   595.846349   
7.236146   596.588239   
7.240151   597.330518   
7.244155   598.073183   
7.248160   598.816237   
7.252164   599.559678   
7.256169   600.303506   
7.260173   601.047721   
7.264178   601.792325   
7.268182   602.537315   
7.272187   603.282693   
7.276191   604.028458   
7.280196   604.774611   
7.284200   605.521151   
7.288205   606.268078   
7.292209   607.015393   
7.296214   607.763095   
7.300218   608.511185   
7.304223   609.259661   
7.308227   610.008525   
7.312232   610.757776   
7.316236   611.507415   
7.320241   612.257441   
7.324245   613.007854   
7.328250   613.758654   
7.332254   614.509841   
7.336259   615.261416   
7.340263   616.013377   
7.344268   616.765726   
7.348272   617.518462   
7.352277   618.271586   
7.356281   619.025096   
7.360286   619.778993   
7.364290   620.533278   
7.368295   621.287950   
7.372299   622.043008   
7.376304   622.798454   
7.380308   623.554287   
7.384313   624.310507   
7.388317   625.067114   
7.392322   625.824107   
7.396326   626.581488   
7.400331   627.339256   
7.404335   628.097411   
7.408340   628.855953   
7.412344   629.614882   
7.416349   630.374197   
7.420353   631.133900   
7.424358   631.893989   
7.428362   632.654466   
7.432367   633.415329   
7.436371   634.176579   
7.440376   634.938216   
7.444380   635.700240   
7.448385   636.462651   
7.452390   637.225448   
7.456394   637.988632   
7.460399   638.752203   
7.464403   639.516161   
7.468408   640.280506   
7.472412   641.045237   
7.476417   641.810355   
7.480421   642.575860   
7.484426   643.341752   
7.488430   644.108030   
7.492435   644.874695   
7.496439   645.641747   
7.500444   646.409185   
7.504448   647.177010   
7.508453   647.945222   
7.512457   648.713820   
7.516462   649.482805   
7.520466   650.252177   
7.524471   651.021935   
7.528475   651.792079   
7.532480   652.562611   
7.536484   653.333529   
7.540489   654.104833   
7.544493   654.876524   
7.548498   655.648601   
7.552502   656.421065   
7.556507   657.193916   
7.560511   657.967153   
7.564516   658.740776   
7.568520   659.514786   
7.572525   660.289182   
7.576529   661.063965   
7.580534   661.839134   
7.584538   662.614690   
7.588543   663.390632   
7.592547   664.166960   
7.596552   664.943675   
7.600556   665.720776   
7.604561   666.498264   
7.608565   667.276138   
7.612570   668.054398   
7.616574   668.833044   
7.620579   669.612077   
7.624583   670.391496   
7.628588   671.171302   
7.632592   671.951493   
7.636597   672.732071   
7.640601   673.513036   
7.644606   674.294386   
7.648610   675.076123   
7.652615   675.858246   
7.656619   676.640755   
7.660624   677.423650   
7.664628   678.206932   
7.668633   678.990599   
7.672637   679.774653   
7.676642   680.559093   
7.680646   681.343919   
7.684651   682.129131   
7.688655   682.914730   
7.692660   683.700714   
7.696664   684.487085   
7.700669   685.273841   
7.704674   686.060984   
7.708678   686.848513   
7.712683   687.636427   
7.716687   688.424728   
7.720692   689.213415   
7.724696   690.002488   
7.728701   690.791947   
7.732705   691.581791   
7.736710   692.372022   
7.740714   693.162639   
7.744719   693.953642   
7.748723   694.745030   
7.752728   695.536805   
7.756732   696.328966   
7.760737   697.121512   
7.764741   697.914444   
7.768746   698.707763   
7.772750   699.501467   
7.776755   700.295557   
7.780759   701.090032   
7.784764   701.884894   
7.788768   702.680142   
7.792773   703.475775   
7.796777   704.271794   
7.800782   705.068199   
7.804786   705.864990   
7.808791   706.662166   
7.812795   707.459728   
7.816800   708.257676   
7.820804   709.056010   
7.824809   709.854730   
7.828813   710.653835   
7.832818   711.453326   
7.836822   712.253202   
7.840827   713.053465   
7.844831   713.854112   
7.848836   714.655146   
7.852840   715.456565   
7.856845   716.258370   
7.860849   717.060561   
7.864854   717.863137   
7.868858   718.666099   
7.872863   719.469446   
7.876867   720.273179   
7.880872   721.077298   
7.884876   721.881802   
7.888881   722.686692   
7.892885   723.491967   
7.896890   724.297628   
7.900894   725.103674   
7.904899   725.910106   
7.908903   726.716923   
7.912908   727.524126   
7.916912   728.331715   
7.920917   729.139688   
7.924921   729.948048   
7.928926   730.756792   
7.932930   731.565923   
7.936935   732.375438   
7.940939   733.185339   
7.944944   733.995626   
7.948949   734.806297   
7.952953   735.617355   
7.956958   736.428797   
7.960962   737.240625   
7.964967   738.052839   
7.968971   738.865437   
7.972976   739.678421   
7.976980   740.491791   
7.980985   741.305545   
7.984989   742.119685   
7.988994   742.934210   
7.992998   743.749121   
7.997003   744.564417   
8.001007   745.380098   
8.005012   746.196164   
