0.200125 1.091893
0.219638 1.088865
0.239150 1.085891
0.258662 1.082970
0.278174 1.080100
0.297686 1.077278
0.317199 1.074504
0.336711 1.071775
0.356223 1.069091
0.375735 1.066449
0.395247 1.063848
0.414760 1.061288
0.434272 1.058766
0.453784 1.056282
0.473296 1.053834
0.492809 1.051422
0.512321 1.049044
0.531833 1.046700
0.551345 1.044388
0.570857 1.042108
0.590370 1.039860
0.609882 1.037641
0.629394 1.035452
0.648906 1.033291
0.668418 1.031159
0.687931 1.029054
0.707443 1.026976
0.726955 1.024924
0.746467 1.022897
0.765980 1.020896
0.785492 1.018919
0.805004 1.016966
0.824516 1.015037
0.844028 1.013132
0.863541 1.011249
0.883053 1.009389
0.902565 1.007551
0.922077 1.005734
0.941589 1.003939
0.961102 1.002164
0.980614 1.000410
1.000126 0.998675
1.019638 0.996961
1.039151 0.995265
1.058663 0.993589
1.078175 0.991931
1.097687 0.990291
1.117199 0.988670
1.136712 0.987066
1.156224 0.985479
1.175736 0.983909
1.195248 0.982357
1.214761 0.980820
1.234273 0.979301
1.253785 0.977797
1.273297 0.976308
1.292809 0.974836
1.312322 0.973378
1.331834 0.971936
1.351346 0.970508
1.370858 0.969095
1.390370 0.967696
1.409883 0.966312
1.429395 0.964941
1.448907 0.963584
1.468419 0.962241
1.487932 0.960911
1.507444 0.959594
1.526956 0.958289
1.546468 0.956998
1.565980 0.955720
1.585493 0.954453
1.605005 0.953199
1.624517 0.951957
1.644029 0.950727
1.663541 0.949509
1.683054 0.948302
1.702566 0.947107
1.722078 0.945923
1.741590 0.944750
1.761103 0.943588
1.780615 0.942437
1.800127 0.941297
1.819639 0.940167
1.839151 0.939048
1.858664 0.937939
1.878176 0.936840
1.897688 0.935752
1.917200 0.934673
1.936712 0.933604
1.956225 0.932545
1.975737 0.931495
1.995249 0.930455
2.014761 0.929424
2.034274 0.928402
2.053786 0.927390
2.073298 0.926386
2.092810 0.925392
2.112322 0.924406
2.131835 0.923429
2.151347 0.922461
2.170859 0.921501
2.190371 0.920550
2.209884 0.919607
2.229396 0.918672
2.248908 0.917745
2.268420 0.916827
2.287932 0.915916
2.307445 0.915013
2.326957 0.914118
2.346469 0.913231
2.365981 0.912352
2.385493 0.911480
2.405006 0.910615
2.424518 0.909758
2.444030 0.908908
2.463542 0.908066
2.483055 0.907230
2.502567 0.906402
2.522079 0.905581
2.541591 0.904766
2.561103 0.903959
2.580616 0.903158
2.600128 0.902365
2.619640 0.901577
2.639152 0.900797
2.658664 0.900023
2.678177 0.899255
2.697689 0.898494
2.717201 0.897739
2.736713 0.896991
2.756226 0.896249
2.775738 0.895513
2.795250 0.894783
2.814762 0.894063
2.834274 0.893551
2.853787 0.893246
2.873299 0.893027
2.892811 0.892851
2.912323 0.892703
2.931836 0.892573
2.951348 0.892456
2.970860 0.892350
2.990372 0.892252
3.009884 0.892161
3.029397 0.892076
3.048909 0.891995
3.068421 0.891920
3.087933 0.891848
3.107445 0.891779
3.126958 0.891714
3.146470 0.891651
3.165982 0.891592
3.185494 0.891534
3.205007 0.891479
3.224519 0.891426
3.244031 0.891375
3.263543 0.891326
3.283055 0.891279
3.302568 0.891233
3.322080 0.891189
3.341592 0.891146
3.361104 0.891105
3.380616 0.891065
3.400129 0.891027
3.419641 0.890990
3.439153 0.890954
3.458665 0.890919
3.478178 0.890885
3.497690 0.890852
3.517202 0.890821
3.536714 0.890790
3.556226 0.890760
3.575739 0.890732
3.595251 0.890704
3.614763 0.890677
3.634275 0.890651
3.653787 0.890625
3.673300 0.890601
3.692812 0.890577
3.712324 0.890554
3.731836 0.890532
3.751349 0.890510
3.770861 0.890489
3.790373 0.890469
3.809885 0.890449
3.829397 0.890430
3.848910 0.890412
3.868422 0.890394
3.887934 0.890377
3.907446 0.890360
3.926959 0.890344
3.946471 0.890329
3.965983 0.890314
3.985495 0.890299
4.005007 0.890285
4.024520 0.890271
4.044032 0.890258
4.063544 0.890246
4.083056 0.890233
4.102568 0.890222
4.122081 0.890210
4.141593 0.890199
4.161105 0.890189
4.180617 0.890178
4.200130 0.890169
4.219642 0.890159
4.239154 0.890150
4.258666 0.890141
4.278178 0.890133
4.297691 0.890125
4.317203 0.890117
4.336715 0.890110
4.356227 0.890102
4.375739 0.890096
4.395252 0.890089
4.414764 0.890083
4.434276 0.890077
4.453788 0.890071
4.473301 0.890066
4.492813 0.890061
4.512325 0.890056
4.531837 0.890051
4.551349 0.890047
4.570862 0.890042
4.590374 0.890038
4.609886 0.890035
4.629398 0.890031
4.648910 0.890028
4.668423 0.890025
4.687935 0.890022
4.707447 0.890019
4.726959 0.890017
4.746472 0.890014
4.765984 0.890012
4.785496 0.890010
4.805008 0.890009
4.824520 0.890007
4.844033 0.890006
4.863545 0.890004
4.883057 0.890003
4.902569 0.890003
4.922082 0.890002
4.941594 0.890001
4.961106 0.890001
4.980618 0.890000
5.000130 0.890000
5.019643 0.890000
5.039155 0.890000
5.058667 0.890001
5.078179 0.890001
5.097691 0.890001
5.117204 0.890002
5.136716 0.890003
5.156228 0.890004
5.175740 0.890005
5.195253 0.890006
5.214765 0.890007
5.234277 0.890008
5.253789 0.890010
5.273301 0.890011
5.292814 0.890013
5.312326 0.890014
5.331838 0.890016
5.351350 0.890018
5.370862 0.890020
5.390375 0.890022
5.409887 0.890024
5.429399 0.890027
5.448911 0.890029
5.468424 0.890031
5.487936 0.890034
5.507448 0.890037
5.526960 0.890039
5.546472 0.890042
5.565985 0.890045
5.585497 0.890048
5.605009 0.890051
5.624521 0.890054
5.644034 0.890057
5.663546 0.890060
5.683058 0.890063
5.702570 0.890066
5.722082 0.890070
5.741595 0.890073
5.761107 0.890076
5.780619 0.890080
5.800131 0.890083
5.819643 0.890087
5.839156 0.890091
5.858668 0.890094
5.878180 0.890098
5.897692 0.890102
5.917205 0.890106
5.936717 0.890110
5.956229 0.890114
5.975741 0.890118
5.995253 0.890122
6.014766 0.890126
6.034278 0.890130
6.053790 0.890134
6.073302 0.890138
6.092814 0.890142
6.112327 0.890147
6.131839 0.890151
6.151351 0.890155
6.170863 0.890160
6.190376 0.890164
6.209888 0.890169
6.229400 0.890173
6.248912 0.890178
6.268424 0.890182
6.287937 0.890187
6.307449 0.890191
6.326961 0.890196
6.346473 0.890201
6.365985 0.890205
6.385498 0.890210
6.405010 0.890215
6.424522 0.890219
6.444034 0.890224
6.463547 0.890229
6.483059 0.890234
6.502571 0.890239
6.522083 0.890243
6.541595 0.890248
6.561108 0.890253
6.580620 0.890258
6.600132 0.890263
6.619644 0.890268
6.639157 0.890273
6.658669 0.890278
6.678181 0.890283
6.697693 0.890288
6.717205 0.890293
6.736718 0.890298
6.756230 0.890303
6.775742 0.890308
6.795254 0.890314
6.814766 0.890319
6.834279 0.890324
6.853791 0.890329
6.873303 0.890334
6.892815 0.890339
6.912328 0.890344
6.931840 0.890350
6.951352 0.890355
6.970864 0.890360
6.990376 0.890365
7.009889 0.890371
7.029401 0.890376
7.048913 0.890381
7.068425 0.890386
7.087937 0.890392
7.107450 0.890397
7.126962 0.890402
7.146474 0.890407
7.165986 0.890413
7.185499 0.890418
7.205011 0.890423
7.224523 0.890429
7.244035 0.890434
7.263547 0.890439
7.283060 0.890445
7.302572 0.890450
7.322084 0.890455
7.341596 0.890461
7.361108 0.890466
7.380621 0.890472
7.400133 0.890477
7.419645 0.890482
7.439157 0.890488
7.458670 0.890493
7.478182 0.890498
7.497694 0.890504
7.517206 0.890509
7.536718 0.890515
7.556231 0.890520
7.575743 0.890525
7.595255 0.890531
7.614767 0.890536
7.634280 0.890542
7.653792 0.890547
7.673304 0.890552
7.692816 0.890558
7.712328 0.890563
7.731841 0.890569
7.751353 0.890574
7.770865 0.890579
7.790377 0.890585
7.809889 0.890590
7.829402 0.890596
7.848914 0.890601
7.868426 0.890606
7.887938 0.890612
7.907451 0.890617
7.926963 0.890623
7.946475 0.890628
7.965987 0.890633
7.985499 0.890639
