0.060038    0.001208 
0.080050    0.001177 
0.100063    0.001187 
0.120075    0.001266 
0.140088    0.001425 
0.160100    0.001668 
0.180113    0.001996 
0.200125    0.002407 
0.220138    0.002899 
0.240150    0.003467 
0.260163    0.004110 
0.280175    0.004822 
0.300188    0.005602 
0.320200    0.006445 
0.340213    0.007350 
0.360226    0.008312 
0.380238    0.009331 
0.400251    0.010402 
0.420263    0.011525 
0.440276    0.012543 
0.460288    0.014062 
0.480301    0.015181 
0.500313    0.016491 
0.520326    0.017843 
0.540338    0.019237 
0.560351    0.020672 
0.580363    0.022146 
0.600376    0.023658 
0.620388    0.025208 
0.640401    0.026794 
0.660413    0.028417 
0.680426    0.030074 
0.700439    0.031766 
0.720451    0.033492 
0.740464    0.035251 
0.760476    0.037043 
0.780489    0.038866 
0.800501    0.040721 
0.820514    0.042493 
0.840526    0.043706 
0.860539    0.045149 
0.880551    0.046800 
0.900564    0.048548 
0.920576    0.050365 
0.940589    0.052239 
0.960601    0.054163 
0.980614    0.056131 
1.000626    0.058140 
1.020639    0.060188 
1.040652    0.062272 
1.060664    0.064392 
1.080677    0.066544 
1.100689    0.068729 
1.120702    0.070945 
1.140714    0.073191 
1.160727    0.075466 
1.180739    0.077769 
1.200752    0.080100 
1.220764    0.082457 
1.240777    0.084839 
1.260789    0.087247 
1.280802    0.089679 
1.300814    0.092135 
1.320827    0.094613 
1.340839    0.097113 
1.360852    0.099635 
1.380865    0.102178 
1.400877    0.104741 
1.420890    0.107324 
1.440902    0.109925 
1.460915    0.112545 
1.480927    0.115183 
1.500940    0.117838 
1.520952    0.120510 
1.540965    0.123197 
1.560977    0.125901 
1.580990    0.128619 
1.601002    0.131351 
1.621015    0.134099 
1.641027    0.136858 
1.661040    0.139632 
1.681052    0.142418 
1.701065    0.145214 
1.721077    0.148023 
1.741090    0.150842 
1.761103    0.153673 
1.781115    0.156513 
1.801128    0.159361 
1.821140    0.162222 
1.841153    0.165086 
1.861165    0.167963 
1.881178    0.170845 
1.901190    0.173734 
1.921203    0.176631 
1.941215    0.179535 
1.961228    0.182442 
1.981240    0.185357 
2.001253    0.188277 
2.021265    0.191200 
2.041278    0.194129 
2.061290    0.197063 
2.081303    0.199996 
2.101316    0.202937 
2.121328    0.205879 
2.141341    0.208822 
2.161353    0.211770 
2.181366    0.214717 
2.201378    0.217665 
2.221391    0.220618 
2.241403    0.223566 
2.261416    0.226518 
2.281428    0.229472 
2.301441    0.232417 
2.321453    0.235374 
2.341466    0.238318 
2.361478    0.241271 
2.381491    0.244214 
2.401503    0.247158 
2.421516    0.250102 
2.441529    0.253041 
2.461541    0.255980 
2.481554    0.258912 
2.501566    0.261845 
2.521579    0.264771 
2.541591    0.267695 
2.561604    0.270614 
2.581616    0.273530 
2.601629    0.276441 
2.621641    0.279345 
2.641654    0.282244 
2.661666    0.285145 
2.681679    0.288032 
2.701691    0.290916 
2.721704    0.293794 
2.741716    0.296668 
2.761729    0.299532 
2.781742    0.302390 
2.801754    0.305247 
2.821767    0.308084 
2.841779    0.310931 
2.861792    0.313757 
2.881804    0.316585 
2.901817    0.319397 
2.921829    0.322203 
2.941842    0.325003 
2.961854    0.327799 
2.981867    0.330579 
3.001879    0.333354 
3.021892    0.336119 
3.041904    0.338876 
3.061917    0.341622 
3.081929    0.344368 
3.101942    0.347089 
3.121955    0.349814 
3.141967    0.352522 
3.161980    0.355221 
3.181992    0.357918 
3.202005    0.360596 
3.222017    0.363266 
3.242030    0.365928 
3.262042    0.368577 
3.282055    0.371216 
3.302067    0.373852 
3.322080    0.376464 
3.342092    0.379075 
3.362105    0.381677 
3.382117    0.384256 
3.402130    0.386833 
3.422142    0.389404 
3.442155    0.391953 
3.462168    0.394493 
3.482180    0.397034 
3.502193    0.399542 
3.522205    0.402056 
3.542218    0.404556 
3.562230    0.407037 
3.582243    0.409511 
3.602255    0.411974 
3.622268    0.414421 
3.642280    0.416864 
3.662293    0.419294 
3.682305    0.421701 
3.702318    0.424112 
3.722330    0.426499 
3.742343    0.428875 
3.762355    0.431247 
3.782368    0.433599 
3.802381    0.435947 
3.822393    0.438271 
3.842406    0.440597 
3.862418    0.442892 
3.882431    0.445194 
3.902443    0.447480 
3.922456    0.449742 
3.942468    0.451999 
3.962481    0.454244 
3.982493    0.456486 
4.002506    0.458702 
4.022518    0.460907 
4.042531    0.463187 
4.062543    0.473756 
4.082556    0.498579 
4.102568    0.514908 
4.122581    0.523913 
4.142594    0.529711 
4.162606    0.533920 
4.182619    0.537217 
4.202631    0.539951 
4.222644    0.542305 
4.242656    0.544390 
4.262669    0.546278 
4.282681    0.548011 
4.302694    0.549626 
4.322706    0.551146 
4.342719    0.552588 
4.362731    0.553962 
4.382744    0.555284 
4.402756    0.556555 
4.422769    0.557787 
4.442781    0.558981 
4.462794    0.560144 
4.482807    0.561279 
4.502819    0.562387 
4.522832    0.563472 
4.542844    0.564536 
4.562857    0.565582 
4.582869    0.566608 
4.602882    0.567618 
4.622894    0.568614 
4.642907    0.569594 
4.662919    0.570561 
4.682932    0.571515 
4.702944    0.572459 
4.722957    0.573389 
4.742969    0.574311 
4.762982    0.575221 
4.782994    0.576121 
4.803007    0.577015 
4.823019    0.577896 
4.843032    0.578770 
4.863045    0.579638 
4.883057    0.580494 
4.903070    0.581346 
4.923082    0.582190 
4.943095    0.583025 
4.963107    0.583856 
4.983120    0.584678 
5.003132    0.585494 
5.023145    0.586305 
5.043157    0.587109 
5.063170    0.587907 
5.083182    0.588699 
5.103195    0.589487 
5.123207    0.590267 
5.143220    0.591043 
5.163232    0.591814 
5.183245    0.592580 
5.203258    0.593340 
5.223270    0.594095 
5.243283    0.594847 
5.263295    0.595592 
5.283308    0.596333 
5.303320    0.597071 
5.323333    0.597803 
5.343345    0.598531 
5.363358    0.599255 
5.383370    0.599974 
5.403383    0.600689 
5.423395    0.601400 
5.443408    0.602107 
5.463420    0.602811 
5.483433    0.603509 
5.503445    0.604205 
5.523458    0.604896 
5.543471    0.605584 
5.563483    0.606268 
5.583496    0.606949 
5.603508    0.607625 
5.623521    0.608298 
5.643533    0.608969 
5.663546    0.609634 
5.683558    0.610297 
5.703571    0.610957 
5.723583    0.611612 
5.743596    0.612266 
5.763608    0.612915 
5.783621    0.613562 
5.803633    0.614204 
5.823646    0.614845 
5.843658    0.615481 
5.863671    0.616115 
5.883684    0.616745 
5.903696    0.617374 
5.923709    0.617997 
5.943721    0.618621 
5.963734    0.619238 
5.983746    0.619854 
6.003759    0.620468 
6.023771    0.621078 
6.043784    0.621685 
6.063796    0.622290 
6.083809    0.622892 
6.103821    0.623491 
6.123834    0.624087 
6.143846    0.624680 
6.163859    0.625273 
6.183871    0.625860 
6.203884    0.626446 
6.223897    0.627029 
6.243909    0.627611 
6.263922    0.628188 
6.283934    0.628765 
6.303947    0.629337 
6.323959    0.629908 
6.343972    0.630477 
6.363984    0.631042 
6.383997    0.631607 
6.404009    0.632166 
6.424022    0.632725 
6.444034    0.633282 
6.464047    0.633835 
6.484059    0.634389 
6.504072    0.634935 
6.524084    0.635484 
6.544097    0.636029 
6.564110    0.636570 
6.584122    0.637111 
6.604135    0.637650 
6.624147    0.638185 
6.644160    0.638720 
6.664172    0.639250 
6.684185    0.639781 
6.704197    0.640307 
6.724210    0.640834 
6.744222    0.641355 
6.764235    0.641878 
6.784247    0.642396 
6.804260    0.642913 
6.824272    0.643428 
6.844285    0.643941 
6.864297    0.644451 
6.884310    0.644961 
6.904323    0.645468 
6.924335    0.645972 
6.944348    0.646476 
6.964360    0.646977 
6.984373    0.647476 
7.004385    0.647974 
7.024398    0.648468 
7.044410    0.648962 
7.064423    0.649453 
7.084435    0.649945 
7.104448    0.650431 
7.124460    0.650917 
7.144473    0.651402 
7.164485    0.651884 
7.184498    0.652364 
7.204510    0.652844 
7.224523    0.653320 
7.244536    0.653796 
7.264548    0.654270 
7.284561    0.654742 
7.304573    0.655211 
7.324586    0.655680 
7.344598    0.656146 
7.364611    0.656613 
7.384623    0.657076 
7.404636    0.657535 
7.424648    0.657997 
7.444661    0.658455 
7.464673    0.658912 
7.484686    0.659368 
7.504698    0.659820 
7.524711    0.660273 
7.544723    0.660721 
7.564736    0.661171 
7.584749    0.661620 
7.604761    0.662062 
7.624774    0.662508 
7.644786    0.662949 
7.664799    0.663391 
7.684811    0.663830 
7.704824    0.664267 
7.724836    0.664703 
7.744849    0.665141 
7.764861    0.665570 
7.784874    0.666004 
7.804886    0.666435 
7.824899    0.666863 
7.844911    0.667289 
7.864924    0.667716 
7.884936    0.668140 
7.904949    0.668562 
7.924962    0.668986 
7.944974    0.669404 
7.964987    0.669824 
7.984999    0.670241 
8.005012    0.670657 
