0.004005   0.000000   
0.008009   0.000000   
0.012014   0.000061   
0.016018   -0.000014   
0.020023   -0.000243   
0.024027   -0.000639   
0.028032   -0.001210   
0.032036   -0.001962   
0.036041   -0.002896   
0.040045   -0.004013   
0.044050   -0.005315   
0.048054   -0.006801   
0.052059   -0.008469   
0.056063   -0.010318   
0.060068   -0.012347   
0.064072   -0.014554   
0.068077   -0.016936   
0.072081   -0.019490   
0.076086   -0.022216   
0.080090   -0.025109   
0.084095   -0.028167   
0.088099   -0.031387   
0.092104   -0.034767   
0.096108   -0.038303   
0.100113   -0.041993   
0.104117   -0.045834   
0.108122   -0.049822   
0.112126   -0.053954   
0.116131   -0.058228   
0.120135   -0.062640   
0.124140   -0.067187   
0.128144   -0.071866   
0.132149   -0.076675   
0.136153   -0.081609   
0.140158   -0.086666   
0.144162   -0.091843   
0.148167   -0.097136   
0.152171   -0.102543   
0.156176   -0.108060   
0.160180   -0.113685   
0.164185   -0.119414   
0.168189   -0.125244   
0.172194   -0.131172   
0.176198   -0.137195   
0.180203   -0.143311   
0.184207   -0.149516   
0.188212   -0.155806   
0.192216   -0.162180   
0.196221   -0.168635   
0.200225   -0.175166   
0.204230   -0.181772   
0.208234   -0.188449   
0.212239   -0.195195   
0.216243   -0.202006   
0.220248   -0.208880   
0.224252   -0.215814   
0.228257   -0.222805   
0.232261   -0.229851   
0.236266   -0.236948   
0.240270   -0.244093   
0.244275   -0.251285   
0.248279   -0.258519   
0.252284   -0.265795   
0.256289   -0.273107   
0.260293   -0.280455   
0.264298   -0.287836   
0.268302   -0.295246   
0.272307   -0.302683   
0.276311   -0.310144   
0.280316   -0.317627   
0.284320   -0.325130   
0.288325   -0.332649   
0.292329   -0.340182   
0.296334   -0.347726   
0.300338   -0.355280   
0.304343   -0.362840   
0.308347   -0.370404   
0.312352   -0.377969   
0.316356   -0.385534   
0.320361   -0.393095   
0.324365   -0.400650   
0.328370   -0.408197   
0.332374   -0.415733   
0.336379   -0.423256   
0.340383   -0.430763   
0.344388   -0.438253   
0.348392   -0.445722   
0.352397   -0.453169   
0.356401   -0.460591   
0.360406   -0.467986   
0.364410   -0.475351   
0.368415   -0.482685   
0.372419   -0.489985   
0.376424   -0.497249   
0.380428   -0.504474   
0.384433   -0.511658   
0.388437   -0.518800   
0.392442   -0.525897   
0.396446   -0.532946   
0.400451   -0.539946   
0.404455   -0.546894   
0.408460   -0.553789   
0.412464   -0.560628   
0.416469   -0.567409   
0.420473   -0.574130   
0.424478   -0.580790   
0.428482   -0.587384   
0.432487   -0.593913   
0.436491   -0.600374   
0.440496   -0.606764   
0.444500   -0.613082   
0.448505   -0.619325   
0.452509   -0.625493   
0.456514   -0.631582   
0.460518   -0.637590   
0.464523   -0.643517   
0.468527   -0.649359   
0.472532   -0.655116   
0.476536   -0.660784   
0.480541   -0.666362   
0.484545   -0.671849   
0.488550   -0.677241   
0.492554   -0.682539   
0.496559   -0.687738   
0.500564   -0.692839   
0.504568   -0.697838   
0.508573   -0.702734   
0.512577   -0.707525   
0.516582   -0.712210   
0.520586   -0.716786   
0.524591   -0.721252   
0.528595   -0.725606   
0.532600   -0.729846   
0.536604   -0.733970   
0.540609   -0.737977   
0.544613   -0.741865   
0.548618   -0.745632   
0.552622   -0.749277   
0.556627   -0.752797   
0.560631   -0.756192   
0.564636   -0.759458   
0.568640   -0.762596   
0.572645   -0.765602   
0.576649   -0.768476   
0.580654   -0.771215   
0.584658   -0.773819   
0.588663   -0.776285   
0.592667   -0.778611   
0.596672   -0.780797   
0.600676   -0.782840   
0.604681   -0.784739   
0.608685   -0.786492   
0.612690   -0.788098   
0.616694   -0.789555   
0.620699   -0.790862   
0.624703   -0.792016   
0.628708   -0.793017   
0.632712   -0.793863   
0.636717   -0.794553   
0.640721   -0.795084   
0.644726   -0.795456   
0.648730   -0.795666   
0.652735   -0.795714   
0.656739   -0.795597   
0.660744   -0.795315   
0.664748   -0.794865   
0.668753   -0.794247   
0.672757   -0.793459   
0.676762   -0.792499   
0.680766   -0.791366   
0.684771   -0.790059   
0.688775   -0.788576   
0.692780   -0.786915   
0.696784   -0.785076   
0.700789   -0.783056   
0.704793   -0.780855   
0.708798   -0.778471   
0.712802   -0.775903   
0.716807   -0.773149   
0.720811   -0.770207   
0.724816   -0.767078   
0.728820   -0.763758   
0.732825   -0.760247   
0.736829   -0.756543   
0.740834   -0.752646   
0.744838   -0.748553   
0.748843   -0.744263   
0.752848   -0.739776   
0.756852   -0.735089   
0.760857   -0.730202   
0.764861   -0.725113   
0.768866   -0.719821   
0.772870   -0.714324   
0.776875   -0.708621   
0.780879   -0.702712   
0.784884   -0.696594   
0.788888   -0.690266   
0.792893   -0.683728   
0.796897   -0.676977   
0.800902   -0.670013   
0.804906   -0.662834   
0.808911   -0.655440   
0.812915   -0.647828   
0.816920   -0.639999   
0.820924   -0.631949   
0.824929   -0.623679   
0.828933   -0.615187   
0.832938   -0.606471   
0.836942   -0.597531   
0.840947   -0.588366   
0.844951   -0.578974   
0.848956   -0.569353   
0.852960   -0.559504   
0.856965   -0.549424   
0.860969   -0.539113   
0.864974   -0.528569   
0.868978   -0.517792   
0.872983   -0.506779   
0.876987   -0.495530   
0.880992   -0.484044   
0.884996   -0.472320   
0.889001   -0.460356   
0.893005   -0.448151   
0.897010   -0.435705   
0.901014   -0.423015   
0.905019   -0.410082   
0.909023   -0.396903   
0.913028   -0.383478   
0.917032   -0.369806   
0.921037   -0.355886   
0.925041   -0.341716   
0.929046   -0.327295   
0.933050   -0.312623   
0.937055   -0.297697   
0.941059   -0.282518   
0.945064   -0.267084   
0.949068   -0.251394   
0.953073   -0.235448   
0.957077   -0.219243   
0.961082   -0.202778   
0.965086   -0.186054   
0.969091   -0.169069   
0.973095   -0.151821   
0.977100   -0.134310   
0.981104   -0.116534   
0.985109   -0.098493   
0.989113   -0.080186   
0.993118   -0.061612   
0.997123   -0.042769   
1.001127   -0.023657   
1.005132   -0.004274   
1.009136   0.015380   
1.013141   0.035306   
1.017145   0.055506   
1.021150   0.075980   
1.025154   0.096730   
1.029159   0.117756   
1.033163   0.139059   
1.037168   0.160640   
1.041172   0.182501   
1.045177   0.204642   
1.049181   0.227064   
1.053186   0.249768   
1.057190   0.272755   
1.061195   0.296026   
1.065199   0.319582   
1.069204   0.343424   
1.073208   0.367553   
1.077213   0.391970   
1.081217   0.416675   
1.085222   0.441670   
1.089226   0.466956   
1.093231   0.492533   
1.097235   0.518402   
1.101240   0.544565   
1.105244   0.571022   
1.109249   0.597774   
1.113253   0.624822   
1.117258   0.652167   
1.121262   0.679809   
1.125267   0.707751   
1.129271   0.735992   
1.133276   0.764533   
1.137280   0.793376   
1.141285   0.822521   
1.145289   0.851969   
1.149294   0.881721   
1.153298   0.911778   
1.157303   0.942141   
1.161307   0.972810   
1.165312   1.003787   
1.169316   1.035072   
1.173321   1.066666   
1.177325   1.098570   
1.181330   1.130785   
1.185334   1.163311   
1.189339   1.196150   
1.193343   1.229303   
1.197348   1.262770   
1.201352   1.296551   
1.205357   1.330649   
1.209361   1.365063   
1.213366   1.399794   
1.217370   1.434844   
1.221375   1.470213   
1.225379   1.505902   
1.229384   1.541912   
1.233388   1.578243   
1.237393   1.614897   
1.241397   1.651874   
1.245402   1.689175   
1.249407   1.726800   
1.253411   1.764751   
1.257416   1.803029   
1.261420   1.841633   
1.265425   1.880566   
1.269429   1.919827   
1.273434   1.959418   
1.277438   1.999338   
1.281443   2.039590   
1.285447   2.080174   
1.289452   2.121090   
1.293456   2.162340   
1.297461   2.203924   
1.301465   2.245842   
1.305470   2.288096   
1.309474   2.330687   
1.313479   2.373614   
1.317483   2.416880   
1.321488   2.460484   
1.325492   2.504428   
1.329497   2.548711   
1.333501   2.593336   
1.337506   2.638302   
1.341510   2.683610   
1.345515   2.729261   
1.349519   2.775257   
1.353524   2.821596   
1.357528   2.868281   
1.361533   2.915312   
1.365537   2.962690   
1.369542   3.010415   
1.373546   3.058488   
1.377551   3.106910   
1.381555   3.155681   
1.385560   3.204803   
1.389564   3.254276   
1.393569   3.304100   
1.397573   3.354277   
1.401578   3.404806   
1.405582   3.455690   
1.409587   3.506928   
1.413591   3.558521   
1.417596   3.610470   
1.421600   3.662775   
1.425605   3.715438   
1.429609   3.768458   
1.433614   3.821838   
1.437618   3.875576   
1.441623   3.929674   
1.445627   3.984133   
1.449632   4.038953   
1.453636   4.094136   
1.457641   4.149680   
1.461645   4.205588   
1.465650   4.261860   
1.469654   4.318497   
1.473659   4.375499   
1.477663   4.432866   
1.481668   4.490601   
1.485672   4.548702   
1.489677   4.607172   
1.493682   4.666010   
1.497686   4.725217   
1.501691   4.784794   
1.505695   4.844742   
1.509700   4.905060   
1.513704   4.965751   
1.517709   5.026813   
1.521713   5.088249   
1.525718   5.150059   
1.529722   5.212242   
1.533727   5.274801   
1.537731   5.337735   
1.541736   5.401046   
1.545740   5.464733   
1.549745   5.528797   
1.553749   5.593240   
1.557754   5.658061   
1.561758   5.723262   
1.565763   5.788842   
1.569767   5.854803   
1.573772   5.921145   
1.577776   5.987869   
1.581781   6.054975   
1.585785   6.122464   
1.589790   6.190336   
1.593794   6.258593   
1.597799   6.327234   
1.601803   6.396261   
1.605808   6.465674   
1.609812   6.535473   
1.613817   6.605659   
1.617821   6.676233   
1.621826   6.747195   
1.625830   6.818546   
1.629835   6.890287   
1.633839   6.962417   
1.637844   7.034939   
1.641848   7.107851   
1.645853   7.181155   
1.649857   7.254852   
1.653862   7.328941   
1.657866   7.403424   
1.661871   7.478301   
1.665875   7.553572   
1.669880   7.629239   
1.673884   7.705302   
1.677889   7.781761   
1.681893   7.858617   
1.685898   7.935870   
1.689902   8.013521   
1.693907   8.091571   
1.697911   8.170020   
1.701916   8.248868   
1.705920   8.328117   
1.709925   8.407767   
1.713929   8.487818   
1.717934   8.568271   
1.721938   8.649126   
1.725943   8.730384   
1.729947   8.812046   
1.733952   8.894111   
1.737956   8.976582   
1.741961   9.059457   
1.745966   9.142738   
1.749970   9.226426   
1.753975   9.310520   
1.757979   9.395021   
1.761984   9.479930   
1.765988   9.565247   
1.769993   9.650973   
1.773997   9.737109   
1.778002   9.823654   
1.782006   9.910610   
1.786011   9.997977   
1.790015   10.085755   
1.794020   10.173945   
1.798024   10.262548   
1.802029   10.351564   
1.806033   10.440993   
1.810038   10.530836   
1.814042   10.621094   
1.818047   10.711766   
1.822051   10.802854   
1.826056   10.894359   
1.830060   10.986280   
1.834065   11.078617   
1.838069   11.171373   
1.842074   11.264546   
1.846078   11.358138   
1.850083   11.452149   
1.854087   11.546580   
1.858092   11.641430   
1.862096   11.736702   
1.866101   11.832394   
1.870105   11.928507   
1.874110   12.025043   
1.878114   12.122001   
1.882119   12.219382   
1.886123   12.317187   
1.890128   12.415415   
1.894132   12.514068   
1.898137   12.613145   
1.902141   12.712648   
1.906146   12.812577   
1.910150   12.912932   
1.914155   13.013714   
1.918159   13.114924   
1.922164   13.216560   
1.926168   13.318626   
1.930173   13.421119   
1.934177   13.524042   
1.938182   13.627395   
1.942186   13.731177   
1.946191   13.835390   
1.950195   13.940034   
1.954200   14.045110   
1.958204   14.150617   
1.962209   14.256557   
1.966213   14.362929   
1.970218   14.469735   
1.974222   14.576975   
1.978227   14.684648   
1.982231   14.792756   
1.986236   14.901300   
1.990241   15.010279   
1.994245   15.119693   
1.998250   15.229545   
2.002254   15.339833   
2.006259   15.450558   
2.010263   15.561721   
2.014268   15.673322   
2.018272   15.785362   
2.022277   15.897841   
2.026281   16.010759   
2.030286   16.124117   
2.034290   16.237916   
2.038295   16.352155   
2.042299   16.466836   
2.046304   16.581958   
2.050308   16.697523   
2.054313   16.813529   
2.058317   16.929979   
2.062322   17.046872   
2.066326   17.164209   
2.070331   17.281990   
2.074335   17.400216   
2.078340   17.518886   
2.082344   17.638002   
2.086349   17.757564   
2.090353   17.877573   
2.094358   17.998027   
2.098362   18.118930   
2.102367   18.240279   
2.106371   18.362077   
2.110376   18.484322   
2.114380   18.607017   
2.118385   18.730161   
2.122389   18.853754   
2.126394   18.977797   
2.130398   19.102291   
2.134403   19.227235   
2.138407   19.352631   
2.142412   19.478478   
2.146416   19.604777   
2.150421   19.731528   
2.154425   19.858733   
2.158430   19.986390   
2.162434   20.114501   
2.166439   20.243066   
2.170443   20.372085   
2.174448   20.501559   
2.178452   20.631488   
2.182457   20.761873   
2.186461   20.892713   
2.190466   21.024010   
2.194470   21.155763   
2.198475   21.287974   
2.202479   21.420641   
2.206484   21.553767   
2.210488   21.687351   
2.214493   21.821393   
2.218497   21.955895   
2.222502   22.090855   
2.226506   22.226276   
2.230511   22.362156   
2.234515   22.498497   
2.238520   22.635299   
2.242525   22.772561   
2.246529   22.910286   
2.250534   23.048472   
2.254538   23.187121   
2.258543   23.326232   
2.262547   23.465806   
2.266552   23.605844   
2.270556   23.746345   
2.274561   23.887311   
2.278565   24.028741   
2.282570   24.170636   
2.286574   24.312995   
2.290579   24.455821   
2.294583   24.599112   
2.298588   24.742870   
2.302592   24.887094   
2.306597   25.031786   
2.310601   25.176944   
2.314606   25.322570   
2.318610   25.468664   
2.322615   25.615227   
2.326619   25.762258   
2.330624   25.909759   
2.334628   26.057728   
2.338633   26.206168   
2.342637   26.355077   
2.346642   26.504457   
2.350646   26.654308   
2.354651   26.804630   
2.358655   26.955423   
2.362660   27.106688   
2.366664   27.258425   
2.370669   27.410635   
2.374673   27.563317   
2.378678   27.716472   
2.382682   27.870101   
2.386687   28.024204   
2.390691   28.178781   
2.394696   28.333832   
2.398700   28.489358   
2.402705   28.645359   
2.406709   28.801836   
2.410714   28.958788   
2.414718   29.116217   
2.418723   29.274121   
2.422727   29.432503   
2.426732   29.591361   
2.430736   29.750697   
2.434741   29.910511   
2.438745   30.070802   
2.442750   30.231572   
2.446754   30.392820   
2.450759   30.554548   
2.454763   30.716754   
2.458768   30.879440   
2.462772   31.042606   
2.466777   31.206252   
2.470781   31.370379   
2.474786   31.534987   
2.478790   31.700075   
2.482795   31.865645   
2.486800   32.031697   
2.490804   32.198230   
2.494809   32.365246   
2.498813   32.532745   
2.502818   32.700727   
2.506822   32.869191   
2.510827   33.038140   
2.514831   33.207572   
2.518836   33.377488   
2.522840   33.547889   
2.526845   33.718774   
2.530849   33.890144   
2.534854   34.062000   
2.538858   34.234341   
2.542863   34.407168   
2.546867   34.580481   
2.550872   34.754281   
2.554876   34.928567   
2.558881   35.103341   
2.562885   35.278602   
2.566890   35.454350   
2.570894   35.630586   
2.574899   35.807311   
2.578903   35.984523   
2.582908   36.162225   
2.586912   36.340415   
2.590917   36.519095   
2.594921   36.698265   
2.598926   36.877924   
2.602930   37.058073   
2.606935   37.238713   
2.610939   37.419843   
2.614944   37.601465   
2.618948   37.783577   
2.622953   37.966181   
2.626957   38.149277   
2.630962   38.332865   
2.634966   38.516945   
2.638971   38.701517   
2.642975   38.886583   
2.646980   39.072141   
2.650984   39.258193   
2.654989   39.444738   
2.658993   39.631778   
2.662998   39.819311   
2.667002   40.007339   
2.671007   40.195861   
2.675011   40.384879   
2.679016   40.574391   
2.683020   40.764399   
2.687025   40.954903   
2.691029   41.145902   
2.695034   41.337398   
2.699038   41.529390   
2.703043   41.721879   
2.707047   41.914865   
2.711052   42.108348   
2.715056   42.302328   
2.719061   42.496806   
2.723065   42.691782   
2.727070   42.887256   
2.731074   43.083229   
2.735079   43.279700   
2.739084   43.476670   
2.743088   43.674140   
2.747093   43.872109   
2.751097   44.070577   
2.755102   44.269545   
2.759106   44.469013   
2.763111   44.668982   
2.767115   44.869451   
2.771120   45.070422   
2.775124   45.271893   
2.779129   45.473865   
2.783133   45.676339   
2.787138   45.879315   
2.791142   46.082793   
2.795147   46.286772   
2.799151   46.491255   
2.803156   46.696240   
2.807160   46.901728   
2.811165   47.107719   
2.815169   47.314213   
2.819174   47.521211   
2.823178   47.728713   
2.827183   47.936719   
2.831187   48.145229   
2.835192   48.354243   
2.839196   48.563762   
2.843201   48.773786   
2.847205   48.984315   
2.851210   49.195350   
2.855214   49.406890   
2.859219   49.618936   
2.863223   49.831488   
2.867228   50.044546   
2.871232   50.258110   
2.875237   50.472181   
2.879241   50.686759   
2.883246   50.901844   
2.887250   51.117436   
2.891255   51.333536   
2.895259   51.550143   
2.899264   51.767258   
2.903268   51.984881   
2.907273   52.203013   
2.911277   52.421653   
2.915282   52.640801   
2.919286   52.860459   
2.923291   53.080626   
2.927295   53.301301   
2.931300   53.522487   
2.935304   53.744182   
2.939309   53.966387   
2.943313   54.189102   
2.947318   54.412327   
2.951322   54.636063   
2.955327   54.860310   
2.959331   55.085067   
2.963336   55.310335   
2.967340   55.536115   
2.971345   55.762406   
2.975349   55.989209   
2.979354   56.216523   
2.983359   56.444350   
2.987363   56.672688   
2.991368   56.901540   
2.995372   57.130903   
2.999377   57.360779   
3.003381   57.591169   
3.007386   57.822071   
3.011390   58.053487   
3.015395   58.285416   
3.019399   58.517859   
3.023404   58.750815   
3.027408   58.984286   
3.031413   59.218271   
3.035417   59.452770   
3.039422   59.687783   
3.043426   59.923312   
3.047431   60.159355   
3.051435   60.395913   
3.055440   60.632987   
3.059444   60.870576   
3.063449   61.108680   
3.067453   61.347301   
3.071458   61.586437   
3.075462   61.826089   
3.079467   62.066258   
3.083471   62.306942   
3.087476   62.548144   
3.091480   62.789862   
3.095485   63.032097   
3.099489   63.274849   
3.103494   63.518119   
3.107498   63.761906   
3.111503   64.006210   
3.115507   64.251032   
3.119512   64.496372   
3.123516   64.742230   
3.127521   64.988606   
3.131525   65.235500   
3.135530   65.482913   
3.139534   65.730845   
3.143539   65.979295   
3.147543   66.228265   
3.151548   66.477753   
3.155552   66.727761   
3.159557   66.978288   
3.163561   67.229335   
3.167566   67.480901   
3.171570   67.732987   
3.175575   67.985594   
3.179579   68.238720   
3.183584   68.492367   
3.187588   68.746534   
3.191593   69.001221   
3.195597   69.256430   
3.199602   69.512159   
3.203606   69.768409   
3.207611   70.025181   
3.211615   70.282474   
3.215620   70.540288   
3.219624   70.798623   
3.223629   71.057481   
3.227633   71.316860   
3.231638   71.576761   
3.235643   71.837185   
3.239647   72.098130   
3.243652   72.359598   
3.247656   72.621588   
3.251661   72.884101   
3.255665   73.147137   
3.259670   73.410696   
3.263674   73.674778   
3.267679   73.939383   
3.271683   74.204511   
3.275688   74.470163   
3.279692   74.736338   
3.283697   75.003036   
3.287701   75.270259   
3.291706   75.538006   
3.295710   75.806276   
3.299715   76.075071   
3.303719   76.344390   
3.307724   76.614233   
3.311728   76.884601   
3.315733   77.155493   
3.319737   77.426911   
3.323742   77.698853   
3.327746   77.971320   
3.331751   78.244312   
3.335755   78.517829   
3.339760   78.791872   
3.343764   79.066440   
3.347769   79.341534   
3.351773   79.617153   
3.355778   79.893298   
3.359782   80.169969   
3.363787   80.447167   
3.367791   80.724890   
3.371796   81.003139   
3.375800   81.281915   
3.379805   81.561217   
3.383809   81.841045   
3.387814   82.121401   
3.391818   82.402283   
3.395823   82.683692   
3.399827   82.965627   
3.403832   83.248090   
3.407836   83.531080   
3.411841   83.814597   
3.415845   84.098642   
3.419850   84.383214   
3.423854   84.668314   
3.427859   84.953941   
3.431863   85.240096   
3.435868   85.526779   
3.439872   85.813989   
3.443877   86.101728   
3.447881   86.389995   
3.451886   86.678790   
3.455890   86.968113   
3.459895   87.257965   
3.463899   87.548345   
3.467904   87.839254   
3.471908   88.130692   
3.475913   88.422658   
3.479918   88.715153   
3.483922   89.008177   
3.487927   89.301730   
3.491931   89.595812   
3.495936   89.890423   
3.499940   90.185564   
3.503945   90.481233   
3.507949   90.777433   
3.511954   91.074161   
3.515958   91.371420   
3.519963   91.669208   
3.523967   91.967526   
3.527972   92.266373   
3.531976   92.565751   
3.535981   92.865658   
3.539985   93.166096   
3.543990   93.467064   
3.547994   93.768561   
3.551999   94.070590   
3.556003   94.373148   
3.560008   94.676237   
3.564012   94.979857   
3.568017   95.284007   
3.572021   95.588687   
3.576026   95.893899   
3.580030   96.199641   
3.584035   96.505914   
3.588039   96.812718   
3.592044   97.120053   
3.596048   97.427919   
3.600053   97.736316   
3.604057   98.045244   
3.608062   98.354703   
3.612066   98.664694   
3.616071   98.975216   
3.620075   99.286270   
3.624080   99.597855   
3.628084   99.909972   
3.632089   100.222620   
3.636093   100.535800   
3.640098   100.849512   
3.644102   101.163755   
3.648107   101.478530   
3.652111   101.793838   
3.656116   102.109677   
3.660120   102.426048   
3.664125   102.742951   
3.668129   103.060387   
3.672134   103.378354   
3.676138   103.696854   
3.680143   104.015886   
3.684147   104.335450   
3.688152   104.655547   
3.692156   104.976176   
3.696161   105.297338   
3.700165   105.619032   
3.704170   105.941259   
3.708174   106.264018   
3.712179   106.587310   
3.716183   106.911135   
3.720188   107.235493   
3.724192   107.560383   
3.728197   107.885806   
3.732202   108.211762   
3.736206   108.538251   
3.740211   108.865273   
3.744215   109.192828   
3.748220   109.520916   
3.752224   109.849537   
3.756229   110.178692   
3.760233   110.508379   
3.764238   110.838600   
3.768242   111.169354   
3.772247   111.500641   
3.776251   111.832461   
3.780256   112.164815   
3.784260   112.497702   
3.788265   112.831123   
3.792269   113.165077   
3.796274   113.499564   
3.800278   113.834586   
3.804283   114.170140   
3.808287   114.506228   
3.812292   114.842850   
3.816296   115.180006   
3.820301   115.517695   
3.824305   115.855917   
3.828310   116.194674   
3.832314   116.533964   
3.836319   116.873788   
3.840323   117.214146   
3.844328   117.555037   
3.848332   117.896463   
3.852337   118.238422   
3.856341   118.580915   
3.860346   118.923942   
3.864350   119.267503   
3.868355   119.611598   
3.872359   119.956227   
3.876364   120.301390   
3.880368   120.647087   
3.884373   120.993318   
3.888377   121.340083   
3.892382   121.687382   
3.896386   122.035216   
3.900391   122.383583   
3.904395   122.732484   
3.908400   123.081920   
3.912404   123.431889   
3.916409   123.782393   
3.920413   124.133431   
3.924418   124.485003   
3.928422   124.837109   
3.932427   125.189750   
3.936431   125.542925   
3.940436   125.896634   
3.944440   126.250877   
3.948445   126.605654   
3.952449   126.960966   
3.956454   127.316812   
3.960458   127.673192   
3.964463   128.030106   
3.968467   128.387555   
3.972472   128.745538   
3.976477   129.104055   
3.980481   129.463106   
3.984486   129.822692   
3.988490   130.182812   
3.992495   130.543466   
3.996499   130.904655   
4.000504   131.266378   
4.004508   131.628635   
4.008513   131.991426   
4.012517   132.354752   
4.016522   132.718612   
4.020526   133.083007   
4.024531   133.447935   
4.028535   133.813398   
4.032540   134.179395   
4.036544   134.545926   
4.040549   134.912992   
4.044553   135.280592   
4.048558   135.648726   
4.052562   136.017395   
4.056567   136.386597   
4.060571   136.756334   
4.064576   137.126605   
4.068580   137.497410   
4.072585   137.868750   
4.076589   138.240624   
4.080594   138.613031   
4.084598   138.985973   
4.088603   139.359450   
4.092607   139.733460   
4.096612   140.108004   
4.100616   140.483083   
4.104621   140.858695   
4.108625   141.234842   
4.112630   141.611523   
4.116634   141.988738   
4.120639   142.366487   
4.124643   142.744769   
4.128648   143.123586   
4.132652   143.502937   
4.136657   143.882822   
4.140661   144.263241   
4.144666   144.644194   
4.148670   145.025680   
4.152675   145.407701   
4.156679   145.790255   
4.160684   146.173343   
4.164688   146.556965   
4.168693   146.941121   
4.172697   147.325811   
4.176702   147.711034   
4.180706   148.096791   
4.184711   148.483082   
4.188715   148.869906   
4.192720   149.257264   
4.196724   149.645156   
4.200729   150.033581   
4.204733   150.422540   
4.208738   150.812032   
4.212742   151.202058   
4.216747   151.592617   
4.220751   151.983710   
4.224756   152.375336   
4.228761   152.767496   
4.232765   153.160189   
4.236770   153.553415   
4.240774   153.947175   
4.244779   154.341467   
4.248783   154.736293   
4.252788   155.131653   
4.256792   155.527545   
4.260797   155.923970   
4.264801   156.320929   
4.268806   156.718421   
4.272810   157.116445   
4.276815   157.515003   
4.280819   157.914093   
4.284824   158.313717   
4.288828   158.713873   
4.292833   159.114562   
4.296837   159.515784   
4.300842   159.917539   
4.304846   160.319826   
4.308851   160.722646   
4.312855   161.125998   
4.316860   161.529884   
4.320864   161.934301   
4.324869   162.339251   
4.328873   162.744734   
4.332878   163.150749   
4.336882   163.557297   
4.340887   163.964376   
4.344891   164.371988   
4.348896   164.780132   
4.352900   165.188809   
4.356905   165.598017   
4.360909   166.007758   
4.364914   166.418030   
4.368918   166.828835   
4.372923   167.240172   
4.376927   167.652040   
4.380932   168.064440   
4.384936   168.477372   
4.388941   168.890836   
4.392945   169.304832   
4.396950   169.719359   
4.400954   170.134417   
4.404959   170.550008   
4.408963   170.966129   
4.412968   171.382782   
4.416972   171.799967   
4.420977   172.217683   
4.424981   172.635930   
4.428986   173.054708   
4.432990   173.474017   
4.436995   173.893858   
4.440999   174.314230   
4.445004   174.735132   
4.449008   175.156566   
4.453013   175.578530   
4.457017   176.001025   
4.461022   176.424051   
4.465026   176.847607   
4.469031   177.271695   
4.473036   177.696312   
4.477040   178.121461   
4.481045   178.547139   
4.485049   178.973348   
4.489054   179.400088   
4.493058   179.827358   
4.497063   180.255157   
4.501067   180.683487   
4.505072   181.112348   
4.509076   181.541738   
4.513081   181.971658   
4.517085   182.402108   
4.521090   182.833087   
4.525094   183.264597   
4.529099   183.696636   
4.533103   184.129205   
4.537108   184.562303   
4.541112   184.995931   
4.545117   185.430088   
4.549121   185.864775   
4.553126   186.299991   
4.557130   186.735736   
4.561135   187.172010   
4.565139   187.608813   
4.569144   188.046145   
4.573148   188.484007   
4.577153   188.922397   
4.581157   189.361316   
4.585162   189.800763   
4.589166   190.240739   
4.593171   190.681244   
4.597175   191.122277   
4.601180   191.563839   
4.605184   192.005929   
4.609189   192.448547   
4.613193   192.891694   
4.617198   193.335369   
4.621202   193.779571   
4.625207   194.224302   
4.629211   194.669560   
4.633216   195.115347   
4.637220   195.561661   
4.641225   196.008503   
4.645229   196.455872   
4.649234   196.903769   
4.653238   197.352193   
4.657243   197.801145   
4.661247   198.250624   
4.665252   198.700630   
4.669256   199.151163   
4.673261   199.602223   
4.677265   200.053811   
4.681270   200.505925   
4.685274   200.958566   
4.689279   201.411733   
4.693283   201.865427   
4.697288   202.319648   
4.701292   202.774395   
4.705297   203.229669   
4.709301   203.685469   
4.713306   204.141795   
4.717310   204.598647   
4.721315   205.056026   
4.725320   205.513930   
4.729324   205.972360   
4.733329   206.431316   
4.737333   206.890797   
4.741338   207.350804   
4.745342   207.811337   
4.749347   208.272395   
4.753351   208.733979   
4.757356   209.196087   
4.761360   209.658721   
4.765365   210.121880   
4.769369   210.585564   
4.773374   211.049773   
4.777378   211.514507   
4.781383   211.979765   
4.785387   212.445548   
4.789392   212.911856   
4.793396   213.378688   
4.797401   213.846044   
4.801405   214.313925   
4.805410   214.782330   
4.809414   215.251258   
4.813419   215.720711   
4.817423   216.190688   
4.821428   216.661189   
4.825432   217.132213   
4.829437   217.603761   
4.833441   218.075832   
4.837446   218.548427   
4.841450   219.021545   
4.845455   219.495187   
4.849459   219.969351   
4.853464   220.444039   
4.857468   220.919249   
4.861473   221.394983   
4.865477   221.871239   
4.869482   222.348018   
4.873486   222.825319   
4.877491   223.303143   
4.881495   223.781489   
4.885500   224.260357   
4.889504   224.739748   
4.893509   225.219661   
4.897513   225.700095   
4.901518   226.181052   
4.905522   226.662530   
4.909527   227.144530   
4.913531   227.627051   
4.917536   228.110094   
4.921540   228.593658   
4.925545   229.077744   
4.929549   229.562351   
4.933554   230.047478   
4.937558   230.533127   
4.941563   231.019297   
4.945567   231.505987   
4.949572   231.993198   
4.953576   232.480929   
4.957581   232.969181   
4.961585   233.457953   
4.965590   233.947246   
4.969595   234.437058   
4.973599   234.927391   
4.977604   235.418243   
4.981608   235.909615   
4.985613   236.401507   
4.989617   236.893919   
4.993622   237.386850   
4.997626   237.880300   
5.001631   238.374270   
5.005635   238.868758   
5.009640   239.363766   
5.013644   239.859293   
5.017649   240.355339   
5.021653   240.851903   
5.025658   241.348986   
5.029662   241.846587   
5.033667   242.344707   
5.037671   242.843345   
5.041676   243.342501   
5.045680   243.842176   
5.049685   244.342368   
5.053689   244.843078   
5.057694   245.344306   
5.061698   245.846052   
5.065703   246.348315   
5.069707   246.851095   
5.073712   247.354393   
5.077716   247.858208   
5.081721   248.362539   
5.085725   248.867388   
5.089730   249.372754   
5.093734   249.878636   
5.097739   250.385035   
5.101743   250.891951   
5.105748   251.399383   
5.109752   251.907331   
5.113757   252.415795   
5.117761   252.924775   
5.121766   253.434272   
5.125770   253.944284   
5.129775   254.454811   
5.133779   254.965855   
5.137784   255.477413   
5.141788   255.989487   
5.145793   256.502077   
5.149797   257.015181   
5.153802   257.528800   
5.157806   258.042935   
5.161811   258.557584   
5.165815   259.072747   
5.169820   259.588425   
5.173824   260.104618   
5.177829   260.621324   
5.181833   261.138545   
5.185838   261.656280   
5.189842   262.174529   
5.193847   262.693292   
5.197851   263.212568   
5.201856   263.732358   
5.205860   264.252661   
5.209865   264.773478   
5.213869   265.294808   
5.217874   265.816651   
5.221879   266.339007   
5.225883   266.861875   
5.229888   267.385257   
5.233892   267.909151   
5.237897   268.433557   
5.241901   268.958476   
5.245906   269.483907   
5.249910   270.009850   
5.253915   270.536305   
5.257919   271.063272   
5.261924   271.590751   
5.265928   272.118741   
5.269933   272.647243   
5.273937   273.176256   
5.277942   273.705780   
5.281946   274.235815   
5.285951   274.766362   
5.289955   275.297419   
5.293960   275.828987   
5.297964   276.361066   
5.301969   276.893655   
5.305973   277.426754   
5.309978   277.960364   
5.313982   278.494483   
5.317987   279.029113   
5.321991   279.564252   
5.325996   280.099902   
5.330000   280.636061   
5.334005   281.172729   
5.338009   281.709906   
5.342014   282.247593   
5.346018   282.785789   
5.350023   283.324494   
5.354027   283.863708   
5.358032   284.403430   
5.362036   284.943661   
5.366041   285.484401   
5.370045   286.025648   
5.374050   286.567404   
5.378054   287.109668   
5.382059   287.652440   
5.386063   288.195720   
5.390068   288.739507   
5.394072   289.283802   
5.398077   289.828604   
5.402081   290.373913   
5.406086   290.919730   
5.410090   291.466054   
5.414095   292.012884   
5.418099   292.560222   
5.422104   293.108065   
5.426108   293.656416   
5.430113   294.205272   
5.434117   294.754635   
5.438122   295.304504   
5.442126   295.854879   
5.446131   296.405760   
5.450135   296.957147   
5.454140   297.509039   
5.458144   298.061436   
5.462149   298.614339   
5.466154   299.167747   
5.470158   299.721660   
5.474163   300.276077   
5.478167   300.831000   
5.482172   301.386427   
5.486176   301.942359   
5.490181   302.498795   
5.494185   303.055735   
5.498190   303.613179   
5.502194   304.171128   
5.506199   304.729580   
5.510203   305.288535   
5.514208   305.847995   
5.518212   306.407957   
5.522217   306.968423   
5.526221   307.529392   
5.530226   308.090864   
5.534230   308.652839   
5.538235   309.215317   
5.542239   309.778297   
5.546244   310.341780   
5.550248   310.905765   
5.554253   311.470252   
5.558257   312.035241   
5.562262   312.600732   
5.566266   313.166725   
5.570271   313.733220   
5.574275   314.300216   
5.578280   314.867713   
5.582284   315.435712   
5.586289   316.004211   
5.590293   316.573212   
5.594298   317.142713   
5.598302   317.712715   
5.602307   318.283218   
5.606311   318.854221   
5.610316   319.425724   
5.614320   319.997727   
5.618325   320.570231   
5.622329   321.143234   
5.626334   321.716736   
5.630338   322.290739   
5.634343   322.865240   
5.638347   323.440241   
5.642352   324.015741   
5.646356   324.591740   
5.650361   325.168238   
5.654365   325.745235   
5.658370   326.322730   
5.662374   326.900724   
5.666379   327.479216   
5.670383   328.058206   
5.674388   328.637694   
5.678392   329.217680   
5.682397   329.798163   
5.686401   330.379144   
5.690406   330.960623   
5.694410   331.542599   
5.698415   332.125072   
5.702419   332.708042   
5.706424   333.291509   
5.710428   333.875472   
5.714433   334.459932   
5.718438   335.044889   
5.722442   335.630342   
5.726447   336.216291   
5.730451   336.802736   
5.734456   337.389677   
5.738460   337.977114   
5.742465   338.565046   
5.746469   339.153474   
5.750474   339.742397   
5.754478   340.331815   
5.758483   340.921728   
5.762487   341.512136   
5.766492   342.103038   
5.770496   342.694436   
5.774501   343.286327   
5.778505   343.878713   
5.782510   344.471593   
5.786514   345.064967   
5.790519   345.658835   
5.794523   346.253197   
5.798528   346.848052   
5.802532   347.443401   
5.806537   348.039242   
5.810541   348.635577   
5.814546   349.232405   
5.818550   349.829726   
5.822555   350.427540   
5.826559   351.025845   
5.830564   351.624644   
5.834568   352.223934   
5.838573   352.823717   
5.842577   353.423992   
5.846582   354.024758   
5.850586   354.626017   
5.854591   355.227766   
5.858595   355.830007   
5.862600   356.432739   
5.866604   357.035963   
5.870609   357.639677   
5.874613   358.243882   
5.878618   358.848578   
5.882622   359.453764   
5.886627   360.059440   
5.890631   360.665607   
5.894636   361.272264   
5.898640   361.879410   
5.902645   362.487047   
5.906649   363.095173   
5.910654   363.703788   
5.914658   364.312893   
5.918663   364.922487   
5.922667   365.532570   
5.926672   366.143141   
5.930676   366.754202   
5.934681   367.365751   
5.938685   367.977788   
5.942690   368.590314   
5.946694   369.203328   
5.950699   369.816830   
5.954703   370.430819   
5.958708   371.045297   
5.962713   371.660261   
5.966717   372.275714   
5.970722   372.891653   
5.974726   373.508079   
5.978731   374.124993   
5.982735   374.742393   
5.986740   375.360280   
5.990744   375.978653   
5.994749   376.597513   
5.998753   377.216859   
6.002758   377.836690   
6.006762   378.457008   
6.010767   379.077812   
6.014771   379.699101   
6.018776   380.320875   
6.022780   380.943135   
6.026785   381.565880   
6.030789   382.189109   
6.034794   382.812824   
6.038798   383.437023   
6.042803   384.061707   
6.046807   384.686876   
6.050812   385.312528   
6.054816   385.938665   
6.058821   386.565285   
6.062825   387.192389   
6.066830   387.819977   
6.070834   388.448048   
6.074839   389.076603   
6.078843   389.705641   
6.082848   390.335162   
6.086852   390.965165   
6.090857   391.595652   
6.094861   392.226621   
6.098866   392.858072   
6.102870   393.490006   
6.106875   394.122421   
6.110879   394.755319   
6.114884   395.388699   
6.118888   396.022560   
6.122893   396.656902   
6.126897   397.291726   
6.130902   397.927032   
6.134906   398.562818   
6.138911   399.199085   
6.142915   399.835833   
6.146920   400.473061   
6.150924   401.110770   
6.154929   401.748959   
6.158933   402.387629   
6.162938   403.026778   
6.166942   403.666407   
6.170947   404.306516   
6.174951   404.947104   
6.178956   405.588172   
6.182960   406.229719   
6.186965   406.871744   
6.190969   407.514249   
6.194974   408.157233   
6.198978   408.800695   
6.202983   409.444636   
6.206987   410.089055   
6.210992   410.733952   
6.214997   411.379327   
6.219001   412.025180   
6.223006   412.671510   
6.227010   413.318318   
6.231015   413.965604   
6.235019   414.613366   
6.239024   415.261606   
6.243028   415.910323   
6.247033   416.559516   
6.251037   417.209186   
6.255042   417.859333   
6.259046   418.509956   
6.263051   419.161055   
6.267055   419.812630   
6.271060   420.464680   
6.275064   421.117207   
6.279069   421.770209   
6.283073   422.423686   
6.287078   423.077639   
6.291082   423.732066   
6.295087   424.386969   
6.299091   425.042346   
6.303096   425.698198   
6.307100   426.354524   
6.311105   427.011325   
6.315109   427.668600   
6.319114   428.326349   
6.323118   428.984571   
6.327123   429.643267   
6.331127   430.302437   
6.335132   430.962080   
6.339136   431.622197   
6.343141   432.282786   
6.347145   432.943848   
6.351150   433.605384   
6.355154   434.267391   
6.359159   434.929871   
6.363163   435.592824   
6.367168   436.256248   
6.371172   436.920145   
6.375177   437.584513   
6.379181   438.249353   
6.383186   438.914664   
6.387190   439.580447   
6.391195   440.246701   
6.395199   440.913426   
6.399204   441.580622   
6.403208   442.248289   
6.407213   442.916426   
6.411217   443.585034   
6.415222   444.254112   
6.419226   444.923660   
6.423231   445.593678   
6.427235   446.264166   
6.431240   446.935123   
6.435244   447.606550   
6.439249   448.278446   
6.443253   448.950812   
6.447258   449.623646   
6.451262   450.296950   
6.455267   450.970722   
6.459272   451.644962   
6.463276   452.319671   
6.467281   452.994848   
6.471285   453.670494   
6.475290   454.346607   
6.479294   455.023188   
6.483299   455.700236   
6.487303   456.377753   
6.491308   457.055736   
6.495312   457.734186   
6.499317   458.413104   
6.503321   459.092488   
6.507326   459.772339   
6.511330   460.452657   
6.515335   461.133441   
6.519339   461.814691   
6.523344   462.496407   
6.527348   463.178589   
6.531353   463.861237   
6.535357   464.544351   
6.539362   465.227929   
6.543366   465.911973   
6.547371   466.596483   
6.551375   467.281457   
6.555380   467.966896   
6.559384   468.652800   
6.563389   469.339168   
6.567393   470.026000   
6.571398   470.713297   
6.575402   471.401058   
6.579407   472.089282   
6.583411   472.777970   
6.587416   473.467122   
6.591420   474.156738   
6.595425   474.846816   
6.599429   475.537358   
6.603434   476.228362   
6.607438   476.919829   
6.611443   477.611759   
6.615447   478.304151   
6.619452   478.997006   
6.623456   479.690323   
6.627461   480.384102   
6.631465   481.078342   
6.635470   481.773044   
6.639474   482.468208   
6.643479   483.163833   
6.647483   483.859920   
6.651488   484.556467   
6.655492   485.253475   
6.659497   485.950944   
6.663501   486.648874   
6.667506   487.347264   
6.671510   488.046114   
6.675515   488.745424   
6.679519   489.445195   
6.683524   490.145425   
6.687528   490.846114   
6.691533   491.547264   
6.695537   492.248872   
6.699542   492.950940   
6.703546   493.653466   
6.707551   494.356452   
6.711556   495.059896   
6.715560   495.763799   
6.719565   496.468160   
6.723569   497.172979   
6.727574   497.878257   
6.731578   498.583992   
6.735583   499.290185   
6.739587   499.996836   
6.743592   500.703944   
6.747596   501.411509   
6.751601   502.119532   
6.755605   502.828011   
6.759610   503.536948   
6.763614   504.246340   
6.767619   504.956190   
6.771623   505.666496   
6.775628   506.377258   
6.779632   507.088475   
6.783637   507.800149   
6.787641   508.512279   
6.791646   509.224864   
6.795650   509.937904   
6.799655   510.651400   
6.803659   511.365351   
6.807664   512.079756   
6.811668   512.794617   
6.815673   513.509932   
6.819677   514.225701   
6.823682   514.941925   
6.827686   515.658603   
6.831691   516.375735   
6.835695   517.093321   
6.839700   517.811360   
6.843704   518.529853   
6.847709   519.248799   
6.851713   519.968199   
6.855718   520.688051   
6.859722   521.408356   
6.863727   522.129114   
6.867731   522.850325   
6.871736   523.571988   
6.875740   524.294103   
6.879745   525.016671   
6.883749   525.739690   
6.887754   526.463161   
6.891758   527.187084   
6.895763   527.911458   
6.899767   528.636283   
6.903772   529.361560   
6.907776   530.087287   
6.911781   530.813466   
6.915785   531.540095   
6.919790   532.267174   
6.923794   532.994704   
6.927799   533.722684   
6.931803   534.451114   
6.935808   535.179994   
6.939812   535.909324   
6.943817   536.639104   
6.947821   537.369332   
6.951826   538.100010   
6.955831   538.831138   
6.959835   539.562714   
6.963840   540.294738   
6.967844   541.027212   
6.971849   541.760134   
6.975853   542.493504   
6.979858   543.227323   
6.983862   543.961589   
6.987867   544.696303   
6.991871   545.431465   
6.995876   546.167075   
6.999880   546.903132   
7.003885   547.639636   
7.007889   548.376587   
7.011894   549.113985   
7.015898   549.851829   
7.019903   550.590121   
7.023907   551.328859   
7.027912   552.068043   
7.031916   552.807673   
7.035921   553.547749   
7.039925   554.288271   
7.043930   555.029238   
7.047934   555.770651   
7.051939   556.512510   
7.055943   557.254813   
7.059948   557.997562   
7.063952   558.740755   
7.067957   559.484393   
7.071961   560.228476   
7.075966   560.973003   
7.079970   561.717974   
7.083975   562.463389   
7.087979   563.209248   
7.091984   563.955551   
7.095988   564.702298   
7.099993   565.449488   
7.103997   566.197121   
7.108002   566.945197   
7.112006   567.693717   
7.116011   568.442679   
7.120015   569.192084   
7.124020   569.941931   
7.128024   570.692220   
7.132029   571.442952   
7.136033   572.194126   
7.140038   572.945742   
7.144042   573.697799   
7.148047   574.450298   
7.152051   575.203239   
7.156056   575.956620   
7.160060   576.710443   
7.164065   577.464706   
7.168069   578.219411   
7.172074   578.974556   
7.176078   579.730141   
7.180083   580.486167   
7.184087   581.242633   
7.188092   581.999539   
7.192096   582.756884   
7.196101   583.514670   
7.200105   584.272895   
7.204110   585.031559   
7.208115   585.790662   
7.212119   586.550205   
7.216124   587.310186   
7.220128   588.070606   
7.224133   588.831465   
7.228137   589.592762   
7.232142   590.354497   
7.236146   591.116671   
7.240151   591.879282   
7.244155   592.642331   
7.248160   593.405818   
7.252164   594.169742   
7.256169   594.934104   
7.260173   595.698902   
7.264178   596.464138   
7.268182   597.229811   
7.272187   597.995920   
7.276191   598.762466   
7.280196   599.529448   
7.284200   600.296866   
7.288205   601.064721   
7.292209   601.833011   
7.296214   602.601737   
7.300218   603.370899   
7.304223   604.140496   
7.308227   604.910528   
7.312232   605.680996   
7.316236   606.451898   
7.320241   607.223236   
7.324245   607.995008   
7.328250   608.767214   
7.332254   609.539855   
7.336259   610.312930   
7.340263   611.086439   
7.344268   611.860382   
7.348272   612.634758   
7.352277   613.409568   
7.356281   614.184812   
7.360286   614.960489   
7.364290   615.736598   
7.368295   616.513141   
7.372299   617.290117   
7.376304   618.067525   
7.380308   618.845366   
7.384313   619.623638   
7.388317   620.402344   
7.392322   621.181481   
7.396326   621.961049   
7.400331   622.741050   
7.404335   623.521482   
7.408340   624.302346   
7.412344   625.083640   
7.416349   625.865366   
7.420353   626.647523   
7.424358   627.430110   
7.428362   628.213128   
7.432367   628.996576   
7.436371   629.780455   
7.440376   630.564764   
7.444380   631.349503   
7.448385   632.134671   
7.452390   632.920269   
7.456394   633.706297   
7.460399   634.492754   
7.464403   635.279640   
7.468408   636.066955   
7.472412   636.854700   
7.476417   637.642872   
7.480421   638.431474   
7.484426   639.220503   
7.488430   640.009961   
7.492435   640.799848   
7.496439   641.590162   
7.500444   642.380903   
7.504448   643.172073   
7.508453   643.963670   
7.512457   644.755694   
7.516462   645.548145   
7.520466   646.341023   
7.524471   647.134329   
7.528475   647.928060   
7.532480   648.722219   
7.536484   649.516804   
7.540489   650.311814   
7.544493   651.107252   
7.548498   651.903114   
7.552502   652.699403   
7.556507   653.496117   
7.560511   654.293257   
7.564516   655.090822   
7.568520   655.888812   
7.572525   656.687227   
7.576529   657.486067   
7.580534   658.285332   
7.584538   659.085021   
7.588543   659.885134   
7.592547   660.685672   
7.596552   661.486633   
7.600556   662.288019   
7.604561   663.089828   
7.608565   663.892061   
7.612570   664.694717   
7.616574   665.497797   
7.620579   666.301299   
7.624583   667.105225   
7.628588   667.909573   
7.632592   668.714344   
7.636597   669.519537   
7.640601   670.325153   
7.644606   671.131191   
7.648610   671.937651   
7.652615   672.744533   
7.656619   673.551836   
7.660624   674.359562   
7.664628   675.167708   
7.668633   675.976276   
7.672637   676.785264   
7.676642   677.594674   
7.680646   678.404505   
7.684651   679.214756   
7.688655   680.025427   
7.692660   680.836519   
7.696664   681.648031   
7.700669   682.459963   
7.704674   683.272315   
7.708678   684.085087   
7.712683   684.898278   
7.716687   685.711888   
7.720692   686.525918   
7.724696   687.340367   
7.728701   688.155234   
7.732705   688.970521   
7.736710   689.786226   
7.740714   690.602349   
7.744719   691.418891   
7.748723   692.235851   
7.752728   693.053229   
7.756732   693.871024   
7.760737   694.689238   
7.764741   695.507869   
7.768746   696.326917   
7.772750   697.146382   
7.776755   697.966265   
7.780759   698.786564   
7.784764   699.607281   
7.788768   700.428413   
7.792773   701.249963   
7.796777   702.071928   
7.800782   702.894310   
7.804786   703.717107   
7.808791   704.540320   
7.812795   705.363950   
7.816800   706.187994   
7.820804   707.012454   
7.824809   707.837329   
7.828813   708.662619   
7.832818   709.488324   
7.836822   710.314444   
7.840827   711.140978   
7.844831   711.967927   
7.848836   712.795290   
7.852840   713.623067   
7.856845   714.451258   
7.860849   715.279863   
7.864854   716.108882   
7.868858   716.938314   
7.872863   717.768159   
7.876867   718.598418   
7.880872   719.429089   
7.884876   720.260174   
7.888881   721.091671   
7.892885   721.923581   
7.896890   722.755903   
7.900894   723.588638   
7.904899   724.421784   
7.908903   725.255343   
7.912908   726.089313   
7.916912   726.923695   
7.920917   727.758488   
7.924921   728.593693   
7.928926   729.429309   
7.932930   730.265336   
7.936935   731.101774   
7.940939   731.938623   
7.944944   732.775882   
7.948949   733.613552   
7.952953   734.451631   
7.956958   735.290121   
7.960962   736.129021   
7.964967   736.968331   
7.968971   737.808050   
7.972976   738.648179   
7.976980   739.488717   
7.980985   740.329665   
7.984989   741.171021   
7.988994   742.012786   
7.992998   742.854960   
7.997003   743.697543   
8.001007   744.540534   
8.005012   745.383933   
