0.008009    0.000101 
0.012014    -0.000125 
0.016018    -0.000381 
0.020023    -0.000659 
0.024027    -0.000951 
0.028032    -0.001251 
0.032036    -0.001555 
0.036041    -0.001861 
0.040045    -0.002168 
0.044050    -0.002475 
0.048054    -0.002780 
0.052059    -0.003083 
0.056063    -0.003383 
0.060068    -0.003680 
0.064072    -0.003973 
0.068077    -0.004263 
0.072081    -0.004549 
0.076086    -0.004830 
0.080090    -0.005107 
0.084095    -0.005380 
0.088099    -0.005647 
0.092104    -0.005911 
0.096108    -0.006169 
0.100113    -0.006422 
0.104117    -0.006671 
0.108122    -0.006914 
0.112126    -0.007153 
0.116131    -0.007386 
0.120135    -0.007614 
0.124140    -0.007838 
0.128144    -0.008056 
0.132149    -0.008269 
0.136153    -0.008477 
0.140158    -0.008680 
0.144162    -0.008877 
0.148167    -0.009070 
0.152171    -0.009257 
0.156176    -0.009440 
0.160180    -0.009617 
0.164185    -0.009790 
0.168189    -0.009957 
0.172194    -0.010119 
0.176198    -0.010276 
0.180203    -0.010429 
0.184207    -0.010576 
0.188212    -0.010718 
0.192216    -0.010856 
0.196221    -0.010988 
0.200225    -0.011116 
0.204230    -0.011238 
0.208234    -0.011356 
0.212239    -0.011469 
0.216243    -0.011577 
0.220248    -0.011681 
0.224252    -0.011780 
0.228257    -0.011873 
0.232261    -0.011963 
0.236266    -0.012047 
0.240270    -0.012127 
0.244275    -0.012203 
0.248279    -0.012273 
0.252284    -0.012339 
0.256289    -0.012401 
0.260293    -0.012458 
0.264298    -0.012510 
0.268302    -0.012559 
0.272307    -0.012602 
0.276311    -0.012641 
0.280316    -0.012676 
0.284320    -0.012706 
0.288325    -0.012732 
0.292329    -0.012754 
0.296334    -0.012772 
0.300338    -0.012785 
0.304343    -0.012794 
0.308347    -0.012798 
0.312352    -0.012799 
0.316356    -0.012795 
0.320361    -0.012787 
0.324365    -0.012775 
0.328370    -0.012759 
0.332374    -0.012739 
0.336379    -0.012714 
0.340383    -0.012686 
0.344388    -0.012654 
0.348392    -0.012617 
0.352397    -0.012577 
0.356401    -0.012533 
0.360406    -0.012485 
0.364410    -0.012433 
0.368415    -0.012377 
0.372419    -0.012317 
0.376424    -0.012254 
0.380428    -0.012186 
0.384433    -0.012115 
0.388437    -0.012040 
0.392442    -0.011961 
0.396446    -0.011879 
0.400451    -0.011793 
0.404455    -0.011703 
0.408460    -0.011610 
0.412464    -0.011513 
0.416469    -0.011412 
0.420473    -0.011308 
0.424478    -0.011201 
0.428482    -0.011089 
0.432487    -0.010974 
0.436491    -0.010856 
0.440496    -0.010734 
0.444500    -0.010609 
0.448505    -0.010481 
0.452509    -0.010348 
0.456514    -0.010213 
0.460518    -0.010074 
0.464523    -0.009932 
0.468527    -0.009786 
0.472532    -0.009638 
0.476536    -0.009485 
0.480541    -0.009330 
0.484545    -0.009171 
0.488550    -0.009009 
0.492554    -0.008844 
0.496559    -0.008676 
0.500564    -0.008504 
0.504568    -0.008330 
0.508573    -0.008152 
0.512577    -0.007971 
0.516582    -0.007787 
0.520586    -0.007599 
0.524591    -0.007409 
0.528595    -0.007216 
0.532600    -0.007020 
0.536604    -0.006820 
0.540609    -0.006618 
0.544613    -0.006413 
0.548618    -0.006204 
0.552622    -0.005993 
0.556627    -0.005779 
0.560631    -0.005562 
0.564636    -0.005342 
0.568640    -0.005119 
0.572645    -0.004893 
0.576649    -0.004664 
0.580654    -0.004433 
0.584658    -0.004199 
0.588663    -0.003962 
0.592667    -0.003722 
0.596672    -0.003479 
0.600676    -0.003234 
0.604681    -0.002986 
0.608685    -0.002735 
0.612690    -0.002482 
0.616694    -0.002225 
0.620699    -0.001967 
0.624703    -0.001705 
0.628708    -0.001441 
0.632712    -0.001174 
0.636717    -0.000905 
0.640721    -0.000633 
0.644726    -0.000358 
0.648730    -0.000081 
0.652735    0.000199 
0.656739    0.000481 
0.660744    0.000766 
0.664748    0.001053 
0.668753    0.001343 
0.672757    0.001635 
0.676762    0.001929 
0.680766    0.002227 
0.684771    0.002526 
0.688775    0.002828 
0.692780    0.003132 
0.696784    0.003439 
0.700789    0.003748 
0.704793    0.004060 
0.708798    0.004374 
0.712802    0.004690 
0.716807    0.005009 
0.720811    0.005329 
0.724816    0.005653 
0.728820    0.005978 
0.732825    0.006306 
0.736829    0.006636 
0.740834    0.006968 
0.744838    0.007302 
0.748843    0.007639 
0.752848    0.007978 
0.756852    0.008319 
0.760857    0.008662 
0.764861    0.009008 
0.768866    0.009355 
0.772870    0.009705 
0.776875    0.010057 
0.780879    0.010411 
0.784884    0.010767 
0.788888    0.011125 
0.792893    0.011485 
0.796897    0.011848 
0.800902    0.012212 
0.804906    0.012578 
0.808911    0.012947 
0.812915    0.013317 
0.816920    0.013690 
0.820924    0.014064 
0.824929    0.014441 
0.828933    0.014819 
0.832938    0.015200 
0.836942    0.015582 
0.840947    0.015967 
0.844951    0.016353 
0.848956    0.016741 
0.852960    0.017131 
0.856965    0.017523 
0.860969    0.017917 
0.864974    0.018313 
0.868978    0.018711 
0.872983    0.019110 
0.876987    0.019511 
0.880992    0.019915 
0.884996    0.020320 
0.889001    0.020726 
0.893005    0.021135 
0.897010    0.021545 
0.901014    0.021958 
0.905019    0.022371 
0.909023    0.022787 
0.913028    0.023205 
0.917032    0.023624 
0.921037    0.024045 
0.925041    0.024467 
0.929046    0.024892 
0.933050    0.025318 
0.937055    0.025746 
0.941059    0.026175 
0.945064    0.026606 
0.949068    0.027039 
0.953073    0.027473 
0.957077    0.027909 
0.961082    0.028347 
0.965086    0.028786 
0.969091    0.029227 
0.973095    0.029670 
0.977100    0.030114 
0.981104    0.030560 
0.985109    0.031007 
0.989113    0.031456 
0.993118    0.031906 
0.997123    0.032358 
1.001127    0.032811 
1.005132    0.033266 
1.009136    0.033723 
1.013141    0.034181 
1.017145    0.034641 
1.021150    0.035102 
1.025154    0.035564 
1.029159    0.036028 
1.033163    0.036493 
1.037168    0.036960 
1.041172    0.037429 
1.045177    0.037898 
1.049181    0.038370 
1.053186    0.038842 
1.057190    0.039316 
1.061195    0.039792 
1.065199    0.040269 
1.069204    0.040747 
1.073208    0.041226 
1.077213    0.041707 
1.081217    0.042190 
1.085222    0.042673 
1.089226    0.043158 
1.093231    0.043645 
1.097235    0.044132 
1.101240    0.044621 
1.105244    0.045112 
1.109249    0.045603 
1.113253    0.046096 
1.117258    0.046590 
1.121262    0.047086 
1.125267    0.047583 
1.129271    0.048081 
1.133276    0.048580 
1.137280    0.049081 
1.141285    0.049582 
1.145289    0.050085 
1.149294    0.050590 
1.153298    0.051095 
1.157303    0.051602 
1.161307    0.052109 
1.165312    0.052619 
1.169316    0.053129 
1.173321    0.053640 
1.177325    0.054153 
1.181330    0.054666 
1.185334    0.055181 
1.189339    0.055697 
1.193343    0.056215 
1.197348    0.056733 
1.201352    0.057252 
1.205357    0.057773 
1.209361    0.058295 
1.213366    0.058818 
1.217370    0.059341 
1.221375    0.059866 
1.225379    0.060393 
1.229384    0.060920 
1.233388    0.061448 
1.237393    0.061977 
1.241397    0.062508 
1.245402    0.063039 
1.249407    0.063571 
1.253411    0.064105 
1.257416    0.064639 
1.261420    0.065175 
1.265425    0.065711 
1.269429    0.066249 
1.273434    0.066787 
1.277438    0.067327 
1.281443    0.067868 
1.285447    0.068409 
1.289452    0.068952 
1.293456    0.069495 
1.297461    0.070039 
1.301465    0.070585 
1.305470    0.071131 
1.309474    0.071678 
1.313479    0.072227 
1.317483    0.072776 
1.321488    0.073326 
1.325492    0.073877 
1.329497    0.074429 
1.333501    0.074981 
1.337506    0.075535 
1.341510    0.076090 
1.345515    0.076645 
1.349519    0.077202 
1.353524    0.077759 
1.357528    0.078317 
1.361533    0.078876 
1.365537    0.079436 
1.369542    0.079996 
1.373546    0.080558 
1.377551    0.081120 
1.381555    0.081683 
1.385560    0.082247 
1.389564    0.082812 
1.393569    0.083378 
1.397573    0.083944 
1.401578    0.084511 
1.405582    0.085079 
1.409587    0.085648 
1.413591    0.086218 
1.417596    0.086788 
1.421600    0.087359 
1.425605    0.087931 
1.429609    0.088504 
1.433614    0.089077 
1.437618    0.089651 
1.441623    0.090226 
1.445627    0.090802 
1.449632    0.091378 
1.453636    0.091955 
1.457641    0.092533 
1.461645    0.093112 
1.465650    0.093691 
1.469654    0.094271 
1.473659    0.094851 
1.477663    0.095433 
1.481668    0.096015 
1.485672    0.096598 
1.489677    0.097181 
1.493682    0.097765 
1.497686    0.098350 
1.501691    0.098935 
1.505695    0.099521 
1.509700    0.100108 
1.513704    0.100695 
1.517709    0.101283 
1.521713    0.101872 
1.525718    0.102461 
1.529722    0.103051 
1.533727    0.103642 
1.537731    0.104233 
1.541736    0.104824 
1.545740    0.105417 
1.549745    0.106010 
1.553749    0.106603 
1.557754    0.107197 
1.561758    0.107792 
1.565763    0.108387 
1.569767    0.108983 
1.573772    0.109580 
1.577776    0.110177 
1.581781    0.110774 
1.585785    0.111372 
1.589790    0.111971 
1.593794    0.112570 
1.597799    0.113170 
1.601803    0.113770 
1.605808    0.114371 
1.609812    0.114972 
1.613817    0.115574 
1.617821    0.116176 
1.621826    0.116779 
1.625830    0.117383 
1.629835    0.117986 
1.633839    0.118591 
1.637844    0.119196 
1.641848    0.119801 
1.645853    0.120407 
1.649857    0.121013 
1.653862    0.121620 
1.657866    0.122227 
1.661871    0.122835 
1.665875    0.123443 
1.669880    0.124052 
1.673884    0.124661 
1.677889    0.125271 
1.681893    0.125881 
1.685898    0.126491 
1.689902    0.127102 
1.693907    0.127713 
1.697911    0.128325 
1.701916    0.128937 
1.705920    0.129550 
1.709925    0.130162 
1.713929    0.130776 
1.717934    0.131390 
1.721938    0.132004 
1.725943    0.132618 
1.729947    0.133233 
1.733952    0.133849 
1.737956    0.134464 
1.741961    0.135081 
1.745966    0.135697 
1.749970    0.136314 
1.753975    0.136931 
1.757979    0.137549 
1.761984    0.138167 
1.765988    0.138785 
1.769993    0.139404 
1.773997    0.140023 
1.778002    0.140642 
1.782006    0.141262 
1.786011    0.141882 
1.790015    0.142502 
1.794020    0.143123 
1.798024    0.143744 
1.802029    0.144365 
1.806033    0.144987 
1.810038    0.145608 
1.814042    0.146231 
1.818047    0.146853 
1.822051    0.147476 
1.826056    0.148099 
1.830060    0.148723 
1.834065    0.149346 
1.838069    0.149970 
1.842074    0.150594 
1.846078    0.151219 
1.850083    0.151844 
1.854087    0.152469 
1.858092    0.153094 
1.862096    0.153720 
1.866101    0.154346 
1.870105    0.154972 
1.874110    0.155598 
1.878114    0.156225 
1.882119    0.156851 
1.886123    0.157479 
1.890128    0.158106 
1.894132    0.158733 
1.898137    0.159361 
1.902141    0.159989 
1.906146    0.160617 
1.910150    0.161246 
1.914155    0.161874 
1.918159    0.162503 
1.922164    0.163132 
1.926168    0.163761 
1.930173    0.164391 
1.934177    0.165021 
1.938182    0.165650 
1.942186    0.166280 
1.946191    0.166911 
1.950195    0.167541 
1.954200    0.168172 
1.958204    0.168802 
1.962209    0.169433 
1.966213    0.170064 
1.970218    0.170695 
1.974222    0.171327 
1.978227    0.171958 
1.982231    0.172590 
1.986236    0.173222 
1.990241    0.173854 
1.994245    0.174486 
1.998250    0.175118 
2.002254    0.175751 
2.006259    0.176383 
2.010263    0.177016 
2.014268    0.177649 
2.018272    0.178282 
2.022277    0.178915 
2.026281    0.179548 
2.030286    0.180181 
2.034290    0.180815 
2.038295    0.181448 
2.042299    0.182082 
2.046304    0.182715 
2.050308    0.183349 
2.054313    0.183983 
2.058317    0.184617 
2.062322    0.185251 
2.066326    0.185885 
2.070331    0.186520 
2.074335    0.187154 
2.078340    0.187788 
2.082344    0.188423 
2.086349    0.189057 
2.090353    0.189692 
2.094358    0.190327 
2.098362    0.190961 
2.102367    0.191596 
2.106371    0.192231 
2.110376    0.192866 
2.114380    0.193501 
2.118385    0.194136 
2.122389    0.194771 
2.126394    0.195406 
2.130398    0.196041 
2.134403    0.196676 
2.138407    0.197312 
2.142412    0.197947 
2.146416    0.198582 
2.150421    0.199217 
2.154425    0.199853 
2.158430    0.200488 
2.162434    0.201123 
2.166439    0.201759 
2.170443    0.202394 
2.174448    0.203029 
2.178452    0.203665 
2.182457    0.204300 
2.186461    0.204935 
2.190466    0.205571 
2.194470    0.206206 
2.198475    0.206841 
2.202479    0.207477 
2.206484    0.208112 
2.210488    0.208747 
2.214493    0.209383 
2.218497    0.210018 
2.222502    0.210653 
2.226506    0.211288 
2.230511    0.211923 
2.234515    0.212558 
2.238520    0.213194 
2.242525    0.213829 
2.246529    0.214464 
2.250534    0.215099 
2.254538    0.215733 
2.258543    0.216368 
2.262547    0.217003 
2.266552    0.217638 
2.270556    0.218273 
2.274561    0.218907 
2.278565    0.219542 
2.282570    0.220176 
2.286574    0.220811 
2.290579    0.221445 
2.294583    0.222079 
2.298588    0.222714 
2.302592    0.223348 
2.306597    0.223982 
2.310601    0.224616 
2.314606    0.225250 
2.318610    0.225884 
2.322615    0.226517 
2.326619    0.227151 
2.330624    0.227784 
2.334628    0.228418 
2.338633    0.229051 
2.342637    0.229684 
2.346642    0.230318 
2.350646    0.230951 
2.354651    0.231583 
2.358655    0.232216 
2.362660    0.232849 
2.366664    0.233482 
2.370669    0.234114 
2.374673    0.234746 
2.378678    0.235379 
2.382682    0.236011 
2.386687    0.236643 
2.390691    0.237274 
2.394696    0.237906 
2.398700    0.238538 
2.402705    0.239169 
2.406709    0.239800 
2.410714    0.240431 
2.414718    0.241062 
2.418723    0.241693 
2.422727    0.242324 
2.426732    0.242955 
2.430736    0.243585 
2.434741    0.244215 
2.438745    0.244845 
2.442750    0.245475 
2.446754    0.246105 
2.450759    0.246735 
2.454763    0.247364 
2.458768    0.247993 
2.462772    0.248622 
2.466777    0.249251 
2.470781    0.249880 
2.474786    0.250509 
2.478790    0.251137 
2.482795    0.251765 
2.486800    0.252393 
2.490804    0.253021 
2.494809    0.253649 
2.498813    0.254276 
2.502818    0.254904 
2.506822    0.255531 
2.510827    0.256158 
2.514831    0.256784 
2.518836    0.257411 
2.522840    0.258037 
2.526845    0.258663 
2.530849    0.259289 
2.534854    0.259915 
2.538858    0.260540 
2.542863    0.261166 
2.546867    0.261791 
2.550872    0.262415 
2.554876    0.263040 
2.558881    0.263664 
2.562885    0.264289 
2.566890    0.264913 
2.570894    0.265536 
2.574899    0.266160 
2.578903    0.266783 
2.582908    0.267406 
2.586912    0.268029 
2.590917    0.268652 
2.594921    0.269274 
2.598926    0.269896 
2.602930    0.270518 
2.606935    0.271140 
2.610939    0.271761 
2.614944    0.272382 
2.618948    0.273003 
2.622953    0.273624 
2.626957    0.274244 
2.630962    0.274864 
2.634966    0.275484 
2.638971    0.276104 
2.642975    0.276723 
2.646980    0.277342 
2.650984    0.277961 
2.654989    0.278580 
2.658993    0.279198 
2.662998    0.279816 
2.667002    0.280434 
2.671007    0.281052 
2.675011    0.281669 
2.679016    0.282286 
2.683020    0.282903 
2.687025    0.283519 
2.691029    0.284135 
2.695034    0.284751 
2.699038    0.285367 
2.703043    0.285982 
2.707047    0.286597 
2.711052    0.287212 
2.715056    0.287826 
2.719061    0.288440 
2.723065    0.289054 
2.727070    0.289668 
2.731074    0.290281 
2.735079    0.290894 
2.739084    0.291507 
2.743088    0.292119 
2.747093    0.292731 
2.751097    0.293343 
2.755102    0.293955 
2.759106    0.294566 
2.763111    0.295177 
2.767115    0.295787 
2.771120    0.296398 
2.775124    0.297008 
2.779129    0.297617 
2.783133    0.298226 
2.787138    0.298835 
2.791142    0.299444 
2.795147    0.300053 
2.799151    0.300661 
2.803156    0.301268 
2.807160    0.301876 
2.811165    0.302483 
2.815169    0.303090 
2.819174    0.303696 
2.823178    0.304302 
2.827183    0.304908 
2.831187    0.305513 
2.835192    0.306118 
2.839196    0.306723 
2.843201    0.307327 
2.847205    0.307931 
2.851210    0.308535 
2.855214    0.309139 
2.859219    0.309742 
2.863223    0.310344 
2.867228    0.310947 
2.871232    0.311549 
2.875237    0.312150 
2.879241    0.312752 
2.883246    0.313353 
2.887250    0.313953 
2.891255    0.314554 
2.895259    0.315153 
2.899264    0.315753 
2.903268    0.316352 
2.907273    0.316951 
2.911277    0.317549 
2.915282    0.318148 
2.919286    0.318745 
2.923291    0.319343 
2.927295    0.319940 
2.931300    0.320536 
2.935304    0.321133 
2.939309    0.321728 
2.943313    0.322324 
2.947318    0.322919 
2.951322    0.323514 
2.955327    0.324108 
2.959331    0.324702 
2.963336    0.325296 
2.967340    0.325889 
2.971345    0.326482 
2.975349    0.327075 
2.979354    0.327667 
2.983359    0.328259 
2.987363    0.328850 
2.991368    0.329441 
2.995372    0.330031 
2.999377    0.330622 
3.003381    0.331211 
3.007386    0.331801 
3.011390    0.332390 
3.015395    0.332979 
3.019399    0.333567 
3.023404    0.334155 
3.027408    0.334742 
3.031413    0.335329 
3.035417    0.335916 
3.039422    0.336502 
3.043426    0.337088 
3.047431    0.337673 
3.051435    0.338258 
3.055440    0.338843 
3.059444    0.339427 
3.063449    0.340011 
3.067453    0.340594 
3.071458    0.341177 
3.075462    0.341760 
3.079467    0.342342 
3.083471    0.342924 
3.087476    0.343505 
3.091480    0.344086 
3.095485    0.344667 
3.099489    0.345247 
3.103494    0.345827 
3.107498    0.346406 
3.111503    0.346985 
3.115507    0.347563 
3.119512    0.348141 
3.123516    0.348719 
3.127521    0.349296 
3.131525    0.349873 
3.135530    0.350449 
3.139534    0.351025 
3.143539    0.351600 
3.147543    0.352175 
3.151548    0.352750 
3.155552    0.353324 
3.159557    0.353898 
3.163561    0.354471 
3.167566    0.355044 
3.171570    0.355616 
3.175575    0.356188 
3.179579    0.356760 
3.183584    0.357331 
3.187588    0.357902 
3.191593    0.358472 
3.195597    0.359042 
3.199602    0.359611 
3.203606    0.360180 
3.207611    0.360749 
3.211615    0.361317 
3.215620    0.361884 
3.219624    0.362451 
3.223629    0.363018 
3.227633    0.363584 
3.231638    0.364150 
3.235643    0.364715 
3.239647    0.365280 
3.243652    0.365845 
3.247656    0.366409 
3.251661    0.366972 
3.255665    0.367535 
3.259670    0.368098 
3.263674    0.368660 
3.267679    0.369222 
3.271683    0.369783 
3.275688    0.370344 
3.279692    0.370904 
3.283697    0.371464 
3.287701    0.372024 
3.291706    0.372583 
3.295710    0.373141 
3.299715    0.373699 
3.303719    0.374257 
3.307724    0.374814 
3.311728    0.375370 
3.315733    0.375927 
3.319737    0.376482 
3.323742    0.377038 
3.327746    0.377592 
3.331751    0.378147 
3.335755    0.378700 
3.339760    0.379254 
3.343764    0.379807 
3.347769    0.380359 
3.351773    0.380911 
3.355778    0.381463 
3.359782    0.382014 
3.363787    0.382564 
3.367791    0.383114 
3.371796    0.383664 
3.375800    0.384213 
3.379805    0.384761 
3.383809    0.385310 
3.387814    0.385857 
3.391818    0.386404 
3.395823    0.386951 
3.399827    0.387497 
3.403832    0.388043 
3.407836    0.388588 
3.411841    0.389133 
3.415845    0.389677 
3.419850    0.390221 
3.423854    0.390764 
3.427859    0.391307 
3.431863    0.391850 
3.435868    0.392391 
3.439872    0.392933 
3.443877    0.393474 
3.447881    0.394014 
3.451886    0.394554 
3.455890    0.395093 
3.459895    0.395632 
3.463899    0.396171 
3.467904    0.396709 
3.471908    0.397246 
3.475913    0.397783 
3.479918    0.398319 
3.483922    0.398855 
3.487927    0.399391 
3.491931    0.399926 
3.495936    0.400460 
3.499940    0.400994 
3.503945    0.401528 
3.507949    0.402061 
3.511954    0.402593 
3.515958    0.403125 
3.519963    0.403657 
3.523967    0.404187 
3.527972    0.404718 
3.531976    0.405248 
3.535981    0.405777 
3.539985    0.406306 
3.543990    0.406835 
3.547994    0.407363 
3.551999    0.407890 
3.556003    0.408417 
3.560008    0.408944 
3.564012    0.409470 
3.568017    0.409995 
3.572021    0.410520 
3.576026    0.411044 
3.580030    0.411568 
3.584035    0.412092 
3.588039    0.412615 
3.592044    0.413137 
3.596048    0.413659 
3.600053    0.414180 
3.604057    0.414701 
3.608062    0.415221 
3.612066    0.415741 
3.616071    0.416261 
3.620075    0.416779 
3.624080    0.417298 
3.628084    0.417815 
3.632089    0.418333 
3.636093    0.418849 
3.640098    0.419366 
3.644102    0.419881 
3.648107    0.420397 
3.652111    0.420911 
3.656116    0.421425 
3.660120    0.421939 
3.664125    0.422452 
3.668129    0.422965 
3.672134    0.423477 
3.676138    0.423989 
3.680143    0.424500 
3.684147    0.425010 
3.688152    0.425520 
3.692156    0.426030 
3.696161    0.426539 
3.700165    0.427047 
3.704170    0.427555 
3.708174    0.428063 
3.712179    0.428570 
3.716183    0.429076 
3.720188    0.429582 
3.724192    0.430087 
3.728197    0.430592 
3.732202    0.431096 
3.736206    0.431600 
3.740211    0.432103 
3.744215    0.432606 
3.748220    0.433108 
3.752224    0.433610 
3.756229    0.434111 
3.760233    0.434612 
3.764238    0.435112 
3.768242    0.435611 
3.772247    0.436110 
3.776251    0.436609 
3.780256    0.437107 
3.784260    0.437604 
3.788265    0.438101 
3.792269    0.438598 
3.796274    0.439094 
3.800278    0.439589 
3.804283    0.440084 
3.808287    0.440578 
3.812292    0.441072 
3.816296    0.441565 
3.820301    0.442058 
3.824305    0.442550 
3.828310    0.443042 
3.832314    0.443533 
3.836319    0.444023 
3.840323    0.444513 
3.844328    0.445003 
3.848332    0.445492 
3.852337    0.445980 
3.856341    0.446468 
3.860346    0.446956 
3.864350    0.447443 
3.868355    0.447929 
3.872359    0.448415 
3.876364    0.448900 
3.880368    0.449385 
3.884373    0.449869 
3.888377    0.450353 
3.892382    0.450836 
3.896386    0.451318 
3.900391    0.451800 
3.904395    0.452282 
3.908400    0.452763 
3.912404    0.453243 
3.916409    0.453723 
3.920413    0.454203 
3.924418    0.454682 
3.928422    0.455160 
3.932427    0.455638 
3.936431    0.456115 
3.940436    0.456592 
3.944440    0.457068 
3.948445    0.457543 
3.952449    0.458019 
3.956454    0.458493 
3.960458    0.458967 
3.964463    0.459441 
3.968467    0.459914 
3.972472    0.460386 
3.976477    0.460858 
3.980481    0.461329 
3.984486    0.461800 
3.988490    0.462270 
3.992495    0.462740 
3.996499    0.463209 
4.000504    0.463678 
4.004508    0.464146 
4.008513    0.464614 
4.012517    0.465081 
4.016522    0.465547 
4.020526    0.466013 
4.024531    0.466479 
4.028535    0.466944 
4.032540    0.467408 
4.036544    0.467872 
4.040549    0.468335 
4.044553    0.468798 
4.048558    0.469260 
4.052562    0.469722 
4.056567    0.470183 
4.060571    0.470643 
4.064576    0.471103 
4.068580    0.471563 
4.072585    0.472022 
4.076589    0.472480 
4.080594    0.472938 
4.084598    0.473395 
4.088603    0.473852 
4.092607    0.474309 
4.096612    0.474764 
4.100616    0.475219 
4.104621    0.475674 
4.108625    0.476128 
4.112630    0.476582 
4.116634    0.477035 
4.120639    0.477487 
4.124643    0.477939 
4.128648    0.478391 
4.132652    0.478842 
4.136657    0.479292 
4.140661    0.479742 
4.144666    0.480191 
4.148670    0.480640 
4.152675    0.481088 
4.156679    0.481535 
4.160684    0.481983 
4.164688    0.482429 
4.168693    0.482875 
4.172697    0.483321 
4.176702    0.483766 
4.180706    0.484210 
4.184711    0.484654 
4.188715    0.485097 
4.192720    0.485540 
4.196724    0.485982 
4.200729    0.486424 
4.204733    0.486865 
4.208738    0.487306 
4.212742    0.487746 
4.216747    0.488185 
4.220751    0.488624 
4.224756    0.489063 
4.228761    0.489501 
4.232765    0.489938 
4.236770    0.490375 
4.240774    0.490811 
4.244779    0.491247 
4.248783    0.491682 
4.252788    0.492117 
4.256792    0.492551 
4.260797    0.492985 
4.264801    0.493418 
4.268806    0.493850 
4.272810    0.494282 
4.276815    0.494714 
4.280819    0.495144 
4.284824    0.495575 
4.288828    0.496005 
4.292833    0.496434 
4.296837    0.496863 
4.300842    0.497291 
4.304846    0.497719 
4.308851    0.498146 
4.312855    0.498572 
4.316860    0.498999 
4.320864    0.499424 
4.324869    0.499849 
4.328873    0.500274 
4.332878    0.500697 
4.336882    0.501121 
4.340887    0.501544 
4.344891    0.501966 
4.348896    0.502388 
4.352900    0.502809 
4.356905    0.503230 
4.360909    0.503650 
4.364914    0.504070 
4.368918    0.504610 
4.372923    0.505718 
4.376927    0.507500 
4.380932    0.509806 
4.384936    0.512453 
4.388941    0.515274 
4.392945    0.518132 
4.396950    0.520934 
4.400954    0.523619 
4.404959    0.526155 
4.408963    0.528529 
4.412968    0.530739 
4.416972    0.532791 
4.420977    0.534694 
4.424981    0.536461 
4.428986    0.538102 
4.432990    0.539630 
4.436995    0.541056 
4.440999    0.542389 
4.445004    0.543638 
4.449008    0.544812 
4.453013    0.545918 
4.457017    0.546963 
4.461022    0.547952 
4.465026    0.548890 
4.469031    0.549782 
4.473036    0.550633 
4.477040    0.551444 
4.481045    0.552221 
4.485049    0.552965 
4.489054    0.553680 
4.493058    0.554367 
4.497063    0.555029 
4.501067    0.555668 
4.505072    0.556285 
4.509076    0.556881 
4.513081    0.557459 
4.517085    0.558020 
4.521090    0.558564 
4.525094    0.559093 
4.529099    0.559608 
4.533103    0.560110 
4.537108    0.560599 
4.541112    0.561076 
4.545117    0.561541 
4.549121    0.561997 
4.553126    0.562442 
4.557130    0.562878 
4.561135    0.563305 
4.565139    0.563724 
4.569144    0.564135 
4.573148    0.564538 
4.577153    0.564934 
4.581157    0.565323 
4.585162    0.565706 
4.589166    0.566082 
4.593171    0.566452 
4.597175    0.566817 
4.601180    0.567176 
4.605184    0.567530 
4.609189    0.567880 
4.613193    0.568224 
4.617198    0.568564 
4.621202    0.568899 
4.625207    0.569230 
4.629211    0.569557 
4.633216    0.569881 
4.637220    0.570200 
4.641225    0.570516 
4.645229    0.570828 
4.649234    0.571137 
4.653238    0.571443 
4.657243    0.571746 
4.661247    0.572045 
4.665252    0.572342 
4.669256    0.572636 
4.673261    0.572927 
4.677265    0.573216 
4.681270    0.573502 
4.685274    0.573785 
4.689279    0.574066 
4.693283    0.574345 
4.697288    0.574622 
4.701292    0.574896 
4.705297    0.575168 
4.709301    0.575438 
4.713306    0.575707 
4.717310    0.575973 
4.721315    0.576237 
4.725320    0.576499 
4.729324    0.576760 
4.733329    0.577019 
4.737333    0.577276 
4.741338    0.577531 
4.745342    0.577785 
4.749347    0.578038 
4.753351    0.578288 
4.757356    0.578537 
4.761360    0.578785 
4.765365    0.579032 
4.769369    0.579276 
4.773374    0.579520 
4.777378    0.579762 
4.781383    0.580003 
4.785387    0.580243 
4.789392    0.580481 
4.793396    0.580718 
4.797401    0.580954 
4.801405    0.581189 
4.805410    0.581422 
4.809414    0.581655 
4.813419    0.581886 
4.817423    0.582116 
4.821428    0.582346 
4.825432    0.582574 
4.829437    0.582801 
4.833441    0.583027 
4.837446    0.583252 
4.841450    0.583476 
4.845455    0.583699 
4.849459    0.583922 
4.853464    0.584143 
4.857468    0.584364 
4.861473    0.584583 
4.865477    0.584802 
4.869482    0.585020 
4.873486    0.585237 
4.877491    0.585453 
4.881495    0.585668 
4.885500    0.585883 
4.889504    0.586097 
4.893509    0.586310 
4.897513    0.586522 
4.901518    0.586734 
4.905522    0.586945 
4.909527    0.587155 
4.913531    0.587364 
4.917536    0.587573 
4.921540    0.587781 
4.925545    0.587988 
4.929549    0.588194 
4.933554    0.588400 
4.937558    0.588606 
4.941563    0.588810 
4.945567    0.589014 
4.949572    0.589218 
4.953576    0.589420 
4.957581    0.589623 
4.961585    0.589824 
4.965590    0.590025 
4.969595    0.590225 
4.973599    0.590425 
4.977604    0.590624 
4.981608    0.590823 
4.985613    0.591021 
4.989617    0.591219 
4.993622    0.591416 
4.997626    0.591612 
5.001631    0.591808 
5.005635    0.592003 
5.009640    0.592198 
5.013644    0.592393 
5.017649    0.592586 
5.021653    0.592780 
5.025658    0.592973 
5.029662    0.593165 
5.033667    0.593357 
5.037671    0.593548 
5.041676    0.593739 
5.045680    0.593929 
5.049685    0.594119 
5.053689    0.594309 
5.057694    0.594498 
5.061698    0.594687 
5.065703    0.594875 
5.069707    0.595062 
5.073712    0.595250 
5.077716    0.595437 
5.081721    0.595623 
5.085725    0.595809 
5.089730    0.595995 
5.093734    0.596180 
5.097739    0.596365 
5.101743    0.596549 
5.105748    0.596733 
5.109752    0.596916 
5.113757    0.597099 
5.117761    0.597282 
5.121766    0.597465 
5.125770    0.597647 
5.129775    0.597828 
5.133779    0.598009 
5.137784    0.598190 
5.141788    0.598371 
5.145793    0.598551 
5.149797    0.598730 
5.153802    0.598910 
5.157806    0.599089 
5.161811    0.599267 
5.165815    0.599446 
5.169820    0.599624 
5.173824    0.599801 
5.177829    0.599978 
5.181833    0.600155 
5.185838    0.600332 
5.189842    0.600508 
5.193847    0.600684 
5.197851    0.600859 
5.201856    0.601035 
5.205860    0.601210 
5.209865    0.601384 
5.213869    0.601558 
5.217874    0.601732 
5.221879    0.601906 
5.225883    0.602079 
5.229888    0.602252 
5.233892    0.602425 
5.237897    0.602597 
5.241901    0.602769 
5.245906    0.602941 
5.249910    0.603112 
5.253915    0.603283 
5.257919    0.603454 
5.261924    0.603625 
5.265928    0.603795 
5.269933    0.603965 
5.273937    0.604135 
5.277942    0.604304 
5.281946    0.604473 
5.285951    0.604642 
5.289955    0.604810 
5.293960    0.604979 
5.297964    0.605147 
5.301969    0.605314 
5.305973    0.605482 
5.309978    0.605649 
5.313982    0.605816 
5.317987    0.605982 
5.321991    0.606148 
5.325996    0.606314 
5.330000    0.606480 
5.334005    0.606646 
5.338009    0.606811 
5.342014    0.606976 
5.346018    0.607141 
5.350023    0.607305 
5.354027    0.607469 
5.358032    0.607633 
5.362036    0.607797 
5.366041    0.607960 
5.370045    0.608124 
5.374050    0.608286 
5.378054    0.608449 
5.382059    0.608612 
5.386063    0.608774 
5.390068    0.608936 
5.394072    0.609097 
5.398077    0.609259 
5.402081    0.609420 
5.406086    0.609581 
5.410090    0.609742 
5.414095    0.609902 
5.418099    0.610063 
5.422104    0.610223 
5.426108    0.610382 
5.430113    0.610542 
5.434117    0.610701 
5.438122    0.610860 
5.442126    0.611019 
5.446131    0.611178 
5.450135    0.611336 
5.454140    0.611494 
5.458144    0.611652 
5.462149    0.611810 
5.466154    0.611968 
5.470158    0.612125 
5.474163    0.612282 
5.478167    0.612439 
5.482172    0.612596 
5.486176    0.612752 
5.490181    0.612908 
5.494185    0.613064 
5.498190    0.613220 
5.502194    0.613375 
5.506199    0.613531 
5.510203    0.613686 
5.514208    0.613841 
5.518212    0.613996 
5.522217    0.614150 
5.526221    0.614304 
5.530226    0.614458 
5.534230    0.614612 
5.538235    0.614766 
5.542239    0.614919 
5.546244    0.615073 
5.550248    0.615226 
5.554253    0.615379 
5.558257    0.615531 
5.562262    0.615684 
5.566266    0.615836 
5.570271    0.615988 
5.574275    0.616140 
5.578280    0.616292 
5.582284    0.616443 
5.586289    0.616594 
5.590293    0.616746 
5.594298    0.616896 
5.598302    0.617047 
5.602307    0.617198 
5.606311    0.617348 
5.610316    0.617498 
5.614320    0.617648 
5.618325    0.617798 
5.622329    0.617947 
5.626334    0.618097 
5.630338    0.618246 
5.634343    0.618395 
5.638347    0.618544 
5.642352    0.618692 
5.646356    0.618841 
5.650361    0.618989 
5.654365    0.619137 
5.658370    0.619285 
5.662374    0.619433 
5.666379    0.619580 
5.670383    0.619727 
5.674388    0.619875 
5.678392    0.620022 
5.682397    0.620168 
5.686401    0.620315 
5.690406    0.620462 
5.694410    0.620608 
5.698415    0.620754 
5.702419    0.620900 
5.706424    0.621046 
5.710428    0.621191 
5.714433    0.621337 
5.718438    0.621482 
5.722442    0.621627 
5.726447    0.621772 
5.730451    0.621916 
5.734456    0.622061 
5.738460    0.622205 
5.742465    0.622350 
5.746469    0.622494 
5.750474    0.622637 
5.754478    0.622781 
5.758483    0.622925 
5.762487    0.623068 
5.766492    0.623211 
5.770496    0.623354 
5.774501    0.623497 
5.778505    0.623640 
5.782510    0.623782 
5.786514    0.623925 
5.790519    0.624067 
5.794523    0.624209 
5.798528    0.624351 
5.802532    0.624493 
5.806537    0.624634 
5.810541    0.624775 
5.814546    0.624917 
5.818550    0.625058 
5.822555    0.625199 
5.826559    0.625339 
5.830564    0.625480 
5.834568    0.625621 
5.838573    0.625761 
5.842577    0.625901 
5.846582    0.626041 
5.850586    0.626181 
5.854591    0.626320 
5.858595    0.626460 
5.862600    0.626599 
5.866604    0.626738 
5.870609    0.626877 
5.874613    0.627016 
5.878618    0.627155 
5.882622    0.627294 
5.886627    0.627432 
5.890631    0.627570 
5.894636    0.627709 
5.898640    0.627847 
5.902645    0.627984 
5.906649    0.628122 
5.910654    0.628260 
5.914658    0.628397 
5.918663    0.628534 
5.922667    0.628671 
5.926672    0.628808 
5.930676    0.628945 
5.934681    0.629082 
5.938685    0.629218 
5.942690    0.629354 
5.946694    0.629491 
5.950699    0.629627 
5.954703    0.629763 
5.958708    0.629898 
5.962713    0.630034 
5.966717    0.630170 
5.970722    0.630305 
5.974726    0.630440 
5.978731    0.630575 
5.982735    0.630710 
5.986740    0.630845 
5.990744    0.630979 
5.994749    0.631114 
5.998753    0.631248 
6.002758    0.631382 
6.006762    0.631517 
6.010767    0.631650 
6.014771    0.631784 
6.018776    0.631918 
6.022780    0.632051 
6.026785    0.632185 
6.030789    0.632318 
6.034794    0.632451 
6.038798    0.632584 
6.042803    0.632717 
6.046807    0.632850 
6.050812    0.632982 
6.054816    0.633115 
6.058821    0.633247 
6.062825    0.633379 
6.066830    0.633511 
6.070834    0.633643 
6.074839    0.633775 
6.078843    0.633906 
6.082848    0.634038 
6.086852    0.634169 
6.090857    0.634300 
6.094861    0.634431 
6.098866    0.634562 
6.102870    0.634693 
6.106875    0.634824 
6.110879    0.634954 
6.114884    0.635085 
6.118888    0.635215 
6.122893    0.635345 
6.126897    0.635475 
6.130902    0.635605 
6.134906    0.635735 
6.138911    0.635864 
6.142915    0.635994 
6.146920    0.636123 
6.150924    0.636252 
6.154929    0.636382 
6.158933    0.636510 
6.162938    0.636639 
6.166942    0.636768 
6.170947    0.636897 
6.174951    0.637025 
6.178956    0.637154 
6.182960    0.637282 
6.186965    0.637410 
6.190969    0.637538 
6.194974    0.637666 
6.198978    0.637793 
6.202983    0.637921 
6.206987    0.638048 
6.210992    0.638176 
6.214997    0.638303 
6.219001    0.638430 
6.223006    0.638557 
6.227010    0.638684 
6.231015    0.638811 
6.235019    0.638937 
6.239024    0.639064 
6.243028    0.639190 
6.247033    0.639316 
6.251037    0.639443 
6.255042    0.639569 
6.259046    0.639694 
6.263051    0.639820 
6.267055    0.639946 
6.271060    0.640071 
6.275064    0.640197 
6.279069    0.640322 
6.283073    0.640447 
6.287078    0.640572 
6.291082    0.640697 
6.295087    0.640822 
6.299091    0.640947 
6.303096    0.641071 
6.307100    0.641196 
6.311105    0.641320 
6.315109    0.641444 
6.319114    0.641568 
6.323118    0.641692 
6.327123    0.641816 
6.331127    0.641940 
6.335132    0.642063 
6.339136    0.642187 
6.343141    0.642310 
6.347145    0.642434 
6.351150    0.642557 
6.355154    0.642680 
6.359159    0.642803 
6.363163    0.642926 
6.367168    0.643048 
6.371172    0.643171 
6.375177    0.643293 
6.379181    0.643416 
6.383186    0.643538 
6.387190    0.643660 
6.391195    0.643782 
6.395199    0.643904 
6.399204    0.644026 
6.403208    0.644148 
6.407213    0.644269 
6.411217    0.644391 
6.415222    0.644512 
6.419226    0.644633 
6.423231    0.644754 
6.427235    0.644875 
6.431240    0.644996 
6.435244    0.645117 
6.439249    0.645238 
6.443253    0.645358 
6.447258    0.645479 
6.451262    0.645599 
6.455267    0.645719 
6.459272    0.645839 
6.463276    0.645959 
6.467281    0.646079 
6.471285    0.646199 
6.475290    0.646319 
6.479294    0.646439 
6.483299    0.646558 
6.487303    0.646677 
6.491308    0.646797 
6.495312    0.646916 
6.499317    0.647035 
6.503321    0.647154 
6.507326    0.647273 
6.511330    0.647391 
6.515335    0.647510 
6.519339    0.647628 
6.523344    0.647747 
6.527348    0.647865 
6.531353    0.647983 
6.535357    0.648101 
6.539362    0.648219 
6.543366    0.648337 
6.547371    0.648455 
6.551375    0.648573 
6.555380    0.648690 
6.559384    0.648808 
6.563389    0.648925 
6.567393    0.649042 
6.571398    0.649160 
6.575402    0.649277 
6.579407    0.649394 
6.583411    0.649510 
6.587416    0.649627 
6.591420    0.649744 
6.595425    0.649860 
6.599429    0.649977 
6.603434    0.650093 
6.607438    0.650209 
6.611443    0.650325 
6.615447    0.650441 
6.619452    0.650557 
6.623456    0.650673 
6.627461    0.650789 
6.631465    0.650904 
6.635470    0.651020 
6.639474    0.651135 
6.643479    0.651251 
6.647483    0.651366 
6.651488    0.651481 
6.655492    0.651596 
6.659497    0.651711 
6.663501    0.651826 
6.667506    0.651940 
6.671510    0.652055 
6.675515    0.652170 
6.679519    0.652284 
6.683524    0.652398 
6.687528    0.652512 
6.691533    0.652627 
6.695537    0.652741 
6.699542    0.652854 
6.703546    0.652968 
6.707551    0.653082 
6.711556    0.653196 
6.715560    0.653309 
6.719565    0.653423 
6.723569    0.653536 
6.727574    0.653649 
6.731578    0.653762 
6.735583    0.653875 
6.739587    0.653988 
6.743592    0.654101 
6.747596    0.654214 
6.751601    0.654326 
6.755605    0.654439 
6.759610    0.654551 
6.763614    0.654664 
6.767619    0.654776 
6.771623    0.654888 
6.775628    0.655000 
6.779632    0.655112 
6.783637    0.655224 
6.787641    0.655336 
6.791646    0.655448 
6.795650    0.655559 
6.799655    0.655671 
6.803659    0.655782 
6.807664    0.655894 
6.811668    0.656005 
6.815673    0.656116 
6.819677    0.656227 
6.823682    0.656338 
6.827686    0.656449 
6.831691    0.656560 
6.835695    0.656670 
6.839700    0.656781 
6.843704    0.656891 
6.847709    0.657002 
6.851713    0.657112 
6.855718    0.657222 
6.859722    0.657332 
6.863727    0.657442 
6.867731    0.657552 
6.871736    0.657662 
6.875740    0.657772 
6.879745    0.657881 
6.883749    0.657991 
6.887754    0.658100 
6.891758    0.658210 
6.895763    0.658319 
6.899767    0.658428 
6.903772    0.658537 
6.907776    0.658646 
6.911781    0.658755 
6.915785    0.658864 
6.919790    0.658973 
6.923794    0.659082 
6.927799    0.659190 
6.931803    0.659299 
6.935808    0.659407 
6.939812    0.659515 
6.943817    0.659624 
6.947821    0.659732 
6.951826    0.659840 
6.955831    0.659948 
6.959835    0.660055 
6.963840    0.660163 
6.967844    0.660271 
6.971849    0.660378 
6.975853    0.660486 
6.979858    0.660593 
6.983862    0.660701 
6.987867    0.660808 
6.991871    0.660915 
6.995876    0.661022 
6.999880    0.661129 
7.003885    0.661236 
7.007889    0.661343 
7.011894    0.661450 
7.015898    0.661556 
7.019903    0.661663 
7.023907    0.661769 
7.027912    0.661876 
7.031916    0.661982 
7.035921    0.662088 
7.039925    0.662194 
7.043930    0.662300 
7.047934    0.662406 
7.051939    0.662512 
7.055943    0.662618 
7.059948    0.662723 
7.063952    0.662829 
7.067957    0.662934 
7.071961    0.663040 
7.075966    0.663145 
7.079970    0.663250 
7.083975    0.663356 
7.087979    0.663461 
7.091984    0.663566 
7.095988    0.663671 
7.099993    0.663775 
7.103997    0.663880 
7.108002    0.663985 
7.112006    0.664089 
7.116011    0.664194 
7.120015    0.664298 
7.124020    0.664403 
7.128024    0.664507 
7.132029    0.664611 
7.136033    0.664715 
7.140038    0.664819 
7.144042    0.664923 
7.148047    0.665027 
7.152051    0.665131 
7.156056    0.665234 
7.160060    0.665338 
7.164065    0.665441 
7.168069    0.665545 
7.172074    0.665648 
7.176078    0.665751 
7.180083    0.665855 
7.184087    0.665958 
7.188092    0.666061 
7.192096    0.666164 
7.196101    0.666267 
7.200105    0.666369 
7.204110    0.666472 
7.208115    0.666575 
7.212119    0.666677 
7.216124    0.666780 
7.220128    0.666882 
7.224133    0.666984 
7.228137    0.667086 
7.232142    0.667189 
7.236146    0.667291 
7.240151    0.667393 
7.244155    0.667494 
7.248160    0.667596 
7.252164    0.667698 
7.256169    0.667800 
7.260173    0.667901 
7.264178    0.668003 
7.268182    0.668104 
7.272187    0.668205 
7.276191    0.668307 
7.280196    0.668408 
7.284200    0.668509 
7.288205    0.668610 
7.292209    0.668711 
7.296214    0.668812 
7.300218    0.668913 
7.304223    0.669013 
7.308227    0.669114 
7.312232    0.669214 
7.316236    0.669315 
7.320241    0.669415 
7.324245    0.669516 
7.328250    0.669616 
7.332254    0.669716 
7.336259    0.669816 
7.340263    0.669916 
7.344268    0.670016 
7.348272    0.670116 
7.352277    0.670216 
7.356281    0.670315 
7.360286    0.670415 
7.364290    0.670514 
7.368295    0.670614 
7.372299    0.670713 
7.376304    0.670813 
7.380308    0.670912 
7.384313    0.671011 
7.388317    0.671110 
7.392322    0.671209 
7.396326    0.671308 
7.400331    0.671407 
7.404335    0.671506 
7.408340    0.671604 
7.412344    0.671703 
7.416349    0.671801 
7.420353    0.671900 
7.424358    0.671998 
7.428362    0.672097 
7.432367    0.672195 
7.436371    0.672293 
7.440376    0.672391 
7.444380    0.672489 
7.448385    0.672587 
7.452390    0.672685 
7.456394    0.672783 
7.460399    0.672881 
7.464403    0.672978 
7.468408    0.673076 
7.472412    0.673173 
7.476417    0.673271 
7.480421    0.673368 
7.484426    0.673465 
7.488430    0.673563 
7.492435    0.673660 
7.496439    0.673757 
7.500444    0.673854 
7.504448    0.673951 
7.508453    0.674047 
7.512457    0.674144 
7.516462    0.674241 
7.520466    0.674338 
7.524471    0.674434 
7.528475    0.674531 
7.532480    0.674627 
7.536484    0.674723 
7.540489    0.674820 
7.544493    0.674916 
7.548498    0.675012 
7.552502    0.675108 
7.556507    0.675204 
7.560511    0.675300 
7.564516    0.675396 
7.568520    0.675491 
7.572525    0.675587 
7.576529    0.675683 
7.580534    0.675778 
7.584538    0.675874 
7.588543    0.675969 
7.592547    0.676064 
7.596552    0.676160 
7.600556    0.676255 
7.604561    0.676350 
7.608565    0.676445 
7.612570    0.676540 
7.616574    0.676635 
7.620579    0.676730 
7.624583    0.676825 
7.628588    0.676919 
7.632592    0.677014 
7.636597    0.677108 
7.640601    0.677203 
7.644606    0.677297 
7.648610    0.677392 
7.652615    0.677486 
7.656619    0.677580 
7.660624    0.677674 
7.664628    0.677768 
7.668633    0.677862 
7.672637    0.677956 
7.676642    0.678050 
7.680646    0.678144 
7.684651    0.678238 
7.688655    0.678331 
7.692660    0.678425 
7.696664    0.678518 
7.700669    0.678612 
7.704674    0.678705 
7.708678    0.678798 
7.712683    0.678892 
7.716687    0.678985 
7.720692    0.679078 
7.724696    0.679171 
7.728701    0.679264 
7.732705    0.679357 
7.736710    0.679450 
7.740714    0.679542 
7.744719    0.679635 
7.748723    0.679728 
7.752728    0.679820 
7.756732    0.679913 
7.760737    0.680005 
7.764741    0.680098 
7.768746    0.680190 
7.772750    0.680282 
7.776755    0.680374 
7.780759    0.680466 
7.784764    0.680558 
7.788768    0.680650 
7.792773    0.680742 
7.796777    0.680834 
7.800782    0.680926 
7.804786    0.681017 
7.808791    0.681109 
7.812795    0.681201 
7.816800    0.681292 
7.820804    0.681383 
7.824809    0.681475 
7.828813    0.681566 
7.832818    0.681657 
7.836822    0.681748 
7.840827    0.681840 
7.844831    0.681931 
7.848836    0.682022 
7.852840    0.682112 
7.856845    0.682203 
7.860849    0.682294 
7.864854    0.682385 
7.868858    0.682475 
7.872863    0.682566 
7.876867    0.682656 
7.880872    0.682747 
7.884876    0.682837 
7.888881    0.682927 
7.892885    0.683018 
7.896890    0.683108 
7.900894    0.683198 
7.904899    0.683288 
7.908903    0.683378 
7.912908    0.683468 
7.916912    0.683558 
7.920917    0.683648 
7.924921    0.683737 
7.928926    0.683827 
7.932930    0.683917 
7.936935    0.684006 
7.940939    0.684096 
7.944944    0.684185 
7.948949    0.684274 
7.952953    0.684364 
7.956958    0.684453 
7.960962    0.684542 
7.964967    0.684631 
7.968971    0.684720 
7.972976    0.684809 
7.976980    0.684898 
7.980985    0.684987 
7.984989    0.685075 
7.988994    0.685164 
7.992998    0.685253 
7.997003    0.685341 
8.001007    0.685430 
8.005012    0.685518 
