0.200125  0.993348   0.006652   
0.219638  0.992432   0.007568   
0.239150  0.991483   0.008517   
0.258662  0.990508   0.009492   
0.278174  0.989510   0.010490   
0.297686  0.988492   0.011508   
0.317199  0.987455   0.012545   
0.336711  0.986404   0.013596   
0.356223  0.985338   0.014662   
0.375735  0.984262   0.015738   
0.395247  0.983177   0.016823   
0.414760  0.982085   0.017915   
0.434272  0.980987   0.019013   
0.453784  0.979881   0.020119   
0.473296  0.978776   0.021224   
0.492809  0.977671   0.022329   
0.512321  0.976566   0.023434   
0.531833  0.975462   0.024538   
0.551345  0.974361   0.025639   
0.570857  0.973263   0.026737   
0.590370  0.972170   0.027830   
0.609882  0.971083   0.028917   
0.629394  0.970001   0.029999   
0.648906  0.968927   0.031073   
0.668418  0.967860   0.032140   
0.687931  0.966802   0.033198   
0.707443  0.965752   0.034248   
0.726955  0.964711   0.035289   
0.746467  0.963680   0.036320   
0.765980  0.962659   0.037341   
0.785492  0.961648   0.038352   
0.805004  0.960648   0.039352   
0.824516  0.959510   0.040490   
0.844028  0.958252   0.041748   
0.863541  0.956941   0.043059   
0.883053  0.955600   0.044400   
0.902565  0.954242   0.045758   
0.922077  0.952875   0.047125   
0.941589  0.951506   0.048494   
0.961102  0.950140   0.049860   
0.980614  0.948779   0.051221   
1.000126  0.947427   0.052573   
1.019638  0.946086   0.053914   
1.039151  0.944757   0.055243   
1.058663  0.943442   0.056558   
1.078175  0.942143   0.057857   
1.097687  0.940859   0.059141   
1.117199  0.939591   0.060409   
1.136712  0.938340   0.061660   
1.156224  0.937107   0.062893   
1.175736  0.935891   0.064109   
1.195248  0.934693   0.065307   
1.214761  0.933513   0.066487   
1.234273  0.932350   0.067650   
1.253785  0.931206   0.068794   
1.273297  0.930079   0.069921   
1.292809  0.928970   0.071030   
1.312322  0.927879   0.072121   
1.331834  0.926805   0.073195   
1.351346  0.925749   0.074251   
1.370858  0.924709   0.075291   
1.390370  0.923686   0.076314   
1.409883  0.922680   0.077320   
1.429395  0.921690   0.078310   
1.448907  0.920716   0.079284   
1.468419  0.919758   0.080242   
1.487932  0.918816   0.081184   
1.507444  0.917889   0.082111   
1.526956  0.916977   0.083023   
1.546468  0.916080   0.083920   
1.565980  0.915197   0.084803   
1.585493  0.914329   0.085671   
1.605005  0.913474   0.086526   
1.624517  0.912633   0.087367   
1.644029  0.911805   0.088195   
1.663541  0.910991   0.089009   
1.683054  0.910189   0.089811   
1.702566  0.909400   0.090600   
1.722078  0.908624   0.091376   
1.741590  0.907859   0.092141   
1.761103  0.907107   0.092893   
1.780615  0.906366   0.093634   
1.800127  0.905636   0.094364   
1.819639  0.904917   0.095083   
1.839151  0.904209   0.095791   
1.858664  0.903512   0.096488   
1.878176  0.902826   0.097174   
1.897688  0.902149   0.097851   
1.917200  0.901482   0.098518   
1.936712  0.900826   0.099174   
1.956225  0.900178   0.099822   
1.975737  0.899540   0.100460   
1.995249  0.898912   0.101088   
2.014761  0.898292   0.101708   
2.034274  0.897681   0.102319   
2.053786  0.897078   0.102922   
2.073298  0.896484   0.103516   
2.092810  0.895898   0.104102   
2.112322  0.895320   0.104680   
2.131835  0.894750   0.105250   
2.151347  0.894187   0.105813   
2.170859  0.893632   0.106368   
2.190371  0.893085   0.106915   
2.209884  0.892544   0.107456   
2.229396  0.892011   0.107989   
2.248908  0.891484   0.108516   
2.268420  0.890965   0.109035   
2.287932  0.890452   0.109548   
2.307445  0.889945   0.110055   
2.326957  0.889444   0.110556   
2.346469  0.888950   0.111050   
2.365981  0.888462   0.111538   
2.385493  0.887980   0.112020   
2.405006  0.887504   0.112496   
2.424518  0.887033   0.112967   
2.444030  0.886568   0.113432   
2.463542  0.886108   0.113892   
2.483055  0.885654   0.114346   
2.502567  0.885204   0.114796   
2.522079  0.884760   0.115240   
2.541591  0.884321   0.115679   
2.561103  0.883887   0.116113   
2.580616  0.883458   0.116542   
2.600128  0.883034   0.116966   
2.619640  0.882614   0.117386   
2.639152  0.882198   0.117802   
2.658664  0.881787   0.118213   
2.678177  0.881381   0.118619   
2.697689  0.880978   0.119022   
2.717201  0.880580   0.119420   
2.736713  0.880186   0.119814   
2.756226  0.879796   0.120204   
2.775738  0.879410   0.120590   
2.795250  0.879027   0.120973   
2.814762  0.878647   0.121353   
2.834274  0.878204   0.121796   
2.853787  0.877695   0.122305   
2.873299  0.877161   0.122839   
2.892811  0.876615   0.123385   
2.912323  0.876064   0.123936   
2.931836  0.875510   0.124490   
2.951348  0.874955   0.125045   
2.970860  0.874400   0.125600   
2.990372  0.873846   0.126154   
3.009884  0.873292   0.126708   
3.029397  0.872740   0.127260   
3.048909  0.872189   0.127811   
3.068421  0.871641   0.128359   
3.087933  0.871094   0.128906   
3.107445  0.870549   0.129451   
3.126958  0.870007   0.129993   
3.146470  0.869467   0.130533   
3.165982  0.868929   0.131071   
3.185494  0.868393   0.131607   
3.205007  0.867859   0.132141   
3.224519  0.867328   0.132672   
3.244031  0.866800   0.133200   
3.263543  0.866273   0.133727   
3.283055  0.865750   0.134250   
3.302568  0.865228   0.134772   
3.322080  0.864709   0.135291   
3.341592  0.864192   0.135808   
3.361104  0.863678   0.136322   
3.380616  0.863166   0.136834   
3.400129  0.862656   0.137344   
3.419641  0.862149   0.137851   
3.439153  0.861644   0.138356   
3.458665  0.861142   0.138858   
3.478178  0.860642   0.139358   
3.497690  0.860144   0.139856   
3.517202  0.859648   0.140352   
3.536714  0.859155   0.140845   
3.556226  0.858664   0.141336   
3.575739  0.858176   0.141824   
3.595251  0.857689   0.142311   
3.614763  0.857205   0.142795   
3.634275  0.856723   0.143277   
3.653787  0.856243   0.143757   
3.673300  0.855766   0.144234   
3.692812  0.855290   0.144710   
3.712324  0.854817   0.145183   
3.731836  0.854346   0.145654   
3.751349  0.853877   0.146123   
3.770861  0.853410   0.146590   
3.790373  0.852945   0.147055   
3.809885  0.852483   0.147517   
3.829397  0.852022   0.147978   
3.848910  0.851564   0.148436   
3.868422  0.851107   0.148893   
3.887934  0.850653   0.149347   
3.907446  0.850200   0.149800   
3.926959  0.849750   0.150250   
3.946471  0.849301   0.150699   
3.965983  0.848855   0.151145   
3.985495  0.848410   0.151590   
4.005007  0.847968   0.152032   
4.024520  0.847527   0.152473   
4.044032  0.847088   0.152912   
4.063544  0.846651   0.153349   
4.083056  0.846216   0.153784   
4.102568  0.845783   0.154217   
4.122081  0.845352   0.154648   
4.141593  0.844922   0.155078   
4.161105  0.844495   0.155505   
4.180617  0.844069   0.155931   
4.200130  0.843645   0.156355   
4.219642  0.843223   0.156777   
4.239154  0.842802   0.157198   
4.258666  0.842383   0.157617   
4.278178  0.841966   0.158034   
4.297691  0.841551   0.158449   
4.317203  0.841138   0.158862   
4.336715  0.840726   0.159274   
4.356227  0.840316   0.159684   
4.375739  0.839907   0.160093   
4.395252  0.839501   0.160499   
4.414764  0.839095   0.160905   
4.434276  0.838692   0.161308   
4.453788  0.838290   0.161710   
4.473301  0.837890   0.162110   
4.492813  0.837491   0.162509   
4.512325  0.837094   0.162906   
4.531837  0.836699   0.163301   
4.551349  0.836305   0.163695   
4.570862  0.835913   0.164087   
4.590374  0.835522   0.164478   
4.609886  0.835133   0.164867   
4.629398  0.834745   0.165255   
4.648910  0.834359   0.165641   
4.668423  0.833974   0.166026   
4.687935  0.833591   0.166409   
4.707447  0.833210   0.166790   
4.726959  0.832830   0.167170   
4.746472  0.832451   0.167549   
4.765984  0.832074   0.167926   
4.785496  0.831698   0.168302   
4.805008  0.831323   0.168677   
4.824520  0.830951   0.169049   
4.844033  0.830579   0.169421   
4.863545  0.830209   0.169791   
4.883057  0.829840   0.170160   
4.902569  0.829473   0.170527   
4.922082  0.829107   0.170893   
4.941594  0.828742   0.171258   
4.961106  0.828379   0.171621   
4.980618  0.828017   0.171983   
5.000130  0.827657   0.172343   
5.019643  0.827298   0.172702   
5.039155  0.826940   0.173060   
5.058667  0.826583   0.173417   
5.078179  0.826228   0.173772   
5.097691  0.825874   0.174126   
5.117204  0.825521   0.174479   
5.136716  0.825170   0.174830   
5.156228  0.824820   0.175180   
5.175740  0.824471   0.175529   
5.195253  0.824124   0.175876   
5.214765  0.823777   0.176223   
5.234277  0.823432   0.176568   
5.253789  0.823088   0.176912   
5.273301  0.822746   0.177254   
5.292814  0.822404   0.177596   
5.312326  0.822064   0.177936   
5.331838  0.821725   0.178275   
5.351350  0.821387   0.178613   
5.370862  0.821051   0.178949   
5.390375  0.820715   0.179285   
5.409887  0.820381   0.179619   
5.429399  0.820048   0.179952   
5.448911  0.819716   0.180284   
5.468424  0.819385   0.180615   
5.487936  0.819055   0.180945   
5.507448  0.818727   0.181273   
5.526960  0.818399   0.181601   
5.546472  0.818073   0.181927   
5.565985  0.817748   0.182252   
5.585497  0.817424   0.182576   
5.605009  0.817101   0.182899   
5.624521  0.816779   0.183221   
5.644034  0.816458   0.183542   
5.663546  0.816138   0.183862   
5.683058  0.815819   0.184181   
5.702570  0.815502   0.184498   
5.722082  0.815185   0.184815   
5.741595  0.814870   0.185130   
5.761107  0.814555   0.185445   
5.780619  0.814242   0.185758   
5.800131  0.813930   0.186070   
5.819643  0.813618   0.186382   
5.839156  0.813308   0.186692   
5.858668  0.812999   0.187001   
5.878180  0.812690   0.187310   
5.897692  0.812383   0.187617   
5.917205  0.812077   0.187923   
5.936717  0.811771   0.188229   
5.956229  0.811467   0.188533   
5.975741  0.811164   0.188836   
5.995253  0.810861   0.189139   
6.014766  0.810560   0.189440   
6.034278  0.810259   0.189741   
6.053790  0.809960   0.190040   
6.073302  0.809661   0.190339   
6.092814  0.809364   0.190636   
6.112327  0.809067   0.190933   
6.131839  0.808771   0.191229   
6.151351  0.808477   0.191523   
6.170863  0.808183   0.191817   
6.190376  0.807890   0.192110   
6.209888  0.807598   0.192402   
6.229400  0.807307   0.192693   
6.248912  0.807016   0.192984   
6.268424  0.806727   0.193273   
6.287937  0.806439   0.193561   
6.307449  0.806151   0.193849   
6.326961  0.805864   0.194136   
6.346473  0.805579   0.194421   
6.365985  0.805294   0.194706   
6.385498  0.805010   0.194990   
6.405010  0.804726   0.195274   
6.424522  0.804444   0.195556   
6.444034  0.804163   0.195837   
6.463547  0.803882   0.196118   
6.483059  0.803602   0.196398   
6.502571  0.803323   0.196677   
6.522083  0.803045   0.196955   
6.541595  0.802768   0.197232   
6.561108  0.802491   0.197509   
6.580620  0.802216   0.197784   
6.600132  0.801941   0.198059   
6.619644  0.801667   0.198333   
6.639157  0.801394   0.198606   
6.658669  0.801121   0.198879   
6.678181  0.800850   0.199150   
6.697693  0.800579   0.199421   
6.717205  0.800309   0.199691   
6.736718  0.800040   0.199960   
6.756230  0.799771   0.200229   
6.775742  0.799504   0.200496   
6.795254  0.799237   0.200763   
6.814766  0.798971   0.201029   
6.834279  0.798706   0.201294   
6.853791  0.798441   0.201559   
6.873303  0.798177   0.201823   
6.892815  0.797914   0.202086   
6.912328  0.797652   0.202348   
6.931840  0.797390   0.202610   
6.951352  0.797129   0.202871   
6.970864  0.796869   0.203131   
6.990376  0.796610   0.203390   
7.009889  0.796351   0.203649   
7.029401  0.796094   0.203906   
7.048913  0.795836   0.204164   
7.068425  0.795580   0.204420   
7.087937  0.795324   0.204676   
7.107450  0.795069   0.204931   
7.126962  0.794815   0.205185   
7.146474  0.794561   0.205439   
7.165986  0.794308   0.205692   
7.185499  0.794056   0.205944   
7.205011  0.793805   0.206195   
7.224523  0.793554   0.206446   
7.244035  0.793304   0.206696   
7.263547  0.793054   0.206946   
7.283060  0.792806   0.207194   
7.302572  0.792558   0.207442   
7.322084  0.792310   0.207690   
7.341596  0.792064   0.207936   
7.361108  0.791817   0.208183   
7.380621  0.791572   0.208428   
7.400133  0.791327   0.208673   
7.419645  0.791083   0.208917   
7.439157  0.790840   0.209160   
7.458670  0.790597   0.209403   
7.478182  0.790355   0.209645   
7.497694  0.790114   0.209886   
7.517206  0.789873   0.210127   
7.536718  0.789633   0.210367   
7.556231  0.789393   0.210607   
7.575743  0.789154   0.210846   
7.595255  0.788916   0.211084   
7.614767  0.788678   0.211322   
7.634280  0.788441   0.211559   
7.653792  0.788205   0.211795   
7.673304  0.787969   0.212031   
7.692816  0.787734   0.212266   
7.712328  0.787499   0.212501   
7.731841  0.787265   0.212735   
7.751353  0.787032   0.212968   
7.770865  0.786799   0.213201   
7.790377  0.786567   0.213433   
7.809889  0.786335   0.213665   
7.829402  0.786104   0.213896   
7.848914  0.785874   0.214126   
7.868426  0.785644   0.214356   
7.887938  0.785415   0.214585   
7.907451  0.785187   0.214813   
7.926963  0.784959   0.215041   
7.946475  0.784731   0.215269   
7.965987  0.784504   0.215496   
7.985499  0.784278   0.215722   
