0.040025  0.999266   0.000734   
0.060038  0.998747   0.001253   
0.080050  0.998142   0.001858   
0.100063  0.997472   0.002528   
0.120075  0.996742   0.003258   
0.140088  0.995961   0.004039   
0.160100  0.995132   0.004868   
0.180113  0.994261   0.005739   
0.200125  0.993351   0.006649   
0.220138  0.992408   0.007592   
0.240150  0.991434   0.008566   
0.260163  0.990432   0.009568   
0.280175  0.989407   0.010593   
0.300188  0.988360   0.011640   
0.320200  0.987295   0.012705   
0.340213  0.986213   0.013787   
0.360226  0.985119   0.014881   
0.380238  0.984013   0.015987   
0.400251  0.982898   0.017102   
0.420263  0.981776   0.018224   
0.440276  0.980644   0.019356   
0.460288  0.979513   0.020487   
0.480301  0.978379   0.021621   
0.500313  0.977246   0.022754   
0.520326  0.976113   0.023887   
0.540338  0.974982   0.025018   
0.560351  0.973854   0.026146   
0.580363  0.972730   0.027270   
0.600376  0.971612   0.028388   
0.620388  0.970500   0.029500   
0.640401  0.969395   0.030605   
0.660413  0.968297   0.031703   
0.680426  0.967208   0.032792   
0.700439  0.966128   0.033872   
0.720451  0.965057   0.034943   
0.740464  0.963996   0.036004   
0.760476  0.962946   0.037054   
0.780489  0.961906   0.038094   
0.800501  0.960878   0.039122   
0.820514  0.959758   0.040242   
0.840526  0.958482   0.041518   
0.860539  0.957145   0.042855   
0.880551  0.955773   0.044227   
0.900564  0.954381   0.045619   
0.920576  0.952980   0.047020   
0.940589  0.951576   0.048424   
0.960601  0.950175   0.049825   
0.980614  0.948779   0.051221   
1.000626  0.947393   0.052607   
1.020639  0.946018   0.053982   
1.040652  0.944656   0.055344   
1.060664  0.943308   0.056692   
1.080677  0.941977   0.058023   
1.100689  0.940662   0.059338   
1.120702  0.939365   0.060635   
1.140714  0.938086   0.061914   
1.160727  0.936825   0.063175   
1.180739  0.935582   0.064418   
1.200752  0.934358   0.065642   
1.220764  0.933153   0.066847   
1.240777  0.931967   0.068033   
1.260789  0.930799   0.069201   
1.280802  0.929651   0.070349   
1.300814  0.928521   0.071479   
1.320827  0.927409   0.072591   
1.340839  0.926315   0.073685   
1.360852  0.925240   0.074760   
1.380865  0.924182   0.075818   
1.400877  0.923142   0.076858   
1.420890  0.922120   0.077880   
1.440902  0.921114   0.078886   
1.460915  0.920125   0.079875   
1.480927  0.919153   0.080847   
1.500940  0.918196   0.081804   
1.520952  0.917256   0.082744   
1.540965  0.916331   0.083669   
1.560977  0.915422   0.084578   
1.580990  0.914528   0.085472   
1.601002  0.913648   0.086352   
1.621015  0.912783   0.087217   
1.641027  0.911932   0.088068   
1.661040  0.911095   0.088905   
1.681052  0.910271   0.089729   
1.701065  0.909461   0.090539   
1.721077  0.908663   0.091337   
1.741090  0.907879   0.092121   
1.761103  0.907107   0.092893   
1.781115  0.906347   0.093653   
1.801128  0.905599   0.094401   
1.821140  0.904862   0.095138   
1.841153  0.904137   0.095863   
1.861165  0.903424   0.096576   
1.881178  0.902721   0.097279   
1.901190  0.902029   0.097971   
1.921203  0.901347   0.098653   
1.941215  0.900675   0.099325   
1.961228  0.900014   0.099986   
1.981240  0.899362   0.100638   
2.001253  0.898720   0.101280   
2.021265  0.898087   0.101913   
2.041278  0.897463   0.102537   
2.061290  0.896849   0.103151   
2.081303  0.896243   0.103757   
2.101316  0.895645   0.104355   
2.121328  0.895056   0.104944   
2.141341  0.894475   0.105525   
2.161353  0.893902   0.106098   
2.181366  0.893337   0.106663   
2.201378  0.892779   0.107221   
2.221391  0.892229   0.107771   
2.241403  0.891686   0.108314   
2.261416  0.891151   0.108849   
2.281428  0.890622   0.109378   
2.301441  0.890100   0.109900   
2.321453  0.889585   0.110415   
2.341466  0.889077   0.110923   
2.361478  0.888574   0.111426   
2.381491  0.888079   0.111921   
2.401503  0.887589   0.112411   
2.421516  0.887105   0.112895   
2.441529  0.886627   0.113373   
2.461541  0.886155   0.113845   
2.481554  0.885689   0.114311   
2.501566  0.885228   0.114772   
2.521579  0.884772   0.115228   
2.541591  0.884322   0.115678   
2.561604  0.883876   0.116124   
2.581616  0.883436   0.116564   
2.601629  0.883001   0.116999   
2.621641  0.882571   0.117429   
2.641654  0.882145   0.117855   
2.661666  0.881724   0.118276   
2.681679  0.881308   0.118692   
2.701691  0.880896   0.119104   
2.721704  0.880489   0.119511   
2.741716  0.880086   0.119914   
2.761729  0.879687   0.120313   
2.781742  0.879292   0.120708   
2.801754  0.878901   0.121099   
2.821767  0.878514   0.121486   
2.841779  0.878131   0.121869   
2.861792  0.877752   0.122248   
2.881804  0.877376   0.122624   
2.901817  0.877004   0.122996   
2.921829  0.876636   0.123364   
2.941842  0.876271   0.123729   
2.961854  0.875910   0.124090   
2.981867  0.875552   0.124448   
3.001879  0.875198   0.124802   
3.021892  0.874846   0.125154   
3.041904  0.874498   0.125502   
3.061917  0.874153   0.125847   
3.081929  0.873811   0.126189   
3.101942  0.873473   0.126527   
3.121955  0.873137   0.126863   
3.141967  0.872804   0.127196   
3.161980  0.872474   0.127526   
3.181992  0.872146   0.127854   
3.202005  0.871822   0.128178   
3.222017  0.871500   0.128500   
3.242030  0.871181   0.128819   
3.262042  0.870864   0.129136   
3.282055  0.870550   0.129450   
3.302067  0.870239   0.129761   
3.322080  0.869930   0.130070   
3.342092  0.869623   0.130377   
3.362105  0.869319   0.130681   
3.382117  0.869017   0.130983   
3.402130  0.868718   0.131282   
3.422142  0.868421   0.131579   
3.442155  0.868126   0.131874   
3.462168  0.867833   0.132167   
3.482180  0.867543   0.132457   
3.502193  0.867254   0.132746   
3.522205  0.866968   0.133032   
3.542218  0.866684   0.133316   
3.562230  0.866402   0.133598   
3.582243  0.866121   0.133879   
3.602255  0.865843   0.134157   
3.622268  0.865567   0.134433   
3.642280  0.865292   0.134708   
3.662293  0.865020   0.134980   
3.682305  0.864749   0.135251   
3.702318  0.864481   0.135519   
3.722330  0.864214   0.135786   
3.742343  0.863948   0.136052   
3.762355  0.863685   0.136315   
3.782368  0.863423   0.136577   
3.802381  0.863163   0.136837   
3.822393  0.862905   0.137095   
3.842406  0.862648   0.137352   
3.862418  0.862393   0.137607   
3.882431  0.862139   0.137861   
3.902443  0.861887   0.138113   
3.922456  0.861637   0.138363   
3.942468  0.861388   0.138612   
3.962481  0.861140   0.138860   
3.982493  0.860894   0.139106   
4.002506  0.860650   0.139350   
4.022518  0.860407   0.139593   
4.042531  0.860165   0.139835   
4.062543  0.859924   0.140076   
4.082556  0.859681   0.140319   
4.102568  0.859435   0.140565   
4.122581  0.859184   0.140816   
4.142594  0.858928   0.141072   
4.162606  0.858666   0.141334   
4.182619  0.858399   0.141601   
4.202631  0.858128   0.141872   
4.222644  0.857852   0.142148   
4.242656  0.857572   0.142428   
4.262669  0.857289   0.142711   
4.282681  0.857002   0.142998   
4.302694  0.856713   0.143287   
4.322706  0.856422   0.143578   
4.342719  0.856129   0.143871   
4.362731  0.855835   0.144165   
4.382744  0.855539   0.144461   
4.402756  0.855242   0.144758   
4.422769  0.854944   0.145056   
4.442781  0.854646   0.145354   
4.462794  0.854346   0.145654   
4.482807  0.854047   0.145953   
4.502819  0.853747   0.146253   
4.522832  0.853447   0.146553   
4.542844  0.853146   0.146854   
4.562857  0.852846   0.147154   
4.582869  0.852546   0.147454   
4.602882  0.852246   0.147754   
4.622894  0.851946   0.148054   
4.642907  0.851646   0.148354   
4.662919  0.851347   0.148653   
4.682932  0.851048   0.148952   
4.702944  0.850749   0.149251   
4.722957  0.850451   0.149549   
4.742969  0.850153   0.149847   
4.762982  0.849856   0.150144   
4.782994  0.849559   0.150441   
4.803007  0.849263   0.150737   
4.823019  0.848968   0.151032   
4.843032  0.848673   0.151327   
4.863045  0.848378   0.151622   
4.883057  0.848084   0.151916   
4.903070  0.847791   0.152209   
4.923082  0.847499   0.152501   
4.943095  0.847207   0.152793   
4.963107  0.846915   0.153085   
4.983120  0.846625   0.153375   
5.003132  0.846335   0.153665   
5.023145  0.846046   0.153954   
5.043157  0.845757   0.154243   
5.063170  0.845470   0.154530   
5.083182  0.845183   0.154817   
5.103195  0.844896   0.155104   
5.123207  0.844611   0.155389   
5.143220  0.844326   0.155674   
5.163232  0.844042   0.155958   
5.183245  0.843758   0.156242   
5.203258  0.843476   0.156524   
5.223270  0.843194   0.156806   
5.243283  0.842913   0.157087   
5.263295  0.842632   0.157368   
5.283308  0.842353   0.157647   
5.303320  0.842074   0.157926   
5.323333  0.841795   0.158205   
5.343345  0.841518   0.158482   
5.363358  0.841241   0.158759   
5.383370  0.840965   0.159035   
5.403383  0.840690   0.159310   
5.423395  0.840416   0.159584   
5.443408  0.840142   0.159858   
5.463420  0.839869   0.160131   
5.483433  0.839596   0.160404   
5.503445  0.839325   0.160675   
5.523458  0.839054   0.160946   
5.543471  0.838784   0.161216   
5.563483  0.838515   0.161485   
5.583496  0.838246   0.161754   
5.603508  0.837978   0.162022   
5.623521  0.837711   0.162289   
5.643533  0.837445   0.162555   
5.663546  0.837179   0.162821   
5.683558  0.836914   0.163086   
5.703571  0.836650   0.163350   
5.723583  0.836386   0.163614   
5.743596  0.836123   0.163877   
5.763608  0.835861   0.164139   
5.783621  0.835600   0.164400   
5.803633  0.835339   0.164661   
5.823646  0.835079   0.164921   
5.843658  0.834819   0.165181   
5.863671  0.834561   0.165439   
5.883684  0.834303   0.165697   
5.903696  0.834046   0.165954   
5.923709  0.833789   0.166211   
5.943721  0.833533   0.166467   
5.963734  0.833278   0.166722   
5.983746  0.833023   0.166977   
6.003759  0.832770   0.167230   
6.023771  0.832516   0.167484   
6.043784  0.832264   0.167736   
6.063796  0.832012   0.167988   
6.083809  0.831761   0.168239   
6.103821  0.831510   0.168490   
6.123834  0.831260   0.168740   
6.143846  0.831011   0.168989   
6.163859  0.830763   0.169237   
6.183871  0.830515   0.169485   
6.203884  0.830268   0.169732   
6.223897  0.830021   0.169979   
6.243909  0.829775   0.170225   
6.263922  0.829530   0.170470   
6.283934  0.829285   0.170715   
6.303947  0.829041   0.170959   
6.323959  0.828797   0.171203   
6.343972  0.828555   0.171445   
6.363984  0.828312   0.171688   
6.383997  0.828071   0.171929   
6.404009  0.827830   0.172170   
6.424022  0.827589   0.172411   
6.444034  0.827350   0.172650   
6.464047  0.827111   0.172889   
6.484059  0.826872   0.173128   
6.504072  0.826634   0.173366   
6.524084  0.826397   0.173603   
6.544097  0.826160   0.173840   
6.564110  0.825924   0.174076   
6.584122  0.825688   0.174312   
6.604135  0.825453   0.174547   
6.624147  0.825219   0.174781   
6.644160  0.824985   0.175015   
6.664172  0.824752   0.175248   
6.684185  0.824519   0.175481   
6.704197  0.824287   0.175713   
6.724210  0.824056   0.175944   
6.744222  0.823825   0.176175   
6.764235  0.823595   0.176405   
6.784247  0.823365   0.176635   
6.804260  0.823136   0.176864   
6.824272  0.822907   0.177093   
6.844285  0.822679   0.177321   
6.864297  0.822451   0.177549   
6.884310  0.822224   0.177776   
6.904323  0.821998   0.178002   
6.924335  0.821772   0.178228   
6.944348  0.821546   0.178454   
6.964360  0.821322   0.178678   
6.984373  0.821097   0.178903   
7.004385  0.820874   0.179126   
7.024398  0.820650   0.179350   
7.044410  0.820428   0.179572   
7.064423  0.820205   0.179795   
7.084435  0.819984   0.180016   
7.104448  0.819763   0.180237   
7.124460  0.819542   0.180458   
7.144473  0.819322   0.180678   
7.164485  0.819102   0.180898   
7.184498  0.818883   0.181117   
7.204510  0.818665   0.181335   
7.224523  0.818447   0.181553   
7.244536  0.818229   0.181771   
7.264548  0.818012   0.181988   
7.284561  0.817796   0.182204   
7.304573  0.817579   0.182421   
7.324586  0.817364   0.182636   
7.344598  0.817149   0.182851   
7.364611  0.816934   0.183066   
7.384623  0.816720   0.183280   
7.404636  0.816507   0.183493   
7.424648  0.816293   0.183707   
7.444661  0.816081   0.183919   
7.464673  0.815869   0.184131   
7.484686  0.815657   0.184343   
7.504698  0.815446   0.184554   
7.524711  0.815235   0.184765   
7.544723  0.815025   0.184975   
7.564736  0.814815   0.185185   
7.584749  0.814606   0.185394   
7.604761  0.814397   0.185603   
7.624774  0.814188   0.185812   
7.644786  0.813981   0.186019   
7.664799  0.813773   0.186227   
7.684811  0.813566   0.186434   
7.704824  0.813359   0.186641   
7.724836  0.813153   0.186847   
7.744849  0.812948   0.187052   
7.764861  0.812742   0.187258   
7.784874  0.812538   0.187462   
7.804886  0.812333   0.187667   
7.824899  0.812129   0.187871   
7.844911  0.811926   0.188074   
7.864924  0.811723   0.188277   
7.884936  0.811520   0.188480   
7.904949  0.811318   0.188682   
7.924962  0.811117   0.188883   
7.944974  0.810915   0.189085   
7.964987  0.810714   0.189286   
7.984999  0.810514   0.189486   
8.005012  0.810314   0.189686   
