0.200125  0.993348   0.006652   
0.219638  0.992432   0.007568   
0.239150  0.991483   0.008517   
0.258662  0.990508   0.009492   
0.278174  0.989510   0.010490   
0.297686  0.988492   0.011508   
0.317199  0.987455   0.012545   
0.336711  0.986404   0.013596   
0.356223  0.985338   0.014662   
0.375735  0.984262   0.015738   
0.395247  0.983177   0.016823   
0.414760  0.982085   0.017915   
0.434272  0.980987   0.019013   
0.453784  0.979881   0.020119   
0.473296  0.978776   0.021224   
0.492809  0.977671   0.022329   
0.512321  0.976566   0.023434   
0.531833  0.975462   0.024538   
0.551345  0.974361   0.025639   
0.570857  0.973263   0.026737   
0.590370  0.972170   0.027830   
0.609882  0.971083   0.028917   
0.629394  0.970001   0.029999   
0.648906  0.968927   0.031073   
0.668418  0.967860   0.032140   
0.687931  0.966802   0.033198   
0.707443  0.965752   0.034248   
0.726955  0.964711   0.035289   
0.746467  0.963680   0.036320   
0.765980  0.962659   0.037341   
0.785492  0.961648   0.038352   
0.805004  0.960648   0.039352   
0.824516  0.959510   0.040490   
0.844028  0.958252   0.041748   
0.863541  0.956941   0.043059   
0.883053  0.955600   0.044400   
0.902565  0.954242   0.045758   
0.922077  0.952875   0.047125   
0.941589  0.951506   0.048494   
0.961102  0.950140   0.049860   
0.980614  0.948779   0.051221   
1.000126  0.947427   0.052573   
1.019638  0.946086   0.053914   
1.039151  0.944757   0.055243   
1.058663  0.943442   0.056558   
1.078175  0.942143   0.057857   
1.097687  0.940859   0.059141   
1.117199  0.939591   0.060409   
1.136712  0.938340   0.061660   
1.156224  0.937107   0.062893   
1.175736  0.935891   0.064109   
1.195248  0.934693   0.065307   
1.214761  0.933513   0.066487   
1.234273  0.932350   0.067650   
1.253785  0.931206   0.068794   
1.273297  0.930079   0.069921   
1.292809  0.928970   0.071030   
1.312322  0.927879   0.072121   
1.331834  0.926805   0.073195   
1.351346  0.925749   0.074251   
1.370858  0.924709   0.075291   
1.390370  0.923686   0.076314   
1.409883  0.922680   0.077320   
1.429395  0.921690   0.078310   
1.448907  0.920716   0.079284   
1.468419  0.919758   0.080242   
1.487932  0.918816   0.081184   
1.507444  0.917889   0.082111   
1.526956  0.916977   0.083023   
1.546468  0.916080   0.083920   
1.565980  0.915197   0.084803   
1.585493  0.914329   0.085671   
1.605005  0.913474   0.086526   
1.624517  0.912633   0.087367   
1.644029  0.911805   0.088195   
1.663541  0.910991   0.089009   
1.683054  0.910189   0.089811   
1.702566  0.909400   0.090600   
1.722078  0.908624   0.091376   
1.741590  0.907859   0.092141   
1.761103  0.907107   0.092893   
1.780615  0.906366   0.093634   
1.800127  0.905636   0.094364   
1.819639  0.904917   0.095083   
1.839151  0.904209   0.095791   
1.858664  0.903512   0.096488   
1.878176  0.902826   0.097174   
1.897688  0.902149   0.097851   
1.917200  0.901482   0.098518   
1.936712  0.900826   0.099174   
1.956225  0.900178   0.099822   
1.975737  0.899540   0.100460   
1.995249  0.898912   0.101088   
2.014761  0.898292   0.101708   
2.034274  0.897681   0.102319   
2.053786  0.897078   0.102922   
2.073298  0.896484   0.103516   
2.092810  0.895898   0.104102   
2.112322  0.895320   0.104680   
2.131835  0.894750   0.105250   
2.151347  0.894187   0.105813   
2.170859  0.893632   0.106368   
2.190371  0.893085   0.106915   
2.209884  0.892544   0.107456   
2.229396  0.892011   0.107989   
2.248908  0.891484   0.108516   
2.268420  0.890965   0.109035   
2.287932  0.890452   0.109548   
2.307445  0.889945   0.110055   
2.326957  0.889444   0.110556   
2.346469  0.888950   0.111050   
2.365981  0.888462   0.111538   
2.385493  0.887980   0.112020   
2.405006  0.887504   0.112496   
2.424518  0.887033   0.112967   
2.444030  0.886568   0.113432   
2.463542  0.886108   0.113892   
2.483055  0.885654   0.114346   
2.502567  0.885204   0.114796   
2.522079  0.884760   0.115240   
2.541591  0.884321   0.115679   
2.561103  0.883887   0.116113   
2.580616  0.883458   0.116542   
2.600128  0.883034   0.116966   
2.619640  0.882614   0.117386   
2.639152  0.882198   0.117802   
2.658664  0.881787   0.118213   
2.678177  0.881381   0.118619   
2.697689  0.880978   0.119022   
2.717201  0.880580   0.119420   
2.736713  0.880186   0.119814   
2.756226  0.879796   0.120204   
2.775738  0.879410   0.120590   
2.795250  0.879027   0.120973   
2.814762  0.878649   0.121351   
2.834274  0.878274   0.121726   
2.853787  0.877903   0.122097   
2.873299  0.877535   0.122465   
2.892811  0.877171   0.122829   
2.912323  0.876811   0.123189   
2.931836  0.876453   0.123547   
2.951348  0.876099   0.123901   
2.970860  0.875749   0.124251   
2.990372  0.875401   0.124599   
3.009884  0.875057   0.124943   
3.029397  0.874715   0.125285   
3.048909  0.874377   0.125623   
3.068421  0.874042   0.125958   
3.087933  0.873709   0.126291   
3.107445  0.873380   0.126620   
3.126958  0.873053   0.126947   
3.146470  0.872729   0.127271   
3.165982  0.872408   0.127592   
3.185494  0.872089   0.127911   
3.205007  0.871773   0.128227   
3.224519  0.871460   0.128540   
3.244031  0.871149   0.128851   
3.263543  0.870840   0.129160   
3.283055  0.870534   0.129466   
3.302568  0.870231   0.129769   
3.322080  0.869930   0.130070   
3.341592  0.869631   0.130369   
3.361104  0.869334   0.130666   
3.380616  0.869040   0.130960   
3.400129  0.868748   0.131252   
3.419641  0.868458   0.131542   
3.439153  0.868170   0.131830   
3.458665  0.867884   0.132116   
3.478178  0.867600   0.132400   
3.497690  0.867319   0.132681   
3.517202  0.867039   0.132961   
3.536714  0.866762   0.133238   
3.556226  0.866486   0.133514   
3.575739  0.866212   0.133788   
3.595251  0.865940   0.134060   
3.614763  0.865670   0.134330   
3.634275  0.865402   0.134598   
3.653787  0.865135   0.134865   
3.673300  0.864871   0.135129   
3.692812  0.864608   0.135392   
3.712324  0.864347   0.135653   
3.731836  0.864087   0.135913   
3.751349  0.863829   0.136171   
3.770861  0.863573   0.136427   
3.790373  0.863319   0.136681   
3.809885  0.863066   0.136934   
3.829397  0.862814   0.137186   
3.848910  0.862565   0.137435   
3.868422  0.862316   0.137684   
3.887934  0.862069   0.137931   
3.907446  0.861824   0.138176   
3.926959  0.861580   0.138420   
3.946471  0.861338   0.138662   
3.965983  0.861097   0.138903   
3.985495  0.860858   0.139142   
4.005007  0.860619   0.139381   
4.024520  0.860383   0.139617   
4.044032  0.860147   0.139853   
4.063544  0.859913   0.140087   
4.083056  0.859680   0.140320   
4.102568  0.859449   0.140551   
4.122081  0.859219   0.140781   
4.141593  0.858990   0.141010   
4.161105  0.858762   0.141238   
4.180617  0.858536   0.141464   
4.200130  0.858311   0.141689   
4.219642  0.858087   0.141913   
4.239154  0.857864   0.142136   
4.258666  0.857642   0.142358   
4.278178  0.857422   0.142578   
4.297691  0.857202   0.142798   
4.317203  0.856984   0.143016   
4.336715  0.856767   0.143233   
4.356227  0.856551   0.143449   
4.375739  0.856336   0.143664   
4.395252  0.856122   0.143878   
4.414764  0.855910   0.144090   
4.434276  0.855698   0.144302   
4.453788  0.855487   0.144513   
4.473301  0.855277   0.144723   
4.492813  0.855069   0.144931   
4.512325  0.854861   0.145139   
4.531837  0.854655   0.145345   
4.551349  0.854449   0.145551   
4.570862  0.854244   0.145756   
4.590374  0.854040   0.145960   
4.609886  0.853838   0.146162   
4.629398  0.853636   0.146364   
4.648910  0.853435   0.146565   
4.668423  0.853235   0.146765   
4.687935  0.853035   0.146965   
4.707447  0.852837   0.147163   
4.726959  0.852640   0.147360   
4.746472  0.852443   0.147557   
4.765984  0.852247   0.147753   
4.785496  0.852053   0.147947   
4.805008  0.851859   0.148141   
4.824520  0.851665   0.148335   
4.844033  0.851473   0.148527   
4.863545  0.851282   0.148718   
4.883057  0.851091   0.148909   
4.902569  0.850901   0.149099   
4.922082  0.850712   0.149288   
4.941594  0.850523   0.149477   
4.961106  0.850336   0.149664   
4.980618  0.850149   0.149851   
5.000130  0.849963   0.150037   
5.019643  0.849777   0.150223   
5.039155  0.849593   0.150407   
5.058667  0.849409   0.150591   
5.078179  0.849225   0.150775   
5.097691  0.849043   0.150957   
5.117204  0.848861   0.151139   
5.136716  0.848680   0.151320   
5.156228  0.848499   0.151501   
5.175740  0.848320   0.151680   
5.195253  0.848141   0.151859   
5.214765  0.847962   0.152038   
5.234277  0.847784   0.152216   
5.253789  0.847607   0.152393   
5.273301  0.847431   0.152569   
5.292814  0.847255   0.152745   
5.312326  0.847079   0.152921   
5.331838  0.846905   0.153095   
5.351350  0.846731   0.153269   
5.370862  0.846557   0.153443   
5.390375  0.846384   0.153616   
5.409887  0.846212   0.153788   
5.429399  0.846041   0.153959   
5.448911  0.845869   0.154131   
5.468424  0.845699   0.154301   
5.487936  0.845529   0.154471   
5.507448  0.845360   0.154640   
5.526960  0.845191   0.154809   
5.546472  0.845022   0.154978   
5.565985  0.844855   0.155145   
5.585497  0.844687   0.155313   
5.605009  0.844521   0.155479   
5.624521  0.844354   0.155646   
5.644034  0.844189   0.155811   
5.663546  0.844024   0.155976   
5.683058  0.843859   0.156141   
5.702570  0.843695   0.156305   
5.722082  0.843531   0.156469   
5.741595  0.843368   0.156632   
5.761107  0.843205   0.156795   
5.780619  0.843043   0.156957   
5.800131  0.842881   0.157119   
5.819643  0.842720   0.157280   
5.839156  0.842559   0.157441   
5.858668  0.842398   0.157602   
5.878180  0.842238   0.157762   
5.897692  0.842079   0.157921   
5.917205  0.841920   0.158080   
5.936717  0.841761   0.158239   
5.956229  0.841603   0.158397   
5.975741  0.841445   0.158555   
5.995253  0.841288   0.158712   
6.014766  0.841131   0.158869   
6.034278  0.840974   0.159026   
6.053790  0.840818   0.159182   
6.073302  0.840662   0.159338   
6.092814  0.840507   0.159493   
6.112327  0.840352   0.159648   
6.131839  0.840197   0.159803   
6.151351  0.840043   0.159957   
6.170863  0.839889   0.160111   
6.190376  0.839735   0.160265   
6.209888  0.839582   0.160418   
6.229400  0.839429   0.160571   
6.248912  0.839277   0.160723   
6.268424  0.839125   0.160875   
6.287937  0.838973   0.161027   
6.307449  0.838821   0.161179   
6.326961  0.838670   0.161330   
6.346473  0.838520   0.161480   
6.365985  0.838369   0.161631   
6.385498  0.838219   0.161781   
6.405010  0.838069   0.161931   
6.424522  0.837920   0.162080   
6.444034  0.837771   0.162229   
6.463547  0.837622   0.162378   
6.483059  0.837473   0.162527   
6.502571  0.837325   0.162675   
6.522083  0.837177   0.162823   
6.541595  0.837029   0.162971   
6.561108  0.836882   0.163118   
6.580620  0.836734   0.163266   
6.600132  0.836588   0.163412   
6.619644  0.836441   0.163559   
6.639157  0.836295   0.163705   
6.658669  0.836149   0.163851   
6.678181  0.836003   0.163997   
6.697693  0.835857   0.164143   
6.717205  0.835712   0.164288   
6.736718  0.835567   0.164433   
6.756230  0.835422   0.164578   
6.775742  0.835278   0.164722   
6.795254  0.835133   0.164867   
6.814766  0.834989   0.165011   
6.834279  0.834845   0.165155   
6.853791  0.834702   0.165298   
6.873303  0.834558   0.165442   
6.892815  0.834415   0.165585   
6.912328  0.834272   0.165728   
6.931840  0.834129   0.165871   
6.951352  0.833987   0.166013   
6.970864  0.833844   0.166156   
6.990376  0.833702   0.166298   
7.009889  0.833560   0.166440   
7.029401  0.833418   0.166582   
7.048913  0.833277   0.166723   
7.068425  0.833135   0.166865   
7.087937  0.832994   0.167006   
7.107450  0.832853   0.167147   
7.126962  0.832712   0.167288   
7.146474  0.832572   0.167428   
7.165986  0.832431   0.167569   
7.185499  0.832291   0.167709   
7.205011  0.832151   0.167849   
7.224523  0.832011   0.167989   
7.244035  0.831871   0.168129   
7.263547  0.831731   0.168269   
7.283060  0.831592   0.168408   
7.302572  0.831452   0.168548   
7.322084  0.831313   0.168687   
7.341596  0.831174   0.168826   
7.361108  0.831035   0.168965   
7.380621  0.830896   0.169104   
7.400133  0.830757   0.169243   
7.419645  0.830619   0.169381   
7.439157  0.830480   0.169520   
7.458670  0.830342   0.169658   
7.478182  0.830204   0.169796   
7.497694  0.830066   0.169934   
7.517206  0.829928   0.170072   
7.536718  0.829790   0.170210   
7.556231  0.829652   0.170348   
7.575743  0.829515   0.170485   
7.595255  0.829377   0.170623   
7.614767  0.829240   0.170760   
7.634280  0.829103   0.170897   
7.653792  0.828965   0.171035   
7.673304  0.828828   0.171172   
7.692816  0.828691   0.171309   
7.712328  0.828554   0.171446   
7.731841  0.828417   0.171583   
7.751353  0.828281   0.171719   
7.770865  0.828144   0.171856   
7.790377  0.828007   0.171993   
7.809889  0.827871   0.172129   
7.829402  0.827734   0.172266   
7.848914  0.827598   0.172402   
7.868426  0.827462   0.172538   
7.887938  0.827325   0.172675   
7.907451  0.827189   0.172811   
7.926963  0.827053   0.172947   
7.946475  0.826917   0.173083   
7.965987  0.826781   0.173219   
7.985499  0.826645   0.173355   
