0.008009    0.000000 
0.012014    0.000101 
0.016018    -0.000125 
0.020023    -0.000381 
0.024027    -0.000659 
0.028032    -0.000951 
0.032036    -0.001251 
0.036041    -0.001555 
0.040045    -0.001861 
0.044050    -0.002168 
0.048054    -0.002475 
0.052059    -0.002780 
0.056063    -0.003083 
0.060068    -0.003383 
0.064072    -0.003680 
0.068077    -0.003973 
0.072081    -0.004263 
0.076086    -0.004549 
0.080090    -0.004830 
0.084095    -0.005107 
0.088099    -0.005380 
0.092104    -0.005647 
0.096108    -0.005911 
0.100113    -0.006169 
0.104117    -0.006422 
0.108122    -0.006671 
0.112126    -0.006914 
0.116131    -0.007153 
0.120135    -0.007386 
0.124140    -0.007614 
0.128144    -0.007838 
0.132149    -0.008056 
0.136153    -0.008269 
0.140158    -0.008477 
0.144162    -0.008680 
0.148167    -0.008877 
0.152171    -0.009070 
0.156176    -0.009257 
0.160180    -0.009440 
0.164185    -0.009617 
0.168189    -0.009790 
0.172194    -0.009957 
0.176198    -0.010119 
0.180203    -0.010276 
0.184207    -0.010429 
0.188212    -0.010576 
0.192216    -0.010718 
0.196221    -0.010856 
0.200225    -0.010988 
0.204230    -0.011116 
0.208234    -0.011238 
0.212239    -0.011356 
0.216243    -0.011469 
0.220248    -0.011577 
0.224252    -0.011681 
0.228257    -0.011780 
0.232261    -0.011873 
0.236266    -0.011963 
0.240270    -0.012047 
0.244275    -0.012127 
0.248279    -0.012203 
0.252284    -0.012273 
0.256289    -0.012339 
0.260293    -0.012401 
0.264298    -0.012458 
0.268302    -0.012510 
0.272307    -0.012559 
0.276311    -0.012602 
0.280316    -0.012641 
0.284320    -0.012676 
0.288325    -0.012706 
0.292329    -0.012732 
0.296334    -0.012754 
0.300338    -0.012772 
0.304343    -0.012785 
0.308347    -0.012794 
0.312352    -0.012798 
0.316356    -0.012799 
0.320361    -0.012795 
0.324365    -0.012787 
0.328370    -0.012775 
0.332374    -0.012759 
0.336379    -0.012739 
0.340383    -0.012714 
0.344388    -0.012686 
0.348392    -0.012654 
0.352397    -0.012617 
0.356401    -0.012577 
0.360406    -0.012533 
0.364410    -0.012485 
0.368415    -0.012433 
0.372419    -0.012377 
0.376424    -0.012317 
0.380428    -0.012254 
0.384433    -0.012186 
0.388437    -0.012115 
0.392442    -0.012040 
0.396446    -0.011961 
0.400451    -0.011879 
0.404455    -0.011793 
0.408460    -0.011703 
0.412464    -0.011610 
0.416469    -0.011513 
0.420473    -0.011412 
0.424478    -0.011308 
0.428482    -0.011201 
0.432487    -0.011089 
0.436491    -0.010974 
0.440496    -0.010856 
0.444500    -0.010734 
0.448505    -0.010609 
0.452509    -0.010481 
0.456514    -0.010348 
0.460518    -0.010213 
0.464523    -0.010074 
0.468527    -0.009932 
0.472532    -0.009786 
0.476536    -0.009638 
0.480541    -0.009485 
0.484545    -0.009330 
0.488550    -0.009171 
0.492554    -0.009009 
0.496559    -0.008844 
0.500564    -0.008676 
0.504568    -0.008504 
0.508573    -0.008330 
0.512577    -0.008152 
0.516582    -0.007971 
0.520586    -0.007787 
0.524591    -0.007600 
0.528595    -0.007409 
0.532600    -0.007216 
0.536604    -0.007020 
0.540609    -0.006820 
0.544613    -0.006618 
0.548618    -0.006413 
0.552622    -0.006204 
0.556627    -0.005993 
0.560631    -0.005779 
0.564636    -0.005562 
0.568640    -0.005342 
0.572645    -0.005119 
0.576649    -0.004893 
0.580654    -0.004664 
0.584658    -0.004433 
0.588663    -0.004199 
0.592667    -0.003962 
0.596672    -0.003722 
0.600676    -0.003479 
0.604681    -0.003234 
0.608685    -0.002986 
0.612690    -0.002735 
0.616694    -0.002482 
0.620699    -0.002225 
0.624703    -0.001967 
0.628708    -0.001705 
0.632712    -0.001441 
0.636717    -0.001174 
0.640721    -0.000905 
0.644726    -0.000633 
0.648730    -0.000358 
0.652735    -0.000081 
0.656739    0.000199 
0.660744    0.000481 
0.664748    0.000766 
0.668753    0.001053 
0.672757    0.001342 
0.676762    0.001635 
0.680766    0.001929 
0.684771    0.002226 
0.688775    0.002526 
0.692780    0.002828 
0.696784    0.003132 
0.700789    0.003439 
0.704793    0.003748 
0.708798    0.004060 
0.712802    0.004374 
0.716807    0.004690 
0.720811    0.005009 
0.724816    0.005329 
0.728820    0.005653 
0.732825    0.005978 
0.736829    0.006306 
0.740834    0.006636 
0.744838    0.006968 
0.748843    0.007302 
0.752848    0.007639 
0.756852    0.007978 
0.760857    0.008319 
0.764861    0.008662 
0.768866    0.009008 
0.772870    0.009355 
0.776875    0.009705 
0.780879    0.010057 
0.784884    0.010411 
0.788888    0.010767 
0.792893    0.011125 
0.796897    0.011485 
0.800902    0.011848 
0.804906    0.012212 
0.808911    0.012578 
0.812915    0.012947 
0.816920    0.013317 
0.820924    0.013690 
0.824929    0.014064 
0.828933    0.014441 
0.832938    0.014819 
0.836942    0.015200 
0.840947    0.015582 
0.844951    0.015967 
0.848956    0.016353 
0.852960    0.016741 
0.856965    0.017131 
0.860969    0.017523 
0.864974    0.017917 
0.868978    0.018313 
0.872983    0.018710 
0.876987    0.019110 
0.880992    0.019511 
0.884996    0.019915 
0.889001    0.020320 
0.893005    0.020726 
0.897010    0.021135 
0.901014    0.021545 
0.905019    0.021958 
0.909023    0.022371 
0.913028    0.022787 
0.917032    0.023205 
0.921037    0.023624 
0.925041    0.024045 
0.929046    0.024467 
0.933050    0.024892 
0.937055    0.025318 
0.941059    0.025746 
0.945064    0.026175 
0.949068    0.026606 
0.953073    0.027039 
0.957077    0.027473 
0.961082    0.027909 
0.965086    0.028347 
0.969091    0.028786 
0.973095    0.029227 
0.977100    0.029670 
0.981104    0.030114 
0.985109    0.030560 
0.989113    0.031007 
0.993118    0.031456 
0.997123    0.031906 
1.001127    0.032358 
1.005132    0.032811 
1.009136    0.033266 
1.013141    0.033723 
1.017145    0.034181 
1.021150    0.034640 
1.025154    0.035101 
1.029159    0.035564 
1.033163    0.036028 
1.037168    0.036493 
1.041172    0.036960 
1.045177    0.037429 
1.049181    0.037898 
1.053186    0.038370 
1.057190    0.038842 
1.061195    0.039316 
1.065199    0.039792 
1.069204    0.040268 
1.073208    0.040747 
1.077213    0.041226 
1.081217    0.041707 
1.085222    0.042190 
1.089226    0.042673 
1.093231    0.043158 
1.097235    0.043645 
1.101240    0.044132 
1.105244    0.044621 
1.109249    0.045112 
1.113253    0.045603 
1.117258    0.046096 
1.121262    0.046590 
1.125267    0.047086 
1.129271    0.047583 
1.133276    0.048081 
1.137280    0.048580 
1.141285    0.049080 
1.145289    0.049582 
1.149294    0.050085 
1.153298    0.050589 
1.157303    0.051095 
1.161307    0.051602 
1.165312    0.052109 
1.169316    0.052618 
1.173321    0.053129 
1.177325    0.053640 
1.181330    0.054153 
1.185334    0.054666 
1.189339    0.055181 
1.193343    0.055697 
1.197348    0.056215 
1.201352    0.056733 
1.205357    0.057252 
1.209361    0.057773 
1.213366    0.058295 
1.217370    0.058818 
1.221375    0.059341 
1.225379    0.059866 
1.229384    0.060392 
1.233388    0.060920 
1.237393    0.061448 
1.241397    0.061977 
1.245402    0.062508 
1.249407    0.063039 
1.253411    0.063571 
1.257416    0.064105 
1.261420    0.064639 
1.265425    0.065175 
1.269429    0.065711 
1.273434    0.066249 
1.277438    0.066787 
1.281443    0.067327 
1.285447    0.067868 
1.289452    0.068409 
1.293456    0.068952 
1.297461    0.069495 
1.301465    0.070039 
1.305470    0.070585 
1.309474    0.071131 
1.313479    0.071678 
1.317483    0.072227 
1.321488    0.072776 
1.325492    0.073326 
1.329497    0.073877 
1.333501    0.074429 
1.337506    0.074981 
1.341510    0.075535 
1.345515    0.076090 
1.349519    0.076645 
1.353524    0.077201 
1.357528    0.077759 
1.361533    0.078317 
1.365537    0.078876 
1.369542    0.079436 
1.373546    0.079996 
1.377551    0.080558 
1.381555    0.081120 
1.385560    0.081683 
1.389564    0.082247 
1.393569    0.082812 
1.397573    0.083378 
1.401578    0.083944 
1.405582    0.084511 
1.409587    0.085079 
1.413591    0.085648 
1.417596    0.086218 
1.421600    0.086788 
1.425605    0.087359 
1.429609    0.087931 
1.433614    0.088504 
1.437618    0.089077 
1.441623    0.089651 
1.445627    0.090226 
1.449632    0.090802 
1.453636    0.091378 
1.457641    0.091955 
1.461645    0.092533 
1.465650    0.093112 
1.469654    0.093691 
1.473659    0.094271 
1.477663    0.094851 
1.481668    0.095433 
1.485672    0.096015 
1.489677    0.096598 
1.493682    0.097181 
1.497686    0.097765 
1.501691    0.098350 
1.505695    0.098935 
1.509700    0.099521 
1.513704    0.100108 
1.517709    0.100695 
1.521713    0.101283 
1.525718    0.101872 
1.529722    0.102461 
1.533727    0.103051 
1.537731    0.103642 
1.541736    0.104233 
1.545740    0.104824 
1.549745    0.105417 
1.553749    0.106010 
1.557754    0.106603 
1.561758    0.107197 
1.565763    0.107792 
1.569767    0.108387 
1.573772    0.108983 
1.577776    0.109580 
1.581781    0.110176 
1.585785    0.110774 
1.589790    0.111372 
1.593794    0.111971 
1.597799    0.112570 
1.601803    0.113170 
1.605808    0.113770 
1.609812    0.114371 
1.613817    0.114972 
1.617821    0.115574 
1.621826    0.116176 
1.625830    0.116779 
1.629835    0.117383 
1.633839    0.117986 
1.637844    0.118591 
1.641848    0.119196 
1.645853    0.119801 
1.649857    0.120407 
1.653862    0.121013 
1.657866    0.121620 
1.661871    0.122227 
1.665875    0.122835 
1.669880    0.123443 
1.673884    0.124052 
1.677889    0.124661 
1.681893    0.125270 
1.685898    0.125880 
1.689902    0.126491 
1.693907    0.127102 
1.697911    0.127713 
1.701916    0.128325 
1.705920    0.128937 
1.709925    0.129549 
1.713929    0.130162 
1.717934    0.130776 
1.721938    0.131390 
1.725943    0.132004 
1.729947    0.132618 
1.733952    0.133233 
1.737956    0.133849 
1.741961    0.134464 
1.745966    0.135081 
1.749970    0.135697 
1.753975    0.136314 
1.757979    0.136931 
1.761984    0.137549 
1.765988    0.138167 
1.769993    0.138785 
1.773997    0.139404 
1.778002    0.140023 
1.782006    0.140642 
1.786011    0.141262 
1.790015    0.141882 
1.794020    0.142502 
1.798024    0.143123 
1.802029    0.143744 
1.806033    0.144365 
1.810038    0.144986 
1.814042    0.145608 
1.818047    0.146231 
1.822051    0.146853 
1.826056    0.147476 
1.830060    0.148099 
1.834065    0.148722 
1.838069    0.149346 
1.842074    0.149970 
1.846078    0.150594 
1.850083    0.151219 
1.854087    0.151844 
1.858092    0.152469 
1.862096    0.153094 
1.866101    0.153720 
1.870105    0.154346 
1.874110    0.154972 
1.878114    0.155598 
1.882119    0.156225 
1.886123    0.156851 
1.890128    0.157478 
1.894132    0.158106 
1.898137    0.158733 
1.902141    0.159361 
1.906146    0.159989 
1.910150    0.160617 
1.914155    0.161246 
1.918159    0.161874 
1.922164    0.162503 
1.926168    0.163132 
1.930173    0.163761 
1.934177    0.164391 
1.938182    0.165020 
1.942186    0.165650 
1.946191    0.166280 
1.950195    0.166911 
1.954200    0.167541 
1.958204    0.168171 
1.962209    0.168802 
1.966213    0.169433 
1.970218    0.170064 
1.974222    0.170695 
1.978227    0.171327 
1.982231    0.171958 
1.986236    0.172590 
1.990241    0.173222 
1.994245    0.173854 
1.998250    0.174486 
2.002254    0.175118 
2.006259    0.175751 
2.010263    0.176383 
2.014268    0.177016 
2.018272    0.177649 
2.022277    0.178282 
2.026281    0.178915 
2.030286    0.179548 
2.034290    0.180181 
2.038295    0.180815 
2.042299    0.181448 
2.046304    0.182082 
2.050308    0.182715 
2.054313    0.183349 
2.058317    0.183983 
2.062322    0.184617 
2.066326    0.185251 
2.070331    0.185885 
2.074335    0.186520 
2.078340    0.187154 
2.082344    0.187788 
2.086349    0.188423 
2.090353    0.189057 
2.094358    0.189692 
2.098362    0.190327 
2.102367    0.190961 
2.106371    0.191596 
2.110376    0.192231 
2.114380    0.192866 
2.118385    0.193501 
2.122389    0.194136 
2.126394    0.194771 
2.130398    0.195406 
2.134403    0.196041 
2.138407    0.196676 
2.142412    0.197311 
2.146416    0.197947 
2.150421    0.198582 
2.154425    0.199217 
2.158430    0.199853 
2.162434    0.200488 
2.166439    0.201123 
2.170443    0.201758 
2.174448    0.202394 
2.178452    0.203029 
2.182457    0.203665 
2.186461    0.204300 
2.190466    0.204935 
2.194470    0.205571 
2.198475    0.206206 
2.202479    0.206841 
2.206484    0.207477 
2.210488    0.208112 
2.214493    0.208747 
2.218497    0.209382 
2.222502    0.210018 
2.226506    0.210653 
2.230511    0.211288 
2.234515    0.211923 
2.238520    0.212558 
2.242525    0.213193 
2.246529    0.213829 
2.250534    0.214464 
2.254538    0.215098 
2.258543    0.215733 
2.262547    0.216368 
2.266552    0.217003 
2.270556    0.217638 
2.274561    0.218273 
2.278565    0.218907 
2.282570    0.219542 
2.286574    0.220176 
2.290579    0.220811 
2.294583    0.221445 
2.298588    0.222079 
2.302592    0.222714 
2.306597    0.223348 
2.310601    0.223982 
2.314606    0.224616 
2.318610    0.225250 
2.322615    0.225883 
2.326619    0.226517 
2.330624    0.227151 
2.334628    0.227784 
2.338633    0.228418 
2.342637    0.229051 
2.346642    0.229684 
2.350646    0.230317 
2.354651    0.230950 
2.358655    0.231583 
2.362660    0.232216 
2.366664    0.232849 
2.370669    0.233481 
2.374673    0.234114 
2.378678    0.234746 
2.382682    0.235378 
2.386687    0.236010 
2.390691    0.236642 
2.394696    0.237274 
2.398700    0.237906 
2.402705    0.238537 
2.406709    0.239169 
2.410714    0.239800 
2.414718    0.240431 
2.418723    0.241062 
2.422727    0.241693 
2.426732    0.242324 
2.430736    0.242954 
2.434741    0.243585 
2.438745    0.244215 
2.442750    0.244845 
2.446754    0.245475 
2.450759    0.246105 
2.454763    0.246734 
2.458768    0.247364 
2.462772    0.247993 
2.466777    0.248622 
2.470781    0.249251 
2.474786    0.249880 
2.478790    0.250508 
2.482795    0.251137 
2.486800    0.251765 
2.490804    0.252393 
2.494809    0.253021 
2.498813    0.253649 
2.502818    0.254276 
2.506822    0.254903 
2.510827    0.255531 
2.514831    0.256157 
2.518836    0.256784 
2.522840    0.257411 
2.526845    0.258037 
2.530849    0.258663 
2.534854    0.259289 
2.538858    0.259915 
2.542863    0.260540 
2.546867    0.261165 
2.550872    0.261790 
2.554876    0.262415 
2.558881    0.263040 
2.562885    0.263664 
2.566890    0.264288 
2.570894    0.264912 
2.574899    0.265536 
2.578903    0.266160 
2.582908    0.266783 
2.586912    0.267406 
2.590917    0.268029 
2.594921    0.268651 
2.598926    0.269274 
2.602930    0.269896 
2.606935    0.270518 
2.610939    0.271139 
2.614944    0.271761 
2.618948    0.272382 
2.622953    0.273003 
2.626957    0.273624 
2.630962    0.274244 
2.634966    0.274864 
2.638971    0.275484 
2.642975    0.276104 
2.646980    0.276723 
2.650984    0.277342 
2.654989    0.277961 
2.658993    0.278580 
2.662998    0.279198 
2.667002    0.279816 
2.671007    0.280434 
2.675011    0.281051 
2.679016    0.281669 
2.683020    0.282286 
2.687025    0.282902 
2.691029    0.283519 
2.695034    0.284135 
2.699038    0.284751 
2.703043    0.285366 
2.707047    0.285982 
2.711052    0.286597 
2.715056    0.287212 
2.719061    0.287826 
2.723065    0.288440 
2.727070    0.289054 
2.731074    0.289668 
2.735079    0.290281 
2.739084    0.290894 
2.743088    0.291507 
2.747093    0.292119 
2.751097    0.292731 
2.755102    0.293343 
2.759106    0.293954 
2.763111    0.294566 
2.767115    0.295177 
2.771120    0.295787 
2.775124    0.296397 
2.779129    0.297007 
2.783133    0.297617 
2.787138    0.298226 
2.791142    0.298835 
2.795147    0.299444 
2.799151    0.300052 
2.803156    0.300660 
2.807160    0.301268 
2.811165    0.301875 
2.815169    0.302483 
2.819174    0.303089 
2.823178    0.303696 
2.827183    0.304302 
2.831187    0.304907 
2.835192    0.305513 
2.839196    0.306118 
2.843201    0.306723 
2.847205    0.307327 
2.851210    0.307931 
2.855214    0.308535 
2.859219    0.309138 
2.863223    0.309741 
2.867228    0.310344 
2.871232    0.310946 
2.875237    0.311548 
2.879241    0.312150 
2.883246    0.312751 
2.887250    0.313352 
2.891255    0.313953 
2.895259    0.314553 
2.899264    0.315153 
2.903268    0.315753 
2.907273    0.316352 
2.911277    0.316951 
2.915282    0.317549 
2.919286    0.318147 
2.923291    0.318745 
2.927295    0.319342 
2.931300    0.319939 
2.935304    0.320536 
2.939309    0.321132 
2.943313    0.321728 
2.947318    0.322324 
2.951322    0.322919 
2.955327    0.323514 
2.959331    0.324108 
2.963336    0.324702 
2.967340    0.325296 
2.971345    0.326057 
2.975349    0.329918 
2.979354    0.339386 
2.983359    0.351168 
2.987363    0.362407 
2.991368    0.372064 
2.995372    0.380077 
2.999377    0.386695 
3.003381    0.392201 
3.007386    0.396837 
3.011390    0.400793 
3.015395    0.404211 
3.019399    0.407199 
3.023404    0.409841 
3.027408    0.412199 
3.031413    0.414322 
3.035417    0.416249 
3.039422    0.418011 
3.043426    0.419632 
3.047431    0.421131 
3.051435    0.422526 
3.055440    0.423829 
3.059444    0.425053 
3.063449    0.426206 
3.067453    0.427297 
3.071458    0.428331 
3.075462    0.429316 
3.079467    0.430256 
3.083471    0.431156 
3.087476    0.432019 
3.091480    0.432848 
3.095485    0.433647 
3.099489    0.434419 
3.103494    0.435164 
3.107498    0.435886 
3.111503    0.436586 
3.115507    0.437267 
3.119512    0.437928 
3.123516    0.438572 
3.127521    0.439201 
3.131525    0.439814 
3.135530    0.440413 
3.139534    0.440998 
3.143539    0.441572 
3.147543    0.442133 
3.151548    0.442684 
3.155552    0.443225 
3.159557    0.443755 
3.163561    0.444277 
3.167566    0.444790 
3.171570    0.445294 
3.175575    0.445791 
3.179579    0.446280 
3.183584    0.446762 
3.187588    0.447237 
3.191593    0.447706 
3.195597    0.448169 
3.199602    0.448626 
3.203606    0.449077 
3.207611    0.449523 
3.211615    0.449964 
3.215620    0.450400 
3.219624    0.450831 
3.223629    0.451257 
3.227633    0.451679 
3.231638    0.452097 
3.235643    0.452511 
3.239647    0.452921 
3.243652    0.453327 
3.247656    0.453730 
3.251661    0.454129 
3.255665    0.454525 
3.259670    0.454917 
3.263674    0.455306 
3.267679    0.455693 
3.271683    0.456076 
3.275688    0.456456 
3.279692    0.456834 
3.283697    0.457209 
3.287701    0.457581 
3.291706    0.457951 
3.295710    0.458318 
3.299715    0.458683 
3.303719    0.459046 
3.307724    0.459406 
3.311728    0.459764 
3.315733    0.460120 
3.319737    0.460474 
3.323742    0.460826 
3.327746    0.461175 
3.331751    0.461523 
3.335755    0.461869 
3.339760    0.462213 
3.343764    0.462556 
3.347769    0.462896 
3.351773    0.463235 
3.355778    0.463572 
3.359782    0.463908 
3.363787    0.464242 
3.367791    0.464574 
3.371796    0.464905 
3.375800    0.465234 
3.379805    0.465562 
3.383809    0.465889 
3.387814    0.466214 
3.391818    0.466537 
3.395823    0.466860 
3.399827    0.467181 
3.403832    0.467500 
3.407836    0.467819 
3.411841    0.468136 
3.415845    0.468452 
3.419850    0.468766 
3.423854    0.469080 
3.427859    0.469392 
3.431863    0.469703 
3.435868    0.470013 
3.439872    0.470322 
3.443877    0.470630 
3.447881    0.470937 
3.451886    0.471242 
3.455890    0.471547 
3.459895    0.471850 
3.463899    0.472153 
3.467904    0.472455 
3.471908    0.472755 
3.475913    0.473055 
3.479918    0.473354 
3.483922    0.473652 
3.487927    0.473948 
3.491931    0.474244 
3.495936    0.474539 
3.499940    0.474834 
3.503945    0.475127 
3.507949    0.475419 
3.511954    0.475711 
3.515958    0.476002 
3.519963    0.476292 
3.523967    0.476581 
3.527972    0.476869 
3.531976    0.477157 
3.535981    0.477444 
3.539985    0.477730 
3.543990    0.478015 
3.547994    0.478299 
3.551999    0.478583 
3.556003    0.478866 
3.560008    0.479148 
3.564012    0.479430 
3.568017    0.479711 
3.572021    0.479991 
3.576026    0.480270 
3.580030    0.480549 
3.584035    0.480827 
3.588039    0.481104 
3.592044    0.481381 
3.596048    0.481657 
3.600053    0.481933 
3.604057    0.482207 
3.608062    0.482481 
3.612066    0.482755 
3.616071    0.483028 
3.620075    0.483300 
3.624080    0.483572 
3.628084    0.483843 
3.632089    0.484113 
3.636093    0.484383 
3.640098    0.484652 
3.644102    0.484921 
3.648107    0.485189 
3.652111    0.485456 
3.656116    0.485723 
3.660120    0.485990 
3.664125    0.486256 
3.668129    0.486521 
3.672134    0.486786 
3.676138    0.487050 
3.680143    0.487313 
3.684147    0.487576 
3.688152    0.487839 
3.692156    0.488101 
3.696161    0.488362 
3.700165    0.488623 
3.704170    0.488884 
3.708174    0.489144 
3.712179    0.489403 
3.716183    0.489662 
3.720188    0.489921 
3.724192    0.490179 
3.728197    0.490436 
3.732202    0.490693 
3.736206    0.490950 
3.740211    0.491206 
3.744215    0.491461 
3.748220    0.491716 
3.752224    0.491971 
3.756229    0.492225 
3.760233    0.492479 
3.764238    0.492732 
3.768242    0.492985 
3.772247    0.493237 
3.776251    0.493489 
3.780256    0.493740 
3.784260    0.493991 
3.788265    0.494242 
3.792269    0.494492 
3.796274    0.494741 
3.800278    0.494991 
3.804283    0.495239 
3.808287    0.495488 
3.812292    0.495736 
3.816296    0.495983 
3.820301    0.496230 
3.824305    0.496477 
3.828310    0.496723 
3.832314    0.496969 
3.836319    0.497214 
3.840323    0.497459 
3.844328    0.497704 
3.848332    0.497948 
3.852337    0.498192 
3.856341    0.498435 
3.860346    0.498679 
3.864350    0.498921 
3.868355    0.499163 
3.872359    0.499405 
3.876364    0.499647 
3.880368    0.499888 
3.884373    0.500128 
3.888377    0.500369 
3.892382    0.500609 
3.896386    0.500848 
3.900391    0.501087 
3.904395    0.501326 
3.908400    0.501565 
3.912404    0.501803 
3.916409    0.502041 
3.920413    0.502278 
3.924418    0.502515 
3.928422    0.502752 
3.932427    0.502988 
3.936431    0.503224 
3.940436    0.503459 
3.944440    0.503694 
3.948445    0.503929 
3.952449    0.504164 
3.956454    0.504398 
3.960458    0.504632 
3.964463    0.504865 
3.968467    0.505098 
3.972472    0.505331 
3.976477    0.505564 
3.980481    0.505796 
3.984486    0.506027 
3.988490    0.506259 
3.992495    0.506490 
3.996499    0.506721 
4.000504    0.506951 
4.004508    0.507181 
4.008513    0.507411 
4.012517    0.507640 
4.016522    0.507869 
4.020526    0.508098 
4.024531    0.508327 
4.028535    0.508555 
4.032540    0.508783 
4.036544    0.509010 
4.040549    0.509237 
4.044553    0.509464 
4.048558    0.509691 
4.052562    0.509917 
4.056567    0.510143 
4.060571    0.510369 
4.064576    0.510594 
4.068580    0.510819 
4.072585    0.511044 
4.076589    0.511268 
4.080594    0.511492 
4.084598    0.511716 
4.088603    0.511939 
4.092607    0.512162 
4.096612    0.512385 
4.100616    0.512608 
4.104621    0.512830 
4.108625    0.513052 
4.112630    0.513274 
4.116634    0.513495 
4.120639    0.513716 
4.124643    0.513937 
4.128648    0.514158 
4.132652    0.514378 
4.136657    0.514598 
4.140661    0.514817 
4.144666    0.515037 
4.148670    0.515256 
4.152675    0.515475 
4.156679    0.515693 
4.160684    0.515911 
4.164688    0.516129 
4.168693    0.516347 
4.172697    0.516564 
4.176702    0.516782 
4.180706    0.516998 
4.184711    0.517215 
4.188715    0.517431 
4.192720    0.517647 
4.196724    0.517863 
4.200729    0.518078 
4.204733    0.518294 
4.208738    0.518508 
4.212742    0.518723 
4.216747    0.518937 
4.220751    0.519152 
4.224756    0.519365 
4.228761    0.519579 
4.232765    0.519792 
4.236770    0.520005 
4.240774    0.520218 
4.244779    0.520431 
4.248783    0.520643 
4.252788    0.520855 
4.256792    0.521067 
4.260797    0.521278 
4.264801    0.521489 
4.268806    0.521700 
4.272810    0.521911 
4.276815    0.522121 
4.280819    0.522331 
4.284824    0.522541 
4.288828    0.522751 
4.292833    0.522960 
4.296837    0.523170 
4.300842    0.523378 
4.304846    0.523587 
4.308851    0.523796 
4.312855    0.524004 
4.316860    0.524212 
4.320864    0.524419 
4.324869    0.524627 
4.328873    0.524834 
4.332878    0.525041 
4.336882    0.525247 
4.340887    0.525454 
4.344891    0.525660 
4.348896    0.525866 
4.352900    0.526072 
4.356905    0.526277 
4.360909    0.526482 
4.364914    0.526687 
4.368918    0.526892 
4.372923    0.527096 
4.376927    0.527301 
4.380932    0.527505 
4.384936    0.527709 
4.388941    0.527912 
4.392945    0.528115 
4.396950    0.528318 
4.400954    0.528521 
4.404959    0.528724 
4.408963    0.528926 
4.412968    0.529128 
4.416972    0.529330 
4.420977    0.529532 
4.424981    0.529733 
4.428986    0.529935 
4.432990    0.530136 
4.436995    0.530336 
4.440999    0.530537 
4.445004    0.530737 
4.449008    0.530937 
4.453013    0.531137 
4.457017    0.531337 
4.461022    0.531536 
4.465026    0.531735 
4.469031    0.531934 
4.473036    0.532133 
4.477040    0.532331 
4.481045    0.532530 
4.485049    0.532728 
4.489054    0.532925 
4.493058    0.533123 
4.497063    0.533320 
4.501067    0.533518 
4.505072    0.533715 
4.509076    0.533911 
4.513081    0.534108 
4.517085    0.534304 
4.521090    0.534500 
4.525094    0.534696 
4.529099    0.534892 
4.533103    0.535087 
4.537108    0.535282 
4.541112    0.535477 
4.545117    0.535672 
4.549121    0.535867 
4.553126    0.536061 
4.557130    0.536255 
4.561135    0.536449 
4.565139    0.536643 
4.569144    0.536836 
4.573148    0.537029 
4.577153    0.537223 
4.581157    0.537415 
4.585162    0.537608 
4.589166    0.537801 
4.593171    0.537993 
4.597175    0.538185 
4.601180    0.538377 
4.605184    0.538568 
4.609189    0.538760 
4.613193    0.538951 
4.617198    0.539142 
4.621202    0.539333 
4.625207    0.539523 
4.629211    0.539714 
4.633216    0.539904 
4.637220    0.540094 
4.641225    0.540284 
4.645229    0.540473 
4.649234    0.540663 
4.653238    0.540852 
4.657243    0.541041 
4.661247    0.541230 
4.665252    0.541418 
4.669256    0.541607 
4.673261    0.541795 
4.677265    0.541983 
4.681270    0.542171 
4.685274    0.542358 
4.689279    0.542546 
4.693283    0.542733 
4.697288    0.542920 
4.701292    0.543107 
4.705297    0.543293 
4.709301    0.543480 
4.713306    0.543666 
4.717310    0.543852 
4.721315    0.544038 
4.725320    0.544223 
4.729324    0.544409 
4.733329    0.544594 
4.737333    0.544779 
4.741338    0.544964 
4.745342    0.545149 
4.749347    0.545333 
4.753351    0.545518 
4.757356    0.545702 
4.761360    0.545886 
4.765365    0.546069 
4.769369    0.546253 
4.773374    0.546436 
4.777378    0.546619 
4.781383    0.546802 
4.785387    0.546985 
4.789392    0.547168 
4.793396    0.547350 
4.797401    0.547532 
4.801405    0.547714 
4.805410    0.547896 
4.809414    0.548078 
4.813419    0.548259 
4.817423    0.548441 
4.821428    0.548622 
4.825432    0.548803 
4.829437    0.548984 
4.833441    0.549164 
4.837446    0.549345 
4.841450    0.549525 
4.845455    0.549705 
4.849459    0.549885 
4.853464    0.550064 
4.857468    0.550244 
4.861473    0.550423 
4.865477    0.550602 
4.869482    0.550781 
4.873486    0.550960 
4.877491    0.551139 
4.881495    0.551317 
4.885500    0.551495 
4.889504    0.551673 
4.893509    0.551851 
4.897513    0.552029 
4.901518    0.552206 
4.905522    0.552384 
4.909527    0.552561 
4.913531    0.552738 
4.917536    0.552915 
4.921540    0.553091 
4.925545    0.553268 
4.929549    0.553444 
4.933554    0.553620 
4.937558    0.553796 
4.941563    0.553972 
4.945567    0.554148 
4.949572    0.554323 
4.953576    0.554498 
4.957581    0.554673 
4.961585    0.554848 
4.965590    0.555023 
4.969595    0.555198 
4.973599    0.555372 
4.977604    0.555546 
4.981608    0.555720 
4.985613    0.555894 
4.989617    0.556068 
4.993622    0.556242 
4.997626    0.556415 
5.001631    0.556588 
5.005635    0.556761 
5.009640    0.556934 
5.013644    0.557107 
5.017649    0.557279 
5.021653    0.557452 
5.025658    0.557624 
5.029662    0.557796 
5.033667    0.557968 
5.037671    0.558140 
5.041676    0.558311 
5.045680    0.558482 
5.049685    0.558654 
5.053689    0.558825 
5.057694    0.558996 
5.061698    0.559166 
5.065703    0.559337 
5.069707    0.559507 
5.073712    0.559678 
5.077716    0.559848 
5.081721    0.560018 
5.085725    0.560187 
5.089730    0.560357 
5.093734    0.560526 
5.097739    0.560696 
5.101743    0.560865 
5.105748    0.561034 
5.109752    0.561202 
5.113757    0.561371 
5.117761    0.561539 
5.121766    0.561708 
5.125770    0.561876 
5.129775    0.562044 
5.133779    0.562212 
5.137784    0.562379 
5.141788    0.562547 
5.145793    0.562714 
5.149797    0.562881 
5.153802    0.563049 
5.157806    0.563215 
5.161811    0.563382 
5.165815    0.563549 
5.169820    0.563715 
5.173824    0.563881 
5.177829    0.564047 
5.181833    0.564213 
5.185838    0.564379 
5.189842    0.564545 
5.193847    0.564710 
5.197851    0.564876 
5.201856    0.565041 
5.205860    0.565206 
5.209865    0.565371 
5.213869    0.565535 
5.217874    0.565700 
5.221879    0.565864 
5.225883    0.566029 
5.229888    0.566193 
5.233892    0.566357 
5.237897    0.566520 
5.241901    0.566684 
5.245906    0.566848 
5.249910    0.567011 
5.253915    0.567174 
5.257919    0.567337 
5.261924    0.567500 
5.265928    0.567663 
5.269933    0.567825 
5.273937    0.567988 
5.277942    0.568150 
5.281946    0.568312 
5.285951    0.568474 
5.289955    0.568636 
5.293960    0.568798 
5.297964    0.568959 
5.301969    0.569121 
5.305973    0.569282 
5.309978    0.569443 
5.313982    0.569604 
5.317987    0.569765 
5.321991    0.569925 
5.325996    0.570086 
5.330000    0.570246 
5.334005    0.570407 
5.338009    0.570567 
5.342014    0.570727 
5.346018    0.570886 
5.350023    0.571046 
5.354027    0.571206 
5.358032    0.571365 
5.362036    0.571524 
5.366041    0.571683 
5.370045    0.571842 
5.374050    0.572001 
5.378054    0.572160 
5.382059    0.572318 
5.386063    0.572476 
5.390068    0.572635 
5.394072    0.572793 
5.398077    0.572951 
5.402081    0.573108 
5.406086    0.573266 
5.410090    0.573423 
5.414095    0.573581 
5.418099    0.573738 
5.422104    0.573895 
5.426108    0.574052 
5.430113    0.574209 
5.434117    0.574366 
5.438122    0.574522 
5.442126    0.574678 
5.446131    0.574835 
5.450135    0.574991 
5.454140    0.575147 
5.458144    0.575303 
5.462149    0.575458 
5.466154    0.575614 
5.470158    0.575769 
5.474163    0.575924 
5.478167    0.576080 
5.482172    0.576235 
5.486176    0.576389 
5.490181    0.576544 
5.494185    0.576699 
5.498190    0.576853 
5.502194    0.577007 
5.506199    0.577162 
5.510203    0.577316 
5.514208    0.577470 
5.518212    0.577623 
5.522217    0.577777 
5.526221    0.577930 
5.530226    0.578084 
5.534230    0.578237 
5.538235    0.578390 
5.542239    0.578543 
5.546244    0.578696 
5.550248    0.578849 
5.554253    0.579001 
5.558257    0.579154 
5.562262    0.579306 
5.566266    0.579458 
5.570271    0.579610 
5.574275    0.579762 
5.578280    0.579914 
5.582284    0.580065 
5.586289    0.580217 
5.590293    0.580368 
5.594298    0.580519 
5.598302    0.580670 
5.602307    0.580821 
5.606311    0.580972 
5.610316    0.581123 
5.614320    0.581273 
5.618325    0.581424 
5.622329    0.581574 
5.626334    0.581724 
5.630338    0.581874 
5.634343    0.582024 
5.638347    0.582174 
5.642352    0.582324 
5.646356    0.582473 
5.650361    0.582623 
5.654365    0.582772 
5.658370    0.582921 
5.662374    0.583070 
5.666379    0.583219 
5.670383    0.583368 
5.674388    0.583516 
5.678392    0.583665 
5.682397    0.583813 
5.686401    0.583962 
5.690406    0.584110 
5.694410    0.584258 
5.698415    0.584406 
5.702419    0.584553 
5.706424    0.584701 
5.710428    0.584848 
5.714433    0.584996 
5.718438    0.585143 
5.722442    0.585290 
5.726447    0.585437 
5.730451    0.585584 
5.734456    0.585731 
5.738460    0.585877 
5.742465    0.586024 
5.746469    0.586170 
5.750474    0.586316 
5.754478    0.586463 
5.758483    0.586608 
5.762487    0.586754 
5.766492    0.586900 
5.770496    0.587046 
5.774501    0.587191 
5.778505    0.587337 
5.782510    0.587482 
5.786514    0.587627 
5.790519    0.587772 
5.794523    0.587917 
5.798528    0.588062 
5.802532    0.588206 
5.806537    0.588351 
5.810541    0.588495 
5.814546    0.588639 
5.818550    0.588784 
5.822555    0.588928 
5.826559    0.589072 
5.830564    0.589215 
5.834568    0.589359 
5.838573    0.589503 
5.842577    0.589646 
5.846582    0.589789 
5.850586    0.589932 
5.854591    0.590076 
5.858595    0.590218 
5.862600    0.590361 
5.866604    0.590504 
5.870609    0.590647 
5.874613    0.590789 
5.878618    0.590931 
5.882622    0.591074 
5.886627    0.591216 
5.890631    0.591358 
5.894636    0.591500 
5.898640    0.591641 
5.902645    0.591783 
5.906649    0.591925 
5.910654    0.592066 
5.914658    0.592207 
5.918663    0.592348 
5.922667    0.592490 
5.926672    0.592630 
5.930676    0.592771 
5.934681    0.592912 
5.938685    0.593053 
5.942690    0.593193 
5.946694    0.593333 
5.950699    0.593474 
5.954703    0.593614 
5.958708    0.593754 
5.962713    0.593894 
5.966717    0.594033 
5.970722    0.594173 
5.974726    0.594313 
5.978731    0.594452 
5.982735    0.594591 
5.986740    0.594731 
5.990744    0.594870 
5.994749    0.595009 
5.998753    0.595148 
6.002758    0.595286 
6.006762    0.595425 
6.010767    0.595564 
6.014771    0.595702 
6.018776    0.595840 
6.022780    0.595978 
6.026785    0.596116 
6.030789    0.596254 
6.034794    0.596392 
6.038798    0.596530 
6.042803    0.596668 
6.046807    0.596805 
6.050812    0.596943 
6.054816    0.597080 
6.058821    0.597217 
6.062825    0.597354 
6.066830    0.597491 
6.070834    0.597628 
6.074839    0.597765 
6.078843    0.597901 
6.082848    0.598038 
6.086852    0.598174 
6.090857    0.598310 
6.094861    0.598447 
6.098866    0.598583 
6.102870    0.598719 
6.106875    0.598854 
6.110879    0.598990 
6.114884    0.599126 
6.118888    0.599261 
6.122893    0.599397 
6.126897    0.599532 
6.130902    0.599667 
6.134906    0.599802 
6.138911    0.599937 
6.142915    0.600072 
6.146920    0.600207 
6.150924    0.600342 
6.154929    0.600476 
6.158933    0.600611 
6.162938    0.600745 
6.166942    0.600879 
6.170947    0.601013 
6.174951    0.601147 
6.178956    0.601281 
6.182960    0.601415 
6.186965    0.601549 
6.190969    0.601682 
6.194974    0.601816 
6.198978    0.601949 
6.202983    0.602082 
6.206987    0.602215 
6.210992    0.602348 
6.214997    0.602481 
6.219001    0.602614 
6.223006    0.602747 
6.227010    0.602880 
6.231015    0.603012 
6.235019    0.603145 
6.239024    0.603277 
6.243028    0.603409 
6.247033    0.603541 
6.251037    0.603673 
6.255042    0.603805 
6.259046    0.603937 
6.263051    0.604068 
6.267055    0.604200 
6.271060    0.604332 
6.275064    0.604463 
6.279069    0.604594 
6.283073    0.604725 
6.287078    0.604856 
6.291082    0.604987 
6.295087    0.605118 
6.299091    0.605249 
6.303096    0.605380 
6.307100    0.605510 
6.311105    0.605641 
6.315109    0.605771 
6.319114    0.605901 
6.323118    0.606031 
6.327123    0.606161 
6.331127    0.606291 
6.335132    0.606421 
6.339136    0.606551 
6.343141    0.606680 
6.347145    0.606810 
6.351150    0.606939 
6.355154    0.607069 
6.359159    0.607198 
6.363163    0.607327 
6.367168    0.607456 
6.371172    0.607585 
6.375177    0.607714 
6.379181    0.607842 
6.383186    0.607971 
6.387190    0.608100 
6.391195    0.608228 
6.395199    0.608356 
6.399204    0.608484 
6.403208    0.608613 
6.407213    0.608741 
6.411217    0.608868 
6.415222    0.608996 
6.419226    0.609124 
6.423231    0.609252 
6.427235    0.609379 
6.431240    0.609507 
6.435244    0.609634 
6.439249    0.609761 
6.443253    0.609888 
6.447258    0.610015 
6.451262    0.610142 
6.455267    0.610269 
6.459272    0.610396 
6.463276    0.610522 
6.467281    0.610649 
6.471285    0.610775 
6.475290    0.610902 
6.479294    0.611028 
6.483299    0.611154 
6.487303    0.611280 
6.491308    0.611406 
6.495312    0.611532 
6.499317    0.611658 
6.503321    0.611783 
6.507326    0.611909 
6.511330    0.612034 
6.515335    0.612160 
6.519339    0.612285 
6.523344    0.612410 
6.527348    0.612535 
6.531353    0.612660 
6.535357    0.612785 
6.539362    0.612910 
6.543366    0.613035 
6.547371    0.613159 
6.551375    0.613284 
6.555380    0.613408 
6.559384    0.613533 
6.563389    0.613657 
6.567393    0.613781 
6.571398    0.613905 
6.575402    0.614029 
6.579407    0.614153 
6.583411    0.614277 
6.587416    0.614400 
6.591420    0.614524 
6.595425    0.614647 
6.599429    0.614771 
6.603434    0.614894 
6.607438    0.615017 
6.611443    0.615140 
6.615447    0.615263 
6.619452    0.615386 
6.623456    0.615509 
6.627461    0.615632 
6.631465    0.615754 
6.635470    0.615877 
6.639474    0.615999 
6.643479    0.616122 
6.647483    0.616244 
6.651488    0.616366 
6.655492    0.616488 
6.659497    0.616610 
6.663501    0.616732 
6.667506    0.616854 
6.671510    0.616976 
6.675515    0.617097 
6.679519    0.617219 
6.683524    0.617340 
6.687528    0.617462 
6.691533    0.617583 
6.695537    0.617704 
6.699542    0.617825 
6.703546    0.617946 
6.707551    0.618067 
6.711556    0.618188 
6.715560    0.618308 
6.719565    0.618429 
6.723569    0.618550 
6.727574    0.618670 
6.731578    0.618790 
6.735583    0.618911 
6.739587    0.619031 
6.743592    0.619151 
6.747596    0.619271 
6.751601    0.619391 
6.755605    0.619511 
6.759610    0.619630 
6.763614    0.619750 
6.767619    0.619870 
6.771623    0.619989 
6.775628    0.620108 
6.779632    0.620228 
6.783637    0.620347 
6.787641    0.620466 
6.791646    0.620585 
6.795650    0.620704 
6.799655    0.620823 
6.803659    0.620941 
6.807664    0.621060 
6.811668    0.621179 
6.815673    0.621297 
6.819677    0.621416 
6.823682    0.621534 
6.827686    0.621652 
6.831691    0.621770 
6.835695    0.621888 
6.839700    0.622006 
6.843704    0.622124 
6.847709    0.622242 
6.851713    0.622360 
6.855718    0.622477 
6.859722    0.622595 
6.863727    0.622712 
6.867731    0.622830 
6.871736    0.622947 
6.875740    0.623064 
6.879745    0.623181 
6.883749    0.623298 
6.887754    0.623415 
6.891758    0.623532 
6.895763    0.623649 
6.899767    0.623765 
6.903772    0.623882 
6.907776    0.623998 
6.911781    0.624115 
6.915785    0.624231 
6.919790    0.624347 
6.923794    0.624463 
6.927799    0.624580 
6.931803    0.624696 
6.935808    0.624811 
6.939812    0.624927 
6.943817    0.625043 
6.947821    0.625159 
6.951826    0.625274 
6.955831    0.625390 
6.959835    0.625505 
6.963840    0.625620 
6.967844    0.625736 
6.971849    0.625851 
6.975853    0.625966 
6.979858    0.626081 
6.983862    0.626196 
6.987867    0.626311 
6.991871    0.626425 
6.995876    0.626540 
6.999880    0.626654 
7.003885    0.626769 
7.007889    0.626883 
7.011894    0.626998 
7.015898    0.627112 
7.019903    0.627226 
7.023907    0.627340 
7.027912    0.627454 
7.031916    0.627568 
7.035921    0.627682 
7.039925    0.627795 
7.043930    0.627909 
7.047934    0.628023 
7.051939    0.628136 
7.055943    0.628250 
7.059948    0.628363 
7.063952    0.628476 
7.067957    0.628589 
7.071961    0.628702 
7.075966    0.628815 
7.079970    0.628928 
7.083975    0.629041 
7.087979    0.629154 
7.091984    0.629267 
7.095988    0.629379 
7.099993    0.629492 
7.103997    0.629604 
7.108002    0.629716 
7.112006    0.629829 
7.116011    0.629941 
7.120015    0.630053 
7.124020    0.630165 
7.128024    0.630277 
7.132029    0.630389 
7.136033    0.630501 
7.140038    0.630612 
7.144042    0.630724 
7.148047    0.630836 
7.152051    0.630947 
7.156056    0.631058 
7.160060    0.631170 
7.164065    0.631281 
7.168069    0.631392 
7.172074    0.631503 
7.176078    0.631614 
7.180083    0.631725 
7.184087    0.631836 
7.188092    0.631947 
7.192096    0.632057 
7.196101    0.632168 
7.200105    0.632279 
7.204110    0.632389 
7.208115    0.632499 
7.212119    0.632610 
7.216124    0.632720 
7.220128    0.632830 
7.224133    0.632940 
7.228137    0.633050 
7.232142    0.633160 
7.236146    0.633270 
7.240151    0.633379 
7.244155    0.633489 
7.248160    0.633599 
7.252164    0.633708 
7.256169    0.633818 
7.260173    0.633927 
7.264178    0.634036 
7.268182    0.634146 
7.272187    0.634255 
7.276191    0.634364 
7.280196    0.634473 
7.284200    0.634582 
7.288205    0.634690 
7.292209    0.634799 
7.296214    0.634908 
7.300218    0.635016 
7.304223    0.635125 
7.308227    0.635233 
7.312232    0.635342 
7.316236    0.635450 
7.320241    0.635558 
7.324245    0.635666 
7.328250    0.635774 
7.332254    0.635882 
7.336259    0.635990 
7.340263    0.636098 
7.344268    0.636206 
7.348272    0.636314 
7.352277    0.636421 
7.356281    0.636529 
7.360286    0.636636 
7.364290    0.636743 
7.368295    0.636851 
7.372299    0.636958 
7.376304    0.637065 
7.380308    0.637172 
7.384313    0.637279 
7.388317    0.637386 
7.392322    0.637493 
7.396326    0.637600 
7.400331    0.637707 
7.404335    0.637813 
7.408340    0.637920 
7.412344    0.638026 
7.416349    0.638133 
7.420353    0.638239 
7.424358    0.638345 
7.428362    0.638451 
7.432367    0.638558 
7.436371    0.638664 
7.440376    0.638770 
7.444380    0.638875 
7.448385    0.638981 
7.452390    0.639087 
7.456394    0.639193 
7.460399    0.639298 
7.464403    0.639404 
7.468408    0.639509 
7.472412    0.639615 
7.476417    0.639720 
7.480421    0.639825 
7.484426    0.639930 
7.488430    0.640036 
7.492435    0.640141 
7.496439    0.640246 
7.500444    0.640350 
7.504448    0.640455 
7.508453    0.640560 
7.512457    0.640665 
7.516462    0.640769 
7.520466    0.640874 
7.524471    0.640978 
7.528475    0.641083 
7.532480    0.641187 
7.536484    0.641291 
7.540489    0.641395 
7.544493    0.641499 
7.548498    0.641603 
7.552502    0.641707 
7.556507    0.641811 
7.560511    0.641915 
7.564516    0.642019 
7.568520    0.642122 
7.572525    0.642226 
7.576529    0.642329 
7.580534    0.642433 
7.584538    0.642536 
7.588543    0.642640 
7.592547    0.642743 
7.596552    0.642846 
7.600556    0.642949 
7.604561    0.643052 
7.608565    0.643155 
7.612570    0.643258 
7.616574    0.643361 
7.620579    0.643464 
7.624583    0.643566 
7.628588    0.643669 
7.632592    0.643771 
7.636597    0.643874 
7.640601    0.643976 
7.644606    0.644079 
7.648610    0.644181 
7.652615    0.644283 
7.656619    0.644385 
7.660624    0.644487 
7.664628    0.644589 
7.668633    0.644691 
7.672637    0.644793 
7.676642    0.644895 
7.680646    0.644996 
7.684651    0.645098 
7.688655    0.645200 
7.692660    0.645301 
7.696664    0.645403 
7.700669    0.645504 
7.704674    0.645605 
7.708678    0.645707 
7.712683    0.645808 
7.716687    0.645909 
7.720692    0.646010 
7.724696    0.646111 
7.728701    0.646212 
7.732705    0.646312 
7.736710    0.646413 
7.740714    0.646514 
7.744719    0.646615 
7.748723    0.646715 
7.752728    0.646816 
7.756732    0.646916 
7.760737    0.647016 
7.764741    0.647117 
7.768746    0.647217 
7.772750    0.647317 
7.776755    0.647417 
7.780759    0.647517 
7.784764    0.647617 
7.788768    0.647717 
7.792773    0.647817 
7.796777    0.647916 
7.800782    0.648016 
7.804786    0.648116 
7.808791    0.648215 
7.812795    0.648315 
7.816800    0.648414 
7.820804    0.648514 
7.824809    0.648613 
7.828813    0.648712 
7.832818    0.648811 
7.836822    0.648910 
7.840827    0.649009 
7.844831    0.649108 
7.848836    0.649207 
7.852840    0.649306 
7.856845    0.649405 
7.860849    0.649503 
7.864854    0.649602 
7.868858    0.649701 
7.872863    0.649799 
7.876867    0.649898 
7.880872    0.649996 
7.884876    0.650094 
7.888881    0.650192 
7.892885    0.650291 
7.896890    0.650389 
7.900894    0.650487 
7.904899    0.650585 
7.908903    0.650683 
7.912908    0.650780 
7.916912    0.650878 
7.920917    0.650976 
7.924921    0.651074 
7.928926    0.651171 
7.932930    0.651269 
7.936935    0.651366 
7.940939    0.651464 
7.944944    0.651561 
7.948949    0.651658 
7.952953    0.651755 
7.956958    0.651852 
7.960962    0.651950 
7.964967    0.652047 
7.968971    0.652143 
7.972976    0.652240 
7.976980    0.652337 
7.980985    0.652434 
7.984989    0.652531 
7.988994    0.652627 
7.992998    0.652724 
7.997003    0.652820 
8.001007    0.652917 
8.005012    0.653013 
