0.200125 0.049112
0.219638 0.053528
0.239150 0.057888
0.258662 0.062194
0.278174 0.066447
0.297686 0.070651
0.317199 0.074805
0.336711 0.078912
0.356223 0.082973
0.375735 0.086990
0.395247 0.090964
0.414760 0.094895
0.434272 0.098786
0.453784 0.102636
0.473296 0.106448
0.492809 0.110222
0.512321 0.113959
0.531833 0.117660
0.551345 0.121325
0.570857 0.124956
0.590370 0.128554
0.609882 0.132118
0.629394 0.135650
0.648906 0.139150
0.668418 0.142619
0.687931 0.146058
0.707443 0.149467
0.726955 0.152846
0.746467 0.156197
0.765980 0.159519
0.785492 0.162814
0.805004 0.166081
0.824516 0.169320
0.844028 0.172532
0.863541 0.175717
0.883053 0.178876
0.902565 0.182009
0.922077 0.185117
0.941589 0.188199
0.961102 0.191257
0.980614 0.194290
1.000126 0.197299
1.019638 0.200285
1.039151 0.203247
1.058663 0.206185
1.078175 0.209101
1.097687 0.211995
1.117199 0.214866
1.136712 0.217715
1.156224 0.220543
1.175736 0.223349
1.195248 0.226133
1.214761 0.228897
1.234273 0.231640
1.253785 0.234363
1.273297 0.237065
1.292809 0.239747
1.312322 0.242410
1.331834 0.245053
1.351346 0.247677
1.370858 0.250281
1.390370 0.252866
1.409883 0.255433
1.429395 0.257981
1.448907 0.260511
1.468419 0.263023
1.487932 0.265517
1.507444 0.267992
1.526956 0.270451
1.546468 0.272891
1.565980 0.275315
1.585493 0.277721
1.605005 0.280111
1.624517 0.282483
1.644029 0.284839
1.663541 0.287179
1.683054 0.289502
1.702566 0.291809
1.722078 0.294100
1.741590 0.296375
1.761103 0.298634
1.780615 0.300877
1.800127 0.303106
1.819639 0.305318
1.839151 0.307516
1.858664 0.309699
1.878176 0.311866
1.897688 0.314019
1.917200 0.316157
1.936712 0.318280
1.956225 0.320389
1.975737 0.322484
1.995249 0.324565
2.014761 0.326631
2.034274 0.328683
2.053786 0.330722
2.073298 0.332746
2.092810 0.334757
2.112322 0.336755
2.131835 0.338738
2.151347 0.340709
2.170859 0.342666
2.190371 0.344610
2.209884 0.346541
2.229396 0.348460
2.248908 0.350365
2.268420 0.352257
2.287932 0.354137
2.307445 0.356004
2.326957 0.357859
2.346469 0.359701
2.365981 0.361531
2.385493 0.363349
2.405006 0.365154
2.424518 0.366948
2.444030 0.368729
2.463542 0.370499
2.483055 0.372257
2.502567 0.374003
2.522079 0.375737
2.541591 0.377460
2.561103 0.379171
2.580616 0.380871
2.600128 0.382560
2.619640 0.384237
2.639152 0.385903
2.658664 0.387558
2.678177 0.389202
2.697689 0.390835
2.717201 0.392457
2.736713 0.394068
2.756226 0.395669
2.775738 0.397258
2.795250 0.398837
2.814762 0.400398
2.834274 0.401503
2.853787 0.402149
2.873299 0.402602
2.892811 0.402954
2.912323 0.403244
2.931836 0.403490
2.951348 0.403705
2.970860 0.403896
2.990372 0.404067
3.009884 0.404222
3.029397 0.404364
3.048909 0.404494
3.068421 0.404615
3.087933 0.404728
3.107445 0.404832
3.126958 0.404930
3.146470 0.405022
3.165982 0.405109
3.185494 0.405191
3.205007 0.405268
3.224519 0.405341
3.244031 0.405410
3.263543 0.405476
3.283055 0.405539
3.302568 0.405598
3.322080 0.405655
3.341592 0.405710
3.361104 0.405761
3.380616 0.405811
3.400129 0.405858
3.419641 0.405904
3.439153 0.405947
3.458665 0.405989
3.478178 0.406029
3.497690 0.406067
3.517202 0.406104
3.536714 0.406139
3.556226 0.406173
3.575739 0.406206
3.595251 0.406237
3.614763 0.406268
3.634275 0.406297
3.653787 0.406325
3.673300 0.406352
3.692812 0.406377
3.712324 0.406402
3.731836 0.406426
3.751349 0.406449
3.770861 0.406472
3.790373 0.406493
3.809885 0.406514
3.829397 0.406534
3.848910 0.406553
3.868422 0.406572
3.887934 0.406589
3.907446 0.406607
3.926959 0.406623
3.946471 0.406639
3.965983 0.406654
3.985495 0.406669
4.005007 0.406683
4.024520 0.406697
4.044032 0.406710
4.063544 0.406723
4.083056 0.406735
4.102568 0.406747
4.122081 0.406759
4.141593 0.406769
4.161105 0.406780
4.180617 0.406790
4.200130 0.406800
4.219642 0.406809
4.239154 0.406818
4.258666 0.406826
4.278178 0.406835
4.297691 0.406843
4.317203 0.406850
4.336715 0.406857
4.356227 0.406864
4.375739 0.406871
4.395252 0.406877
4.414764 0.406883
4.434276 0.406889
4.453788 0.406894
4.473301 0.406900
4.492813 0.406905
4.512325 0.406909
4.531837 0.406914
4.551349 0.406918
4.570862 0.406922
4.590374 0.406926
4.609886 0.406929
4.629398 0.406933
4.648910 0.406936
4.668423 0.406939
4.687935 0.406941
4.707447 0.406944
4.726959 0.406946
4.746472 0.406949
4.765984 0.406951
4.785496 0.406952
4.805008 0.406954
4.824520 0.406955
4.844033 0.406957
4.863545 0.406958
4.883057 0.406959
4.902569 0.406960
4.922082 0.406961
4.941594 0.406961
4.961106 0.406962
4.980618 0.406962
5.000130 0.406962
5.019643 0.406962
5.039155 0.406962
5.058667 0.406962
5.078179 0.406961
5.097691 0.406961
5.117204 0.406960
5.136716 0.406960
5.156228 0.406959
5.175740 0.406958
5.195253 0.406957
5.214765 0.406956
5.234277 0.406954
5.253789 0.406953
5.273301 0.406952
5.292814 0.406950
5.312326 0.406948
5.331838 0.406947
5.351350 0.406945
5.370862 0.406943
5.390375 0.406941
5.409887 0.406939
5.429399 0.406937
5.448911 0.406935
5.468424 0.406932
5.487936 0.406930
5.507448 0.406928
5.526960 0.406925
5.546472 0.406922
5.565985 0.406920
5.585497 0.406917
5.605009 0.406914
5.624521 0.406911
5.644034 0.406908
5.663546 0.406905
5.683058 0.406902
5.702570 0.406899
5.722082 0.406896
5.741595 0.406893
5.761107 0.406889
5.780619 0.406886
5.800131 0.406883
5.819643 0.406879
5.839156 0.406876
5.858668 0.406872
5.878180 0.406868
5.897692 0.406865
5.917205 0.406861
5.936717 0.406857
5.956229 0.406853
5.975741 0.406849
5.995253 0.406846
6.014766 0.406842
6.034278 0.406838
6.053790 0.406834
6.073302 0.406829
6.092814 0.406825
6.112327 0.406821
6.131839 0.406817
6.151351 0.406813
6.170863 0.406808
6.190376 0.406804
6.209888 0.406800
6.229400 0.406795
6.248912 0.406791
6.268424 0.406786
6.287937 0.406782
6.307449 0.406777
6.326961 0.406773
6.346473 0.406768
6.365985 0.406763
6.385498 0.406759
6.405010 0.406754
6.424522 0.406749
6.444034 0.406745
6.463547 0.406740
6.483059 0.406735
6.502571 0.406730
6.522083 0.406725
6.541595 0.406720
6.561108 0.406716
6.580620 0.406711
6.600132 0.406706
6.619644 0.406701
6.639157 0.406696
6.658669 0.406691
6.678181 0.406685
6.697693 0.406680
6.717205 0.406675
6.736718 0.406670
6.756230 0.406665
6.775742 0.406660
6.795254 0.406655
6.814766 0.406649
6.834279 0.406644
6.853791 0.406639
6.873303 0.406634
6.892815 0.406628
6.912328 0.406623
6.931840 0.406618
6.951352 0.406612
6.970864 0.406607
6.990376 0.406602
7.009889 0.406596
7.029401 0.406591
7.048913 0.406585
7.068425 0.406580
7.087937 0.406574
7.107450 0.406569
7.126962 0.406563
7.146474 0.406558
7.165986 0.406552
7.185499 0.406547
7.205011 0.406541
7.224523 0.406536
7.244035 0.406530
7.263547 0.406524
7.283060 0.406519
7.302572 0.406513
7.322084 0.406508
7.341596 0.406502
7.361108 0.406496
7.380621 0.406491
7.400133 0.406485
7.419645 0.406479
7.439157 0.406473
7.458670 0.406468
7.478182 0.406462
7.497694 0.406456
7.517206 0.406450
7.536718 0.406445
7.556231 0.406439
7.575743 0.406433
7.595255 0.406427
7.614767 0.406422
7.634280 0.406416
7.653792 0.406410
7.673304 0.406404
7.692816 0.406398
7.712328 0.406392
7.731841 0.406387
7.751353 0.406381
7.770865 0.406375
7.790377 0.406369
7.809889 0.406363
7.829402 0.406357
7.848914 0.406351
7.868426 0.406345
7.887938 0.406339
7.907451 0.406333
7.926963 0.406327
7.946475 0.406322
7.965987 0.406316
7.985499 0.406310
