0.040025  0.999266   0.000734   
0.060038  0.998747   0.001253   
0.080050  0.998142   0.001858   
0.100063  0.997472   0.002528   
0.120075  0.996742   0.003258   
0.140088  0.995961   0.004039   
0.160100  0.995132   0.004868   
0.180113  0.994261   0.005739   
0.200125  0.993351   0.006649   
0.220138  0.992408   0.007592   
0.240150  0.991434   0.008566   
0.260163  0.990432   0.009568   
0.280175  0.989407   0.010593   
0.300188  0.988360   0.011640   
0.320200  0.987295   0.012705   
0.340213  0.986213   0.013787   
0.360226  0.985119   0.014881   
0.380238  0.984013   0.015987   
0.400251  0.982898   0.017102   
0.420263  0.981776   0.018224   
0.440276  0.980644   0.019356   
0.460288  0.979513   0.020487   
0.480301  0.978379   0.021621   
0.500313  0.977246   0.022754   
0.520326  0.976113   0.023887   
0.540338  0.974982   0.025018   
0.560351  0.973854   0.026146   
0.580363  0.972730   0.027270   
0.600376  0.971612   0.028388   
0.620388  0.970500   0.029500   
0.640401  0.969395   0.030605   
0.660413  0.968297   0.031703   
0.680426  0.967208   0.032792   
0.700439  0.966128   0.033872   
0.720451  0.965057   0.034943   
0.740464  0.963996   0.036004   
0.760476  0.962946   0.037054   
0.780489  0.961906   0.038094   
0.800501  0.960878   0.039122   
0.820514  0.959758   0.040242   
0.840526  0.958482   0.041518   
0.860539  0.957145   0.042855   
0.880551  0.955773   0.044227   
0.900564  0.954381   0.045619   
0.920576  0.952980   0.047020   
0.940589  0.951576   0.048424   
0.960601  0.950175   0.049825   
0.980614  0.948779   0.051221   
1.000626  0.947393   0.052607   
1.020639  0.946018   0.053982   
1.040652  0.944656   0.055344   
1.060664  0.943308   0.056692   
1.080677  0.941977   0.058023   
1.100689  0.940662   0.059338   
1.120702  0.939365   0.060635   
1.140714  0.938086   0.061914   
1.160727  0.936825   0.063175   
1.180739  0.935582   0.064418   
1.200752  0.934358   0.065642   
1.220764  0.933153   0.066847   
1.240777  0.931967   0.068033   
1.260789  0.930799   0.069201   
1.280802  0.929651   0.070349   
1.300814  0.928521   0.071479   
1.320827  0.927409   0.072591   
1.340839  0.926315   0.073685   
1.360852  0.925240   0.074760   
1.380865  0.924182   0.075818   
1.400877  0.923142   0.076858   
1.420890  0.922120   0.077880   
1.440902  0.921114   0.078886   
1.460915  0.920125   0.079875   
1.480927  0.919153   0.080847   
1.500940  0.918196   0.081804   
1.520952  0.917256   0.082744   
1.540965  0.916331   0.083669   
1.560977  0.915422   0.084578   
1.580990  0.914528   0.085472   
1.601002  0.913648   0.086352   
1.621015  0.912783   0.087217   
1.641027  0.911932   0.088068   
1.661040  0.911095   0.088905   
1.681052  0.910271   0.089729   
1.701065  0.909461   0.090539   
1.721077  0.908663   0.091337   
1.741090  0.907879   0.092121   
1.761103  0.907107   0.092893   
1.781115  0.906347   0.093653   
1.801128  0.905599   0.094401   
1.821140  0.904862   0.095138   
1.841153  0.904137   0.095863   
1.861165  0.903424   0.096576   
1.881178  0.902721   0.097279   
1.901190  0.902029   0.097971   
1.921203  0.901347   0.098653   
1.941215  0.900675   0.099325   
1.961228  0.900014   0.099986   
1.981240  0.899362   0.100638   
2.001253  0.898720   0.101280   
2.021265  0.898087   0.101913   
2.041278  0.897463   0.102537   
2.061290  0.896849   0.103151   
2.081303  0.896243   0.103757   
2.101316  0.895645   0.104355   
2.121328  0.895056   0.104944   
2.141341  0.894475   0.105525   
2.161353  0.893902   0.106098   
2.181366  0.893337   0.106663   
2.201378  0.892779   0.107221   
2.221391  0.892229   0.107771   
2.241403  0.891686   0.108314   
2.261416  0.891151   0.108849   
2.281428  0.890622   0.109378   
2.301441  0.890100   0.109900   
2.321453  0.889585   0.110415   
2.341466  0.889077   0.110923   
2.361478  0.888574   0.111426   
2.381491  0.888079   0.111921   
2.401503  0.887589   0.112411   
2.421516  0.887105   0.112895   
2.441529  0.886627   0.113373   
2.461541  0.886155   0.113845   
2.481554  0.885689   0.114311   
2.501566  0.885228   0.114772   
2.521579  0.884772   0.115228   
2.541591  0.884322   0.115678   
2.561604  0.883876   0.116124   
2.581616  0.883436   0.116564   
2.601629  0.883001   0.116999   
2.621641  0.882571   0.117429   
2.641654  0.882145   0.117855   
2.661666  0.881724   0.118276   
2.681679  0.881308   0.118692   
2.701691  0.880896   0.119104   
2.721704  0.880489   0.119511   
2.741716  0.880086   0.119914   
2.761729  0.879687   0.120313   
2.781742  0.879292   0.120708   
2.801754  0.878901   0.121099   
2.821767  0.878514   0.121486   
2.841779  0.878131   0.121869   
2.861792  0.877752   0.122248   
2.881804  0.877376   0.122624   
2.901817  0.877004   0.122996   
2.921829  0.876636   0.123364   
2.941842  0.876271   0.123729   
2.961854  0.875910   0.124090   
2.981867  0.875552   0.124448   
3.001879  0.875198   0.124802   
3.021892  0.874846   0.125154   
3.041904  0.874498   0.125502   
3.061917  0.874153   0.125847   
3.081929  0.873811   0.126189   
3.101942  0.873473   0.126527   
3.121955  0.873137   0.126863   
3.141967  0.872804   0.127196   
3.161980  0.872474   0.127526   
3.181992  0.872146   0.127854   
3.202005  0.871822   0.128178   
3.222017  0.871500   0.128500   
3.242030  0.871181   0.128819   
3.262042  0.870864   0.129136   
3.282055  0.870550   0.129450   
3.302067  0.870239   0.129761   
3.322080  0.869930   0.130070   
3.342092  0.869623   0.130377   
3.362105  0.869319   0.130681   
3.382117  0.869017   0.130983   
3.402130  0.868718   0.131282   
3.422142  0.868421   0.131579   
3.442155  0.868126   0.131874   
3.462168  0.867833   0.132167   
3.482180  0.867543   0.132457   
3.502193  0.867254   0.132746   
3.522205  0.866968   0.133032   
3.542218  0.866684   0.133316   
3.562230  0.866402   0.133598   
3.582243  0.866121   0.133879   
3.602255  0.865843   0.134157   
3.622268  0.865567   0.134433   
3.642280  0.865292   0.134708   
3.662293  0.865020   0.134980   
3.682305  0.864749   0.135251   
3.702318  0.864481   0.135519   
3.722330  0.864214   0.135786   
3.742343  0.863948   0.136052   
3.762355  0.863685   0.136315   
3.782368  0.863423   0.136577   
3.802381  0.863163   0.136837   
3.822393  0.862905   0.137095   
3.842406  0.862648   0.137352   
3.862418  0.862393   0.137607   
3.882431  0.862139   0.137861   
3.902443  0.861887   0.138113   
3.922456  0.861637   0.138363   
3.942468  0.861388   0.138612   
3.962481  0.861140   0.138860   
3.982493  0.860894   0.139106   
4.002506  0.860650   0.139350   
4.022518  0.860407   0.139593   
4.042531  0.860165   0.139835   
4.062543  0.859902   0.140098   
4.082556  0.859607   0.140393   
4.102568  0.859291   0.140709   
4.122581  0.858962   0.141038   
4.142594  0.858626   0.141374   
4.162606  0.858285   0.141715   
4.182619  0.857941   0.142059   
4.202631  0.857595   0.142405   
4.222644  0.857247   0.142753   
4.242656  0.856898   0.143102   
4.262669  0.856549   0.143451   
4.282681  0.856200   0.143800   
4.302694  0.855851   0.144149   
4.322706  0.855502   0.144498   
4.342719  0.855154   0.144846   
4.362731  0.854806   0.145194   
4.382744  0.854459   0.145541   
4.402756  0.854112   0.145888   
4.422769  0.853766   0.146234   
4.442781  0.853422   0.146578   
4.462794  0.853078   0.146922   
4.482807  0.852735   0.147265   
4.502819  0.852392   0.147608   
4.522832  0.852051   0.147949   
4.542844  0.851711   0.148289   
4.562857  0.851372   0.148628   
4.582869  0.851034   0.148966   
4.602882  0.850697   0.149303   
4.622894  0.850361   0.149639   
4.642907  0.850026   0.149974   
4.662919  0.849693   0.150307   
4.682932  0.849360   0.150640   
4.702944  0.849028   0.150972   
4.722957  0.848698   0.151302   
4.742969  0.848369   0.151631   
4.762982  0.848040   0.151960   
4.782994  0.847713   0.152287   
4.803007  0.847387   0.152613   
4.823019  0.847062   0.152938   
4.843032  0.846739   0.153261   
4.863045  0.846416   0.153584   
4.883057  0.846094   0.153906   
4.903070  0.845774   0.154226   
4.923082  0.845455   0.154545   
4.943095  0.845136   0.154864   
4.963107  0.844819   0.155181   
4.983120  0.844503   0.155497   
5.003132  0.844188   0.155812   
5.023145  0.843874   0.156126   
5.043157  0.843561   0.156439   
5.063170  0.843250   0.156750   
5.083182  0.842939   0.157061   
5.103195  0.842629   0.157371   
5.123207  0.842321   0.157679   
5.143220  0.842013   0.157987   
5.163232  0.841707   0.158293   
5.183245  0.841401   0.158599   
5.203258  0.841097   0.158903   
5.223270  0.840794   0.159206   
5.243283  0.840491   0.159509   
5.263295  0.840190   0.159810   
5.283308  0.839890   0.160110   
5.303320  0.839590   0.160410   
5.323333  0.839292   0.160708   
5.343345  0.838995   0.161005   
5.363358  0.838699   0.161301   
5.383370  0.838403   0.161597   
5.403383  0.838109   0.161891   
5.423395  0.837816   0.162184   
5.443408  0.837523   0.162477   
5.463420  0.837232   0.162768   
5.483433  0.836942   0.163058   
5.503445  0.836652   0.163348   
5.523458  0.836364   0.163636   
5.543471  0.836076   0.163924   
5.563483  0.835790   0.164210   
5.583496  0.835504   0.164496   
5.603508  0.835219   0.164781   
5.623521  0.834935   0.165065   
5.643533  0.834653   0.165347   
5.663546  0.834371   0.165629   
5.683558  0.834090   0.165910   
5.703571  0.833809   0.166191   
5.723583  0.833530   0.166470   
5.743596  0.833252   0.166748   
5.763608  0.832974   0.167026   
5.783621  0.832698   0.167302   
5.803633  0.832422   0.167578   
5.823646  0.832147   0.167853   
5.843658  0.831873   0.168127   
5.863671  0.831600   0.168400   
5.883684  0.831328   0.168672   
5.903696  0.831056   0.168944   
5.923709  0.830786   0.169214   
5.943721  0.830516   0.169484   
5.963734  0.830247   0.169753   
5.983746  0.829979   0.170021   
6.003759  0.829712   0.170288   
6.023771  0.829446   0.170554   
6.043784  0.829180   0.170820   
6.063796  0.828915   0.171085   
6.083809  0.828651   0.171349   
6.103821  0.828388   0.171612   
6.123834  0.828126   0.171874   
6.143846  0.827864   0.172136   
6.163859  0.827604   0.172396   
6.183871  0.827344   0.172656   
6.203884  0.827084   0.172916   
6.223897  0.826826   0.173174   
6.243909  0.826568   0.173432   
6.263922  0.826311   0.173689   
6.283934  0.826055   0.173945   
6.303947  0.825800   0.174200   
6.323959  0.825545   0.174455   
6.343972  0.825292   0.174708   
6.363984  0.825038   0.174962   
6.383997  0.824786   0.175214   
6.404009  0.824534   0.175466   
6.424022  0.824284   0.175716   
6.444034  0.824033   0.175967   
6.464047  0.823784   0.176216   
6.484059  0.823535   0.176465   
6.504072  0.823287   0.176713   
6.524084  0.823040   0.176960   
6.544097  0.822793   0.177207   
6.564110  0.822548   0.177452   
6.584122  0.822302   0.177698   
6.604135  0.822058   0.177942   
6.624147  0.821814   0.178186   
6.644160  0.821571   0.178429   
6.664172  0.821329   0.178671   
6.684185  0.821087   0.178913   
6.704197  0.820846   0.179154   
6.724210  0.820605   0.179395   
6.744222  0.820366   0.179634   
6.764235  0.820127   0.179873   
6.784247  0.819888   0.180112   
6.804260  0.819651   0.180349   
6.824272  0.819414   0.180586   
6.844285  0.819177   0.180823   
6.864297  0.818941   0.181059   
6.884310  0.818706   0.181294   
6.904323  0.818472   0.181528   
6.924335  0.818238   0.181762   
6.944348  0.818005   0.181995   
6.964360  0.817772   0.182228   
6.984373  0.817540   0.182460   
7.004385  0.817309   0.182691   
7.024398  0.817078   0.182922   
7.044410  0.816848   0.183152   
7.064423  0.816619   0.183381   
7.084435  0.816390   0.183610   
7.104448  0.816162   0.183838   
7.124460  0.815934   0.184066   
7.144473  0.815707   0.184293   
7.164485  0.815481   0.184519   
7.184498  0.815255   0.184745   
7.204510  0.815030   0.184970   
7.224523  0.814805   0.185195   
7.244536  0.814581   0.185419   
7.264548  0.814357   0.185643   
7.284561  0.814135   0.185865   
7.304573  0.813912   0.186088   
7.324586  0.813690   0.186310   
7.344598  0.813469   0.186531   
7.364611  0.813249   0.186751   
7.384623  0.813029   0.186971   
7.404636  0.812809   0.187191   
7.424648  0.812590   0.187410   
7.444661  0.812372   0.187628   
7.464673  0.812154   0.187846   
7.484686  0.811937   0.188063   
7.504698  0.811720   0.188280   
7.524711  0.811504   0.188496   
7.544723  0.811288   0.188712   
7.564736  0.811073   0.188927   
7.584749  0.810859   0.189141   
7.604761  0.810645   0.189355   
7.624774  0.810431   0.189569   
7.644786  0.810218   0.189782   
7.664799  0.810006   0.189994   
7.684811  0.809794   0.190206   
7.704824  0.809583   0.190417   
7.724836  0.809372   0.190628   
7.744849  0.809162   0.190838   
7.764861  0.808952   0.191048   
7.784874  0.808743   0.191257   
7.804886  0.808534   0.191466   
7.824899  0.808326   0.191674   
7.844911  0.808118   0.191882   
7.864924  0.807910   0.192090   
7.884936  0.807704   0.192296   
7.904949  0.807497   0.192503   
7.924962  0.807292   0.192708   
7.944974  0.807086   0.192914   
7.964987  0.806882   0.193118   
7.984999  0.806677   0.193323   
8.005012  0.806473   0.193527   
