0.030009   0.998853  0.001147  0.000000  0.000000  0.000000  0.000000  0.000000  0.000000  
0.040005   0.998284  0.001716  0.000000  0.000000  0.000000  0.000000  0.000000  0.000000  
0.050001   0.997651  0.002349  0.000000  0.000000  0.000000  0.000000  0.000000  0.000000  
0.059998   0.996973  0.003027  0.000000  0.000000  0.000000  0.000000  0.000000  0.000000  
0.069994   0.996258  0.003742  0.000000  0.000000  0.000000  0.000000  0.000000  0.000000  
0.079990   0.995513  0.004487  0.000000  0.000000  0.000000  0.000000  0.000000  0.000000  
0.089986   0.994747  0.005253  0.000000  0.000000  0.000000  0.000000  0.000000  0.000000  
0.099983   0.993963  0.006037  0.000000  0.000000  0.000000  0.000000  0.000000  0.000000  
0.109979   0.993166  0.006834  0.000000  0.000000  0.000000  0.000000  0.000000  0.000000  
0.119975   0.992360  0.007640  0.000000  0.000000  0.000000  0.000000  0.000000  0.000000  
0.129971   0.991550  0.008450  0.000000  0.000000  0.000000  0.000000  0.000000  0.000000  
0.139968   0.990737  0.009263  0.000000  0.000000  0.000000  0.000000  0.000000  0.000000  
0.149964   0.989923  0.010077  0.000000  0.000000  0.000000  0.000000  0.000000  0.000000  
0.159960   0.989112  0.010888  0.000000  0.000000  0.000000  0.000000  0.000000  0.000000  
0.169956   0.988305  0.011695  0.000000  0.000000  0.000000  0.000000  0.000000  0.000000  
0.179953   0.987503  0.012497  0.000000  0.000000  0.000000  0.000000  0.000000  0.000000  
0.189949   0.986708  0.013292  0.000000  0.000000  0.000000  0.000000  0.000000  0.000000  
0.199945   0.985920  0.014080  0.000000  0.000000  0.000000  0.000000  0.000000  0.000000  
0.209941   0.985141  0.014859  0.000000  0.000000  0.000000  0.000000  0.000000  0.000000  
0.219937   0.984372  0.015628  0.000000  0.000000  0.000000  0.000000  0.000000  0.000000  
0.229934   0.983612  0.016388  0.000000  0.000000  0.000000  0.000000  0.000000  0.000000  
0.239930   0.982864  0.017136  0.000000  0.000000  0.000000  0.000000  0.000000  0.000000  
0.249926   0.982126  0.017874  0.000000  0.000000  0.000000  0.000000  0.000000  0.000000  
0.259922   0.981399  0.018601  0.000000  0.000000  0.000000  0.000000  0.000000  0.000000  
0.269919   0.980685  0.019315  0.000000  0.000000  0.000000  0.000000  0.000000  0.000000  
0.279915   0.979982  0.020018  0.000000  0.000000  0.000000  0.000000  0.000000  0.000000  
0.289911   0.979291  0.020709  0.000000  0.000000  0.000000  0.000000  0.000000  0.000000  
0.299907   0.978611  0.021389  0.000000  0.000000  0.000000  0.000000  0.000000  0.000000  
0.309904   0.977944  0.022056  0.000000  0.000000  0.000000  0.000000  0.000000  0.000000  
0.319900   0.977289  0.022711  0.000000  0.000000  0.000000  0.000000  0.000000  0.000000  
0.329896   0.976646  0.023354  0.000000  0.000000  0.000000  0.000000  0.000000  0.000000  
0.339892   0.976015  0.023985  0.000000  0.000000  0.000000  0.000000  0.000000  0.000000  
0.349889   0.975395  0.024605  0.000000  0.000000  0.000000  0.000000  0.000000  0.000000  
0.359885   0.974788  0.025212  0.000000  0.000000  0.000000  0.000000  0.000000  0.000000  
0.369881   0.974192  0.025808  0.000000  0.000000  0.000000  0.000000  0.000000  0.000000  
0.379877   0.973607  0.026393  0.000000  0.000000  0.000000  0.000000  0.000000  0.000000  
0.389874   0.973033  0.026967  0.000000  0.000000  0.000000  0.000000  0.000000  0.000000  
0.399870   0.972471  0.027529  0.000000  0.000000  0.000000  0.000000  0.000000  0.000000  
0.409866   0.971919  0.028081  0.000000  0.000000  0.000000  0.000000  0.000000  0.000000  
0.419862   0.971378  0.028622  0.000000  0.000000  0.000000  0.000000  0.000000  0.000000  
0.429859   0.970848  0.029152  0.000000  0.000000  0.000000  0.000000  0.000000  0.000000  
0.439855   0.970328  0.029672  0.000000  0.000000  0.000000  0.000000  0.000000  0.000000  
0.449851   0.969818  0.030182  0.000000  0.000000  0.000000  0.000000  0.000000  0.000000  
0.459847   0.969318  0.030682  0.000000  0.000000  0.000000  0.000000  0.000000  0.000000  
0.469844   0.968827  0.031173  0.000000  0.000000  0.000000  0.000000  0.000000  0.000000  
0.479840   0.968346  0.031654  0.000000  0.000000  0.000000  0.000000  0.000000  0.000000  
0.489836   0.967874  0.032126  0.000000  0.000000  0.000000  0.000000  0.000000  0.000000  
0.499832   0.967411  0.032589  0.000000  0.000000  0.000000  0.000000  0.000000  0.000000  
0.509829   0.966957  0.033043  0.000000  0.000000  0.000000  0.000000  0.000000  0.000000  
0.519825   0.966512  0.033488  0.000000  0.000000  0.000000  0.000000  0.000000  0.000000  
0.529821   0.966075  0.033925  0.000000  0.000000  0.000000  0.000000  0.000000  0.000000  
0.539817   0.965646  0.034354  0.000000  0.000000  0.000000  0.000000  0.000000  0.000000  
0.549814   0.965225  0.034775  0.000000  0.000000  0.000000  0.000000  0.000000  0.000000  
0.559810   0.964811  0.035189  0.000000  0.000000  0.000000  0.000000  0.000000  0.000000  
0.569806   0.964405  0.035595  0.000000  0.000000  0.000000  0.000000  0.000000  0.000000  
0.579802   0.964007  0.035993  0.000000  0.000000  0.000000  0.000000  0.000000  0.000000  
0.589799   0.963616  0.036384  0.000000  0.000000  0.000000  0.000000  0.000000  0.000000  
0.599795   0.963231  0.036769  0.000000  0.000000  0.000000  0.000000  0.000000  0.000000  
0.609791   0.962854  0.037146  0.000000  0.000000  0.000000  0.000000  0.000000  0.000000  
0.619787   0.962483  0.037517  0.000000  0.000000  0.000000  0.000000  0.000000  0.000000  
0.629784   0.962118  0.037882  0.000000  0.000000  0.000000  0.000000  0.000000  0.000000  
0.639780   0.961759  0.038241  0.000000  0.000000  0.000000  0.000000  0.000000  0.000000  
0.649776   0.961407  0.038593  0.000000  0.000000  0.000000  0.000000  0.000000  0.000000  
0.659772   0.961060  0.038940  0.000000  0.000000  0.000000  0.000000  0.000000  0.000000  
0.669769   0.960719  0.039281  0.000000  0.000000  0.000000  0.000000  0.000000  0.000000  
0.679765   0.960383  0.039617  0.000000  0.000000  0.000000  0.000000  0.000000  0.000000  
0.689761   0.960052  0.039948  0.000000  0.000000  0.000000  0.000000  0.000000  0.000000  
0.699757   0.959727  0.040273  0.000000  0.000000  0.000000  0.000000  0.000000  0.000000  
0.709754   0.959406  0.040594  0.000000  0.000000  0.000000  0.000000  0.000000  0.000000  
0.719750   0.959091  0.040909  0.000000  0.000000  0.000000  0.000000  0.000000  0.000000  
0.729746   0.958780  0.041220  0.000000  0.000000  0.000000  0.000000  0.000000  0.000000  
0.739742   0.958473  0.041527  0.000000  0.000000  0.000000  0.000000  0.000000  0.000000  
0.749739   0.958171  0.041829  0.000000  0.000000  0.000000  0.000000  0.000000  0.000000  
0.759735   0.957863  0.042137  0.000000  0.000000  0.000000  0.000000  0.000000  0.000000  
0.769731   0.957506  0.042494  0.000000  0.000000  0.000000  0.000000  0.000000  0.000000  
0.779727   0.957125  0.042875  0.000000  0.000000  0.000000  0.000000  0.000000  0.000000  
0.789724   0.956729  0.043271  0.000000  0.000000  0.000000  0.000000  0.000000  0.000000  
0.799720   0.956323  0.043677  0.000000  0.000000  0.000000  0.000000  0.000000  0.000000  
0.809716   0.955911  0.044089  0.000000  0.000000  0.000000  0.000000  0.000000  0.000000  
0.819712   0.955493  0.044507  0.000000  0.000000  0.000000  0.000000  0.000000  0.000000  
0.829709   0.955071  0.044929  0.000000  0.000000  0.000000  0.000000  0.000000  0.000000  
0.839705   0.954647  0.045353  0.000000  0.000000  0.000000  0.000000  0.000000  0.000000  
0.849701   0.954221  0.045779  0.000000  0.000000  0.000000  0.000000  0.000000  0.000000  
0.859697   0.953794  0.046206  0.000000  0.000000  0.000000  0.000000  0.000000  0.000000  
0.869694   0.953367  0.046633  0.000000  0.000000  0.000000  0.000000  0.000000  0.000000  
0.879690   0.952939  0.047061  0.000000  0.000000  0.000000  0.000000  0.000000  0.000000  
0.889686   0.952512  0.047488  0.000000  0.000000  0.000000  0.000000  0.000000  0.000000  
0.899682   0.952085  0.047915  0.000000  0.000000  0.000000  0.000000  0.000000  0.000000  
0.909679   0.951659  0.048341  0.000000  0.000000  0.000000  0.000000  0.000000  0.000000  
0.919675   0.951234  0.048766  0.000000  0.000000  0.000000  0.000000  0.000000  0.000000  
0.929671   0.950810  0.049190  0.000000  0.000000  0.000000  0.000000  0.000000  0.000000  
0.939667   0.950387  0.049613  0.000000  0.000000  0.000000  0.000000  0.000000  0.000000  
0.949664   0.949966  0.050034  0.000000  0.000000  0.000000  0.000000  0.000000  0.000000  
0.959660   0.949546  0.050454  0.000000  0.000000  0.000000  0.000000  0.000000  0.000000  
0.969656   0.949128  0.050872  0.000000  0.000000  0.000000  0.000000  0.000000  0.000000  
0.979652   0.948711  0.051289  0.000000  0.000000  0.000000  0.000000  0.000000  0.000000  
0.989649   0.948295  0.051705  0.000000  0.000000  0.000000  0.000000  0.000000  0.000000  
0.999645   0.947882  0.052118  0.000000  0.000000  0.000000  0.000000  0.000000  0.000000  
1.009641   0.947470  0.052530  0.000000  0.000000  0.000000  0.000000  0.000000  0.000000  
1.019637   0.947060  0.052940  0.000000  0.000000  0.000000  0.000000  0.000000  0.000000  
1.029634   0.946653  0.053347  0.000000  0.000000  0.000000  0.000000  0.000000  0.000000  
1.039630   0.946248  0.053752  0.000000  0.000000  0.000000  0.000000  0.000000  0.000000  
1.049626   0.945846  0.054154  0.000000  0.000000  0.000000  0.000000  0.000000  0.000000  
1.059622   0.945447  0.054553  0.000000  0.000000  0.000000  0.000000  0.000000  0.000000  
1.069619   0.945050  0.054950  0.000000  0.000000  0.000000  0.000000  0.000000  0.000000  
1.079615   0.944655  0.055345  0.000000  0.000000  0.000000  0.000000  0.000000  0.000000  
1.089611   0.944263  0.055737  0.000000  0.000000  0.000000  0.000000  0.000000  0.000000  
1.099607   0.943873  0.056127  0.000000  0.000000  0.000000  0.000000  0.000000  0.000000  
1.109604   0.943485  0.056515  0.000000  0.000000  0.000000  0.000000  0.000000  0.000000  
1.119600   0.943100  0.056900  0.000000  0.000000  0.000000  0.000000  0.000000  0.000000  
1.129596   0.942716  0.057284  0.000000  0.000000  0.000000  0.000000  0.000000  0.000000  
1.139592   0.942335  0.057665  0.000000  0.000000  0.000000  0.000000  0.000000  0.000000  
1.149589   0.941956  0.058044  0.000000  0.000000  0.000000  0.000000  0.000000  0.000000  
1.159585   0.941578  0.058422  0.000000  0.000000  0.000000  0.000000  0.000000  0.000000  
1.169581   0.941202  0.058798  0.000000  0.000000  0.000000  0.000000  0.000000  0.000000  
1.179577   0.940828  0.059172  0.000000  0.000000  0.000000  0.000000  0.000000  0.000000  
1.189574   0.940455  0.059545  0.000000  0.000000  0.000000  0.000000  0.000000  0.000000  
1.199570   0.940085  0.059915  0.000000  0.000000  0.000000  0.000000  0.000000  0.000000  
1.209566   0.939715  0.060285  0.000000  0.000000  0.000000  0.000000  0.000000  0.000000  
1.219562   0.939347  0.060653  0.000000  0.000000  0.000000  0.000000  0.000000  0.000000  
1.229559   0.938980  0.061020  0.000000  0.000000  0.000000  0.000000  0.000000  0.000000  
1.239555   0.938614  0.061386  0.000000  0.000000  0.000000  0.000000  0.000000  0.000000  
1.249551   0.938250  0.061750  0.000000  0.000000  0.000000  0.000000  0.000000  0.000000  
1.259547   0.937886  0.062114  0.000000  0.000000  0.000000  0.000000  0.000000  0.000000  
1.269544   0.937523  0.062477  0.000000  0.000000  0.000000  0.000000  0.000000  0.000000  
1.279540   0.937161  0.062839  0.000000  0.000000  0.000000  0.000000  0.000000  0.000000  
1.289536   0.936800  0.063200  0.000000  0.000000  0.000000  0.000000  0.000000  0.000000  
1.299532   0.936440  0.063560  0.000000  0.000000  0.000000  0.000000  0.000000  0.000000  
1.309529   0.936080  0.063920  0.000000  0.000000  0.000000  0.000000  0.000000  0.000000  
1.319525   0.935720  0.064280  0.000000  0.000000  0.000000  0.000000  0.000000  0.000000  
1.329521   0.935361  0.064639  0.000000  0.000000  0.000000  0.000000  0.000000  0.000000  
1.339517   0.935002  0.064998  0.000000  0.000000  0.000000  0.000000  0.000000  0.000000  
1.349514   0.934644  0.065356  0.000000  0.000000  0.000000  0.000000  0.000000  0.000000  
1.359510   0.934285  0.065715  0.000000  0.000000  0.000000  0.000000  0.000000  0.000000  
1.369506   0.933927  0.066073  0.000000  0.000000  0.000000  0.000000  0.000000  0.000000  
1.379502   0.933568  0.066432  0.000000  0.000000  0.000000  0.000000  0.000000  0.000000  
1.389499   0.933210  0.066790  0.000000  0.000000  0.000000  0.000000  0.000000  0.000000  
1.399495   0.932851  0.067149  0.000000  0.000000  0.000000  0.000000  0.000000  0.000000  
1.409491   0.932492  0.067508  0.000000  0.000000  0.000000  0.000000  0.000000  0.000000  
1.419487   0.932133  0.067867  0.000000  0.000000  0.000000  0.000000  0.000000  0.000000  
1.429484   0.931773  0.068227  0.000000  0.000000  0.000000  0.000000  0.000000  0.000000  
1.439480   0.931412  0.068588  0.000000  0.000000  0.000000  0.000000  0.000000  0.000000  
1.449476   0.931051  0.068949  0.000000  0.000000  0.000000  0.000000  0.000000  0.000000  
1.459472   0.930690  0.069310  0.000000  0.000000  0.000000  0.000000  0.000000  0.000000  
1.469469   0.930327  0.069673  0.000000  0.000000  0.000000  0.000000  0.000000  0.000000  
1.479465   0.929964  0.070036  0.000000  0.000000  0.000000  0.000000  0.000000  0.000000  
1.489461   0.929600  0.070400  0.000000  0.000000  0.000000  0.000000  0.000000  0.000000  
1.499457   0.929236  0.070764  0.000000  0.000000  0.000000  0.000000  0.000000  0.000000  
1.509454   0.928870  0.071130  0.000000  0.000000  0.000000  0.000000  0.000000  0.000000  
1.519450   0.928503  0.071497  0.000000  0.000000  0.000000  0.000000  0.000000  0.000000  
1.529446   0.928135  0.071865  0.000000  0.000000  0.000000  0.000000  0.000000  0.000000  
1.539442   0.927766  0.072234  0.000000  0.000000  0.000000  0.000000  0.000000  0.000000  
1.549439   0.927396  0.072604  0.000000  0.000000  0.000000  0.000000  0.000000  0.000000  
1.559435   0.927025  0.072975  0.000000  0.000000  0.000000  0.000000  0.000000  0.000000  
1.569431   0.926653  0.073347  0.000000  0.000000  0.000000  0.000000  0.000000  0.000000  
1.579427   0.926279  0.073721  0.000000  0.000000  0.000000  0.000000  0.000000  0.000000  
1.589424   0.925904  0.074096  0.000000  0.000000  0.000000  0.000000  0.000000  0.000000  
1.599420   0.925528  0.074472  0.000000  0.000000  0.000000  0.000000  0.000000  0.000000  
1.609416   0.925150  0.074850  0.000000  0.000000  0.000000  0.000000  0.000000  0.000000  
1.619412   0.924771  0.075229  0.000000  0.000000  0.000000  0.000000  0.000000  0.000000  
1.629408   0.924391  0.075609  0.000000  0.000000  0.000000  0.000000  0.000000  0.000000  
1.639405   0.924009  0.075991  0.000000  0.000000  0.000000  0.000000  0.000000  0.000000  
1.649401   0.923626  0.076374  0.000000  0.000000  0.000000  0.000000  0.000000  0.000000  
1.659397   0.923241  0.076759  0.000000  0.000000  0.000000  0.000000  0.000000  0.000000  
1.669393   0.922855  0.077145  0.000000  0.000000  0.000000  0.000000  0.000000  0.000000  
1.679390   0.922468  0.077532  0.000000  0.000000  0.000000  0.000000  0.000000  0.000000  
1.689386   0.922079  0.077921  0.000000  0.000000  0.000000  0.000000  0.000000  0.000000  
1.699382   0.921688  0.078312  0.000000  0.000000  0.000000  0.000000  0.000000  0.000000  
1.709378   0.921297  0.078703  0.000000  0.000000  0.000000  0.000000  0.000000  0.000000  
1.719375   0.920904  0.079096  0.000000  0.000000  0.000000  0.000000  0.000000  0.000000  
1.729371   0.920510  0.079490  0.000000  0.000000  0.000000  0.000000  0.000000  0.000000  
1.739367   0.920114  0.079886  0.000000  0.000000  0.000000  0.000000  0.000000  0.000000  
1.749363   0.919717  0.080283  0.000000  0.000000  0.000000  0.000000  0.000000  0.000000  
1.759360   0.919319  0.080681  0.000000  0.000000  0.000000  0.000000  0.000000  0.000000  
1.769356   0.918919  0.081081  0.000000  0.000000  0.000000  0.000000  0.000000  0.000000  
1.779352   0.918518  0.081482  0.000000  0.000000  0.000000  0.000000  0.000000  0.000000  
1.789348   0.918116  0.081884  0.000000  0.000000  0.000000  0.000000  0.000000  0.000000  
1.799345   0.917713  0.082287  0.000000  0.000000  0.000000  0.000000  0.000000  0.000000  
1.809341   0.917309  0.082691  0.000000  0.000000  0.000000  0.000000  0.000000  0.000000  
1.819337   0.916904  0.083096  0.000000  0.000000  0.000000  0.000000  0.000000  0.000000  
1.829333   0.916497  0.083503  0.000000  0.000000  0.000000  0.000000  0.000000  0.000000  
1.839330   0.916090  0.083910  0.000000  0.000000  0.000000  0.000000  0.000000  0.000000  
1.849326   0.915682  0.084318  0.000000  0.000000  0.000000  0.000000  0.000000  0.000000  
1.859322   0.915273  0.084727  0.000000  0.000000  0.000000  0.000000  0.000000  0.000000  
1.869318   0.914863  0.085137  0.000000  0.000000  0.000000  0.000000  0.000000  0.000000  
1.879315   0.914452  0.085548  0.000000  0.000000  0.000000  0.000000  0.000000  0.000000  
1.889311   0.914041  0.085959  0.000000  0.000000  0.000000  0.000000  0.000000  0.000000  
1.899307   0.913629  0.086371  0.000000  0.000000  0.000000  0.000000  0.000000  0.000000  
1.909303   0.913216  0.086784  0.000000  0.000000  0.000000  0.000000  0.000000  0.000000  
1.919300   0.912803  0.087197  0.000000  0.000000  0.000000  0.000000  0.000000  0.000000  
1.929296   0.912389  0.087611  0.000000  0.000000  0.000000  0.000000  0.000000  0.000000  
1.939292   0.911975  0.088025  0.000000  0.000000  0.000000  0.000000  0.000000  0.000000  
1.949288   0.911561  0.088439  0.000000  0.000000  0.000000  0.000000  0.000000  0.000000  
1.959285   0.911146  0.088854  0.000000  0.000000  0.000000  0.000000  0.000000  0.000000  
1.969281   0.910731  0.089269  0.000000  0.000000  0.000000  0.000000  0.000000  0.000000  
1.979277   0.910316  0.089684  0.000000  0.000000  0.000000  0.000000  0.000000  0.000000  
1.989273   0.909900  0.090100  0.000000  0.000000  0.000000  0.000000  0.000000  0.000000  
1.999270   0.909485  0.090515  0.000000  0.000000  0.000000  0.000000  0.000000  0.000000  
2.009266   0.909070  0.090930  0.000000  0.000000  0.000000  0.000000  0.000000  0.000000  
2.019262   0.908655  0.091345  0.000000  0.000000  0.000000  0.000000  0.000000  0.000000  
2.029258   0.908239  0.091761  0.000000  0.000000  0.000000  0.000000  0.000000  0.000000  
2.039255   0.907825  0.092175  0.000000  0.000000  0.000000  0.000000  0.000000  0.000000  
2.049251   0.907410  0.092590  0.000000  0.000000  0.000000  0.000000  0.000000  0.000000  
2.059247   0.906996  0.093004  0.000000  0.000000  0.000000  0.000000  0.000000  0.000000  
2.069243   0.906582  0.093418  0.000000  0.000000  0.000000  0.000000  0.000000  0.000000  
2.079240   0.906168  0.093832  0.000000  0.000000  0.000000  0.000000  0.000000  0.000000  
2.089236   0.905755  0.094245  0.000000  0.000000  0.000000  0.000000  0.000000  0.000000  
2.099232   0.905343  0.094657  0.000000  0.000000  0.000000  0.000000  0.000000  0.000000  
2.109228   0.904931  0.095069  0.000000  0.000000  0.000000  0.000000  0.000000  0.000000  
2.119225   0.904519  0.095481  0.000000  0.000000  0.000000  0.000000  0.000000  0.000000  
2.129221   0.904109  0.095891  0.000000  0.000000  0.000000  0.000000  0.000000  0.000000  
2.139217   0.903699  0.096301  0.000000  0.000000  0.000000  0.000000  0.000000  0.000000  
2.149213   0.903289  0.096711  0.000000  0.000000  0.000000  0.000000  0.000000  0.000000  
2.159210   0.902879  0.097121  0.000000  0.000000  0.000000  0.000000  0.000000  0.000000  
2.169206   0.902470  0.097530  0.000000  0.000000  0.000000  0.000000  0.000000  0.000000  
2.179202   0.902060  0.097940  0.000000  0.000000  0.000000  0.000000  0.000000  0.000000  
2.189198   0.901651  0.098349  0.000000  0.000000  0.000000  0.000000  0.000000  0.000000  
2.199195   0.901241  0.098759  0.000000  0.000000  0.000000  0.000000  0.000000  0.000000  
2.209191   0.900832  0.099168  0.000000  0.000000  0.000000  0.000000  0.000000  0.000000  
2.219187   0.900422  0.099578  0.000000  0.000000  0.000000  0.000000  0.000000  0.000000  
2.229183   0.900013  0.099987  0.000000  0.000000  0.000000  0.000000  0.000000  0.000000  
2.239180   0.899604  0.100396  0.000000  0.000000  0.000000  0.000000  0.000000  0.000000  
2.249176   0.899195  0.100805  0.000000  0.000000  0.000000  0.000000  0.000000  0.000000  
2.259172   0.898785  0.101215  0.000000  0.000000  0.000000  0.000000  0.000000  0.000000  
2.269168   0.898376  0.101624  0.000000  0.000000  0.000000  0.000000  0.000000  0.000000  
2.279165   0.897967  0.102033  0.000000  0.000000  0.000000  0.000000  0.000000  0.000000  
2.289161   0.897558  0.102442  0.000000  0.000000  0.000000  0.000000  0.000000  0.000000  
2.299157   0.897149  0.102851  0.000000  0.000000  0.000000  0.000000  0.000000  0.000000  
2.309153   0.896739  0.103261  0.000000  0.000000  0.000000  0.000000  0.000000  0.000000  
2.319150   0.896330  0.103670  0.000000  0.000000  0.000000  0.000000  0.000000  0.000000  
2.329146   0.895921  0.104079  0.000000  0.000000  0.000000  0.000000  0.000000  0.000000  
2.339142   0.895512  0.104488  0.000000  0.000000  0.000000  0.000000  0.000000  0.000000  
2.349138   0.895103  0.104897  0.000000  0.000000  0.000000  0.000000  0.000000  0.000000  
2.359135   0.894693  0.105307  0.000000  0.000000  0.000000  0.000000  0.000000  0.000000  
2.369131   0.894284  0.105716  0.000000  0.000000  0.000000  0.000000  0.000000  0.000000  
2.379127   0.893875  0.106125  0.000000  0.000000  0.000000  0.000000  0.000000  0.000000  
2.389123   0.893466  0.106534  0.000000  0.000000  0.000000  0.000000  0.000000  0.000000  
2.399120   0.893056  0.106944  0.000000  0.000000  0.000000  0.000000  0.000000  0.000000  
2.409116   0.892647  0.107353  0.000000  0.000000  0.000000  0.000000  0.000000  0.000000  
2.419112   0.892237  0.107763  0.000000  0.000000  0.000000  0.000000  0.000000  0.000000  
2.429108   0.891828  0.108172  0.000000  0.000000  0.000000  0.000000  0.000000  0.000000  
2.439105   0.891418  0.108582  0.000000  0.000000  0.000000  0.000000  0.000000  0.000000  
2.449101   0.891009  0.108991  0.000000  0.000000  0.000000  0.000000  0.000000  0.000000  
2.459097   0.890599  0.109401  0.000000  0.000000  0.000000  0.000000  0.000000  0.000000  
2.469093   0.890189  0.109811  0.000000  0.000000  0.000000  0.000000  0.000000  0.000000  
2.479090   0.889779  0.110221  0.000000  0.000000  0.000000  0.000000  0.000000  0.000000  
2.489086   0.889370  0.110630  0.000000  0.000000  0.000000  0.000000  0.000000  0.000000  
2.499082   0.888960  0.111040  0.000000  0.000000  0.000000  0.000000  0.000000  0.000000  
2.509078   0.888550  0.111450  0.000000  0.000000  0.000000  0.000000  0.000000  0.000000  
2.519075   0.888140  0.111860  0.000000  0.000000  0.000000  0.000000  0.000000  0.000000  
2.529071   0.887730  0.112270  0.000000  0.000000  0.000000  0.000000  0.000000  0.000000  
2.539067   0.887319  0.112681  0.000000  0.000000  0.000000  0.000000  0.000000  0.000000  
2.549063   0.886909  0.113091  0.000000  0.000000  0.000000  0.000000  0.000000  0.000000  
2.559060   0.886499  0.113501  0.000000  0.000000  0.000000  0.000000  0.000000  0.000000  
2.569056   0.886089  0.113911  0.000000  0.000000  0.000000  0.000000  0.000000  0.000000  
2.579052   0.885679  0.114321  0.000000  0.000000  0.000000  0.000000  0.000000  0.000000  
2.589048   0.885268  0.114732  0.000000  0.000000  0.000000  0.000000  0.000000  0.000000  
2.599045   0.884858  0.115142  0.000000  0.000000  0.000000  0.000000  0.000000  0.000000  
2.609041   0.884448  0.115552  0.000000  0.000000  0.000000  0.000000  0.000000  0.000000  
2.619037   0.883685  0.115879  0.000436  0.000000  0.000000  0.000000  0.000000  0.000000  
2.629033   0.882688  0.116152  0.001160  0.000000  0.000000  0.000000  0.000000  0.000000  
2.639030   0.881577  0.116397  0.002026  0.000000  0.000000  0.000000  0.000000  0.000000  
2.649026   0.880389  0.116623  0.002989  0.000000  0.000000  0.000000  0.000000  0.000000  
2.659022   0.879144  0.116834  0.004022  0.000000  0.000000  0.000000  0.000000  0.000000  
2.669018   0.877855  0.117035  0.005110  0.000000  0.000000  0.000000  0.000000  0.000000  
2.679015   0.876532  0.117226  0.006242  0.000000  0.000000  0.000000  0.000000  0.000000  
2.689011   0.875181  0.117409  0.007409  0.000000  0.000000  0.000000  0.000000  0.000000  
2.699007   0.873489  0.117766  0.008318  0.000000  0.000000  0.000000  0.000428  0.000000  
2.709003   0.871554  0.118255  0.009013  0.000000  0.000000  0.000000  0.001179  0.000000  
2.719000   0.869574  0.118772  0.009656  0.000000  0.000000  0.000000  0.001998  0.000000  
2.728996   0.867578  0.119301  0.010270  0.000000  0.000000  0.000000  0.002851  0.000000  
2.738992   0.865578  0.119837  0.010864  0.000000  0.000000  0.000000  0.003721  0.000000  
2.748988   0.863581  0.120377  0.011442  0.000000  0.000000  0.000000  0.004600  0.000000  
2.758985   0.861592  0.120917  0.012008  0.000000  0.000000  0.000000  0.005483  0.000000  
2.768981   0.859613  0.121456  0.012564  0.000000  0.000000  0.000000  0.006366  0.000000  
2.778977   0.857646  0.121995  0.013111  0.000000  0.000000  0.000000  0.007248  0.000000  
2.788973   0.855694  0.122531  0.013650  0.000000  0.000000  0.000000  0.008125  0.000000  
2.798970   0.853756  0.123065  0.014182  0.000000  0.000000  0.000000  0.008998  0.000000  
2.808966   0.851834  0.123595  0.014708  0.000000  0.000000  0.000000  0.009864  0.000000  
2.818962   0.849928  0.124122  0.015227  0.000000  0.000000  0.000000  0.010723  0.000000  
2.828958   0.848039  0.124645  0.015742  0.000000  0.000000  0.000000  0.011574  0.000000  
2.838955   0.846167  0.125165  0.016251  0.000000  0.000000  0.000000  0.012417  0.000000  
2.848951   0.844313  0.125680  0.016756  0.000000  0.000000  0.000000  0.013251  0.000000  
2.858947   0.842476  0.126191  0.017256  0.000000  0.000000  0.000000  0.014077  0.000000  
2.868943   0.840657  0.126698  0.017752  0.000000  0.000000  0.000000  0.014893  0.000000  
2.878940   0.838856  0.127200  0.018244  0.000000  0.000000  0.000000  0.015700  0.000000  
2.888936   0.837073  0.127698  0.018732  0.000000  0.000000  0.000000  0.016497  0.000000  
2.898932   0.835308  0.128191  0.019216  0.000000  0.000000  0.000000  0.017285  0.000000  
2.908928   0.833560  0.128680  0.019697  0.000000  0.000000  0.000000  0.018063  0.000000  
2.918925   0.831830  0.129163  0.020175  0.000000  0.000000  0.000000  0.018832  0.000000  
2.928921   0.830119  0.129642  0.020649  0.000000  0.000000  0.000000  0.019590  0.000000  
2.938917   0.828424  0.130117  0.021120  0.000000  0.000000  0.000000  0.020339  0.000000  
2.948913   0.826747  0.130586  0.021588  0.000000  0.000000  0.000000  0.021078  0.000000  
2.958910   0.825088  0.131051  0.022054  0.000000  0.000000  0.000000  0.021807  0.000000  
2.968906   0.823446  0.131511  0.022516  0.000000  0.000000  0.000000  0.022527  0.000000  
2.978902   0.821821  0.131966  0.022976  0.000000  0.000000  0.000000  0.023237  0.000000  
2.988898   0.820213  0.132417  0.023434  0.000000  0.000000  0.000000  0.023937  0.000000  
2.998895   0.818622  0.132862  0.023888  0.000000  0.000000  0.000000  0.024627  0.000000  
3.008891   0.817047  0.133303  0.024341  0.000000  0.000000  0.000000  0.025308  0.000000  
3.018887   0.815489  0.133739  0.024791  0.000000  0.000000  0.000000  0.025980  0.000000  
3.028883   0.813948  0.134171  0.025239  0.000000  0.000000  0.000000  0.026642  0.000000  
3.038879   0.812422  0.134597  0.025685  0.000000  0.000000  0.000000  0.027295  0.000000  
3.048876   0.810913  0.135019  0.026129  0.000000  0.000000  0.000000  0.027939  0.000000  
3.058872   0.809419  0.135436  0.026571  0.000000  0.000000  0.000000  0.028574  0.000000  
3.068868   0.807941  0.135849  0.027011  0.000000  0.000000  0.000000  0.029200  0.000000  
3.078864   0.806478  0.136256  0.027449  0.000000  0.000000  0.000000  0.029817  0.000000  
3.088861   0.805031  0.136659  0.027885  0.000000  0.000000  0.000000  0.030425  0.000000  
3.098857   0.803599  0.137058  0.028320  0.000000  0.000000  0.000000  0.031024  0.000000  
3.108853   0.802181  0.137452  0.028752  0.000000  0.000000  0.000000  0.031615  0.000000  
3.118849   0.800779  0.137841  0.029184  0.000000  0.000000  0.000000  0.032197  0.000000  
3.128846   0.799391  0.138225  0.029613  0.000000  0.000000  0.000000  0.032771  0.000000  
3.138842   0.798017  0.138605  0.030042  0.000000  0.000000  0.000000  0.033336  0.000000  
3.148838   0.796657  0.138981  0.030468  0.000000  0.000000  0.000000  0.033894  0.000000  
3.158834   0.795311  0.139352  0.030894  0.000000  0.000000  0.000000  0.034443  0.000000  
3.168831   0.793979  0.139719  0.031318  0.000000  0.000000  0.000000  0.034984  0.000000  
3.178827   0.792661  0.140081  0.031740  0.000000  0.000000  0.000000  0.035517  0.000000  
3.188823   0.791356  0.140439  0.032162  0.000000  0.000000  0.000000  0.036043  0.000000  
3.198819   0.790065  0.140792  0.032582  0.000000  0.000000  0.000000  0.036561  0.000000  
3.208816   0.788786  0.141141  0.033001  0.000000  0.000000  0.000000  0.037072  0.000000  
3.218812   0.787521  0.141486  0.033419  0.000000  0.000000  0.000000  0.037575  0.000000  
3.228808   0.786268  0.141826  0.033836  0.000000  0.000000  0.000000  0.038070  0.000000  
3.238804   0.785028  0.142162  0.034251  0.000000  0.000000  0.000000  0.038559  0.000000  
3.248801   0.783800  0.142494  0.034666  0.000000  0.000000  0.000000  0.039040  0.000000  
3.258797   0.782584  0.142822  0.035080  0.000000  0.000000  0.000000  0.039514  0.000000  
3.268793   0.781380  0.143146  0.035492  0.000000  0.000000  0.000000  0.039981  0.000000  
3.278789   0.780189  0.143466  0.035904  0.000000  0.000000  0.000000  0.040442  0.000000  
3.288786   0.779009  0.143781  0.036315  0.000000  0.000000  0.000000  0.040896  0.000000  
3.298782   0.777840  0.144093  0.036725  0.000000  0.000000  0.000000  0.041343  0.000000  
3.308778   0.776683  0.144400  0.037134  0.000000  0.000000  0.000000  0.041783  0.000000  
3.318774   0.775537  0.144703  0.037542  0.000000  0.000000  0.000000  0.042217  0.000000  
3.328771   0.774403  0.145003  0.037949  0.000000  0.000000  0.000000  0.042645  0.000000  
3.338767   0.773279  0.145299  0.038356  0.000000  0.000000  0.000000  0.043067  0.000000  
3.348763   0.772166  0.145590  0.038761  0.000000  0.000000  0.000000  0.043482  0.000000  
3.358759   0.771064  0.145878  0.039166  0.000000  0.000000  0.000000  0.043891  0.000000  
3.368756   0.769973  0.146163  0.039570  0.000000  0.000000  0.000000  0.044295  0.000000  
3.378752   0.768891  0.146443  0.039974  0.000000  0.000000  0.000000  0.044692  0.000000  
3.388748   0.767820  0.146720  0.040376  0.000000  0.000000  0.000000  0.045084  0.000000  
3.398744   0.766760  0.146993  0.040778  0.000000  0.000000  0.000000  0.045470  0.000000  
3.408741   0.765709  0.147262  0.041179  0.000000  0.000000  0.000000  0.045850  0.000000  
3.418737   0.764668  0.147528  0.041580  0.000000  0.000000  0.000000  0.046225  0.000000  
3.428733   0.763636  0.147790  0.041980  0.000000  0.000000  0.000000  0.046594  0.000000  
3.438729   0.762615  0.148049  0.042379  0.000000  0.000000  0.000000  0.046958  0.000000  
3.448726   0.761602  0.148304  0.042777  0.000000  0.000000  0.000000  0.047316  0.000000  
3.458722   0.760599  0.148556  0.043175  0.000000  0.000000  0.000000  0.047670  0.000000  
3.468718   0.759606  0.148804  0.043572  0.000000  0.000000  0.000000  0.048018  0.000000  
3.478714   0.758621  0.149049  0.043969  0.000000  0.000000  0.000000  0.048361  0.000000  
3.488711   0.757646  0.149290  0.044364  0.000000  0.000000  0.000000  0.048700  0.000000  
3.498707   0.756679  0.149529  0.044760  0.000000  0.000000  0.000000  0.049033  0.000000  
3.508703   0.755721  0.149764  0.045154  0.000000  0.000000  0.000000  0.049361  0.000000  
3.518699   0.754772  0.149995  0.045548  0.000000  0.000000  0.000000  0.049685  0.000000  
3.528696   0.753831  0.150224  0.045941  0.000000  0.000000  0.000000  0.050004  0.000000  
3.538692   0.752899  0.150449  0.046334  0.000000  0.000000  0.000000  0.050318  0.000000  
3.548688   0.751975  0.150672  0.046726  0.000000  0.000000  0.000000  0.050628  0.000000  
3.558684   0.751059  0.150891  0.047117  0.000000  0.000000  0.000000  0.050934  0.000000  
3.568681   0.750151  0.151107  0.047507  0.000000  0.000000  0.000000  0.051235  0.000000  
3.578677   0.749251  0.151320  0.047897  0.000000  0.000000  0.000000  0.051531  0.000000  
3.588673   0.748360  0.151530  0.048287  0.000000  0.000000  0.000000  0.051823  0.000000  
3.598669   0.747476  0.151737  0.048675  0.000000  0.000000  0.000000  0.052111  0.000000  
3.608666   0.746600  0.151942  0.049063  0.000000  0.000000  0.000000  0.052395  0.000000  
3.618662   0.745731  0.152143  0.049451  0.000000  0.000000  0.000000  0.052675  0.000000  
3.628658   0.744870  0.152341  0.049837  0.000000  0.000000  0.000000  0.052951  0.000000  
3.638654   0.744017  0.152537  0.050223  0.000000  0.000000  0.000000  0.053223  0.000000  
3.648651   0.743171  0.152730  0.050609  0.000000  0.000000  0.000000  0.053490  0.000000  
3.658647   0.742332  0.152920  0.050993  0.000000  0.000000  0.000000  0.053754  0.000000  
3.668643   0.741500  0.153108  0.051377  0.000000  0.000000  0.000000  0.054014  0.000000  
3.678639   0.740676  0.153293  0.051761  0.000000  0.000000  0.000000  0.054271  0.000000  
3.688636   0.739858  0.153475  0.052144  0.000000  0.000000  0.000000  0.054523  0.000000  
3.698632   0.739048  0.153654  0.052526  0.000000  0.000000  0.000000  0.054772  0.000000  
3.708628   0.738244  0.153831  0.052907  0.000000  0.000000  0.000000  0.055018  0.000000  
3.718624   0.737447  0.154006  0.053288  0.000000  0.000000  0.000000  0.055260  0.000000  
3.728621   0.736657  0.154177  0.053667  0.000000  0.000000  0.000000  0.055498  0.000000  
3.738617   0.735874  0.154347  0.054047  0.000000  0.000000  0.000000  0.055733  0.000000  
3.748613   0.735097  0.154514  0.054425  0.000000  0.000000  0.000000  0.055964  0.000000  
3.758609   0.734326  0.154678  0.054803  0.000000  0.000000  0.000000  0.056192  0.000000  
3.768606   0.733562  0.154840  0.055180  0.000000  0.000000  0.000000  0.056417  0.000000  
3.778602   0.732805  0.155000  0.055557  0.000000  0.000000  0.000000  0.056638  0.000000  
3.788598   0.732053  0.155158  0.055932  0.000000  0.000000  0.000000  0.056857  0.000000  
3.798594   0.731308  0.155313  0.056307  0.000000  0.000000  0.000000  0.057072  0.000000  
3.808591   0.730569  0.155466  0.056681  0.000000  0.000000  0.000000  0.057284  0.000000  
3.818587   0.729837  0.155616  0.057055  0.000000  0.000000  0.000000  0.057493  0.000000  
3.828583   0.729110  0.155764  0.057428  0.000000  0.000000  0.000000  0.057698  0.000000  
3.838579   0.728389  0.155911  0.057800  0.000000  0.000000  0.000000  0.057901  0.000000  
3.848576   0.727674  0.156055  0.058171  0.000000  0.000000  0.000000  0.058101  0.000000  
3.858572   0.726965  0.156196  0.058541  0.000000  0.000000  0.000000  0.058298  0.000000  
3.868568   0.726261  0.156336  0.058911  0.000000  0.000000  0.000000  0.058492  0.000000  
3.878564   0.725563  0.156474  0.059280  0.000000  0.000000  0.000000  0.058683  0.000000  
3.888561   0.724871  0.156610  0.059648  0.000000  0.000000  0.000000  0.058871  0.000000  
3.898557   0.724185  0.156743  0.060015  0.000000  0.000000  0.000000  0.059057  0.000000  
3.908553   0.723504  0.156875  0.060382  0.000000  0.000000  0.000000  0.059240  0.000000  
3.918549   0.722829  0.157004  0.060748  0.000000  0.000000  0.000000  0.059420  0.000000  
3.928546   0.722159  0.157132  0.061113  0.000000  0.000000  0.000000  0.059597  0.000000  
3.938542   0.721494  0.157258  0.061477  0.000000  0.000000  0.000000  0.059772  0.000000  
3.948538   0.720835  0.157381  0.061840  0.000000  0.000000  0.000000  0.059944  0.000000  
3.958534   0.720180  0.157503  0.062203  0.000000  0.000000  0.000000  0.060114  0.000000  
3.968531   0.719532  0.157623  0.062564  0.000000  0.000000  0.000000  0.060281  0.000000  
3.978527   0.718888  0.157742  0.062925  0.000000  0.000000  0.000000  0.060445  0.000000  
3.988523   0.718249  0.157858  0.063285  0.000000  0.000000  0.000000  0.060607  0.000000  
3.998519   0.717616  0.157973  0.063645  0.000000  0.000000  0.000000  0.060767  0.000000  
4.008516   0.716987  0.158086  0.064003  0.000000  0.000000  0.000000  0.060924  0.000000  
4.018512   0.716364  0.158197  0.064361  0.000000  0.000000  0.000000  0.061079  0.000000  
4.028508   0.715745  0.158306  0.064717  0.000000  0.000000  0.000000  0.061232  0.000000  
4.038504   0.715131  0.158414  0.065073  0.000000  0.000000  0.000000  0.061382  0.000000  
4.048501   0.714522  0.158520  0.065428  0.000000  0.000000  0.000000  0.061530  0.000000  
4.058497   0.713918  0.158624  0.065783  0.000000  0.000000  0.000000  0.061675  0.000000  
4.068493   0.713318  0.158727  0.066136  0.000000  0.000000  0.000000  0.061819  0.000000  
4.078489   0.712724  0.158828  0.066488  0.000000  0.000000  0.000000  0.061960  0.000000  
4.088486   0.712133  0.158928  0.066840  0.000000  0.000000  0.000000  0.062099  0.000000  
4.098482   0.711548  0.159026  0.067191  0.000000  0.000000  0.000000  0.062236  0.000000  
4.108478   0.710967  0.159122  0.067541  0.000000  0.000000  0.000000  0.062370  0.000000  
4.118474   0.710390  0.159217  0.067890  0.000000  0.000000  0.000000  0.062503  0.000000  
4.128471   0.709818  0.159311  0.068238  0.000000  0.000000  0.000000  0.062634  0.000000  
4.138467   0.709250  0.159403  0.068585  0.000000  0.000000  0.000000  0.062762  0.000000  
4.148463   0.708687  0.159493  0.068931  0.000000  0.000000  0.000000  0.062889  0.000000  
4.158459   0.708128  0.159582  0.069277  0.000000  0.000000  0.000000  0.063013  0.000000  
4.168456   0.707574  0.159669  0.069621  0.000000  0.000000  0.000000  0.063136  0.000000  
4.178452   0.707023  0.159756  0.069965  0.000000  0.000000  0.000000  0.063256  0.000000  
4.188448   0.706477  0.159840  0.070308  0.000000  0.000000  0.000000  0.063375  0.000000  
4.198444   0.705935  0.159924  0.070650  0.000000  0.000000  0.000000  0.063492  0.000000  
4.208441   0.705397  0.160006  0.070991  0.000000  0.000000  0.000000  0.063606  0.000000  
4.218437   0.704864  0.160086  0.071331  0.000000  0.000000  0.000000  0.063719  0.000000  
4.228433   0.704334  0.160166  0.071670  0.000000  0.000000  0.000000  0.063831  0.000000  
4.238429   0.703808  0.160244  0.072008  0.000000  0.000000  0.000000  0.063940  0.000000  
4.248426   0.703287  0.160320  0.072345  0.000000  0.000000  0.000000  0.064047  0.000000  
4.258422   0.702769  0.160396  0.072682  0.000000  0.000000  0.000000  0.064153  0.000000  
4.268418   0.702256  0.160470  0.073017  0.000000  0.000000  0.000000  0.064257  0.000000  
4.278414   0.701746  0.160543  0.073352  0.000000  0.000000  0.000000  0.064359  0.000000  
4.288411   0.701240  0.160615  0.073686  0.000000  0.000000  0.000000  0.064460  0.000000  
4.298407   0.700738  0.160685  0.074019  0.000000  0.000000  0.000000  0.064559  0.000000  
4.308403   0.700239  0.160754  0.074350  0.000000  0.000000  0.000000  0.064656  0.000000  
4.318399   0.699745  0.160822  0.074681  0.000000  0.000000  0.000000  0.064751  0.000000  
4.328396   0.699254  0.160889  0.075011  0.000000  0.000000  0.000000  0.064845  0.000000  
4.338392   0.698767  0.160955  0.075340  0.000000  0.000000  0.000000  0.064938  0.000000  
4.348388   0.698284  0.161020  0.075669  0.000000  0.000000  0.000000  0.065028  0.000000  
4.358384   0.697804  0.161083  0.075996  0.000000  0.000000  0.000000  0.065117  0.000000  
4.368381   0.697328  0.161145  0.076322  0.000000  0.000000  0.000000  0.065205  0.000000  
4.378377   0.696855  0.161207  0.076648  0.000000  0.000000  0.000000  0.065291  0.000000  
4.388373   0.696386  0.161267  0.076972  0.000000  0.000000  0.000000  0.065375  0.000000  
4.398369   0.695920  0.161326  0.077295  0.000000  0.000000  0.000000  0.065458  0.000000  
4.408366   0.695458  0.161384  0.077618  0.000000  0.000000  0.000000  0.065540  0.000000  
4.418362   0.695000  0.161441  0.077940  0.000000  0.000000  0.000000  0.065620  0.000000  
4.428358   0.694545  0.161497  0.078260  0.000000  0.000000  0.000000  0.065698  0.000000  
4.438354   0.694093  0.161552  0.078580  0.000000  0.000000  0.000000  0.065775  0.000000  
4.448350   0.693644  0.161606  0.078899  0.000000  0.000000  0.000000  0.065851  0.000000  
4.458347   0.693199  0.161659  0.079217  0.000000  0.000000  0.000000  0.065925  0.000000  
4.468343   0.692758  0.161711  0.079534  0.000000  0.000000  0.000000  0.065998  0.000000  
4.478339   0.692319  0.161762  0.079850  0.000000  0.000000  0.000000  0.066069  0.000000  
4.488335   0.691884  0.161812  0.080165  0.000000  0.000000  0.000000  0.066139  0.000000  
4.498332   0.691452  0.161861  0.080479  0.000000  0.000000  0.000000  0.066208  0.000000  
4.508328   0.691023  0.161909  0.080793  0.000000  0.000000  0.000000  0.066275  0.000000  
4.518324   0.690598  0.161956  0.081105  0.000000  0.000000  0.000000  0.066341  0.000000  
4.528320   0.690175  0.162002  0.081416  0.000000  0.000000  0.000000  0.066406  0.000000  
4.538317   0.689756  0.162048  0.081727  0.000000  0.000000  0.000000  0.066470  0.000000  
4.548313   0.689340  0.162092  0.082036  0.000000  0.000000  0.000000  0.066532  0.000000  
4.558309   0.688927  0.162136  0.082345  0.000000  0.000000  0.000000  0.066593  0.000000  
4.568305   0.688516  0.162179  0.082652  0.000000  0.000000  0.000000  0.066652  0.000000  
4.578302   0.688109  0.162221  0.082959  0.000000  0.000000  0.000000  0.066711  0.000000  
4.588298   0.687705  0.162262  0.083265  0.000000  0.000000  0.000000  0.066768  0.000000  
4.598294   0.687304  0.162302  0.083570  0.000000  0.000000  0.000000  0.066824  0.000000  
4.608290   0.686906  0.162341  0.083874  0.000000  0.000000  0.000000  0.066879  0.000000  
4.618287   0.686511  0.162380  0.084177  0.000000  0.000000  0.000000  0.066932  0.000000  
4.628283   0.686119  0.162418  0.084479  0.000000  0.000000  0.000000  0.066985  0.000000  
4.638279   0.685729  0.162455  0.084780  0.000000  0.000000  0.000000  0.067036  0.000000  
4.648275   0.685343  0.162491  0.085080  0.000000  0.000000  0.000000  0.067086  0.000000  
4.658272   0.684959  0.162526  0.085379  0.000000  0.000000  0.000000  0.067135  0.000000  
4.668268   0.684578  0.162561  0.085677  0.000000  0.000000  0.000000  0.067183  0.000000  
4.678264   0.684200  0.162595  0.085975  0.000000  0.000000  0.000000  0.067230  0.000000  
4.688260   0.683825  0.162628  0.086271  0.000000  0.000000  0.000000  0.067275  0.000000  
4.698257   0.683453  0.162661  0.086567  0.000000  0.000000  0.000000  0.067320  0.000000  
4.708253   0.683083  0.162692  0.086861  0.000000  0.000000  0.000000  0.067363  0.000000  
4.718249   0.682716  0.162723  0.087155  0.000000  0.000000  0.000000  0.067406  0.000000  
4.728245   0.682351  0.162753  0.087448  0.000000  0.000000  0.000000  0.067447  0.000000  
4.738242   0.681990  0.162783  0.087740  0.000000  0.000000  0.000000  0.067488  0.000000  
4.748238   0.681631  0.162812  0.088031  0.000000  0.000000  0.000000  0.067527  0.000000  
4.758234   0.681274  0.162840  0.088321  0.000000  0.000000  0.000000  0.067565  0.000000  
4.768230   0.680920  0.162867  0.088610  0.000000  0.000000  0.000000  0.067602  0.000000  
4.778227   0.680569  0.162894  0.088898  0.000000  0.000000  0.000000  0.067639  0.000000  
4.788223   0.680220  0.162920  0.089185  0.000000  0.000000  0.000000  0.067674  0.000000  
4.798219   0.679874  0.162946  0.089472  0.000000  0.000000  0.000000  0.067708  0.000000  
4.808215   0.679531  0.162971  0.089757  0.000000  0.000000  0.000000  0.067742  0.000000  
4.818212   0.679190  0.162995  0.090042  0.000000  0.000000  0.000000  0.067774  0.000000  
4.828208   0.678851  0.163018  0.090325  0.000000  0.000000  0.000000  0.067805  0.000000  
4.838204   0.678515  0.163041  0.090608  0.000000  0.000000  0.000000  0.067836  0.000000  
4.848200   0.678181  0.163064  0.090890  0.000000  0.000000  0.000000  0.067865  0.000000  
4.858197   0.677850  0.163085  0.091171  0.000000  0.000000  0.000000  0.067894  0.000000  
4.868193   0.677521  0.163106  0.091451  0.000000  0.000000  0.000000  0.067922  0.000000  
4.878189   0.677195  0.163127  0.091730  0.000000  0.000000  0.000000  0.067949  0.000000  
4.888185   0.676871  0.163147  0.092008  0.000000  0.000000  0.000000  0.067975  0.000000  
4.898182   0.676549  0.163166  0.092285  0.000000  0.000000  0.000000  0.068000  0.000000  
4.908178   0.676230  0.163185  0.092561  0.000000  0.000000  0.000000  0.068024  0.000000  
4.918174   0.675913  0.163203  0.092837  0.000000  0.000000  0.000000  0.068047  0.000000  
4.928170   0.675598  0.163221  0.093112  0.000000  0.000000  0.000000  0.068070  0.000000  
4.938167   0.675286  0.163238  0.093385  0.000000  0.000000  0.000000  0.068091  0.000000  
4.948163   0.674975  0.163254  0.093658  0.000000  0.000000  0.000000  0.068112  0.000000  
4.958159   0.674668  0.163270  0.093930  0.000000  0.000000  0.000000  0.068132  0.000000  
4.968155   0.674362  0.163286  0.094201  0.000000  0.000000  0.000000  0.068151  0.000000  
4.978152   0.674059  0.163301  0.094471  0.000000  0.000000  0.000000  0.068170  0.000000  
4.988148   0.673757  0.163315  0.094740  0.000000  0.000000  0.000000  0.068187  0.000000  
4.998144   0.673458  0.163329  0.095009  0.000000  0.000000  0.000000  0.068204  0.000000  
5.008140   0.673161  0.163342  0.095276  0.000000  0.000000  0.000000  0.068220  0.000000  
5.018137   0.672867  0.163355  0.095543  0.000000  0.000000  0.000000  0.068235  0.000000  
5.028133   0.672574  0.163368  0.095809  0.000000  0.000000  0.000000  0.068249  0.000000  
5.038129   0.672284  0.163380  0.096074  0.000000  0.000000  0.000000  0.068263  0.000000  
5.048125   0.671996  0.163391  0.096338  0.000000  0.000000  0.000000  0.068276  0.000000  
5.058122   0.671709  0.163402  0.096601  0.000000  0.000000  0.000000  0.068288  0.000000  
5.068118   0.671425  0.163412  0.096863  0.000000  0.000000  0.000000  0.068299  0.000000  
5.078114   0.671143  0.163422  0.097124  0.000000  0.000000  0.000000  0.068310  0.000000  
5.088110   0.670863  0.163432  0.097385  0.000000  0.000000  0.000000  0.068320  0.000000  
5.098107   0.670585  0.163441  0.097645  0.000000  0.000000  0.000000  0.068329  0.000000  
5.108103   0.670309  0.163449  0.097903  0.000000  0.000000  0.000000  0.068338  0.000000  
5.118099   0.670035  0.163458  0.098161  0.000000  0.000000  0.000000  0.068346  0.000000  
5.128095   0.669763  0.163465  0.098419  0.000000  0.000000  0.000000  0.068353  0.000000  
5.138092   0.669493  0.163472  0.098675  0.000000  0.000000  0.000000  0.068359  0.000000  
5.148088   0.669225  0.163479  0.098930  0.000000  0.000000  0.000000  0.068365  0.000000  
5.158084   0.668959  0.163486  0.099185  0.000000  0.000000  0.000000  0.068370  0.000000  
5.168080   0.668695  0.163492  0.099438  0.000000  0.000000  0.000000  0.068375  0.000000  
5.178077   0.668433  0.163497  0.099691  0.000000  0.000000  0.000000  0.068378  0.000000  
5.188073   0.668173  0.163502  0.099943  0.000000  0.000000  0.000000  0.068381  0.000000  
5.198069   0.667914  0.163507  0.100195  0.000000  0.000000  0.000000  0.068384  0.000000  
5.208065   0.667658  0.163512  0.100445  0.000000  0.000000  0.000000  0.068386  0.000000  
5.218062   0.667403  0.163515  0.100694  0.000000  0.000000  0.000000  0.068387  0.000000  
5.228058   0.667150  0.163519  0.100943  0.000000  0.000000  0.000000  0.068387  0.000000  
5.238054   0.666900  0.163522  0.101191  0.000000  0.000000  0.000000  0.068387  0.000000  
5.248050   0.666650  0.163525  0.101438  0.000000  0.000000  0.000000  0.068387  0.000000  
5.258047   0.666403  0.163527  0.101684  0.000000  0.000000  0.000000  0.068385  0.000000  
5.268043   0.666158  0.163529  0.101929  0.000000  0.000000  0.000000  0.068384  0.000000  
5.278039   0.665914  0.163531  0.102174  0.000000  0.000000  0.000000  0.068381  0.000000  
5.288035   0.665672  0.163532  0.102418  0.000000  0.000000  0.000000  0.068378  0.000000  
5.298032   0.665432  0.163533  0.102661  0.000000  0.000000  0.000000  0.068374  0.000000  
5.308028   0.665193  0.163534  0.102903  0.000000  0.000000  0.000000  0.068370  0.000000  
5.318024   0.664957  0.163534  0.103144  0.000000  0.000000  0.000000  0.068365  0.000000  
5.328020   0.664722  0.163534  0.103384  0.000000  0.000000  0.000000  0.068360  0.000000  
5.338017   0.664488  0.163534  0.103624  0.000000  0.000000  0.000000  0.068354  0.000000  
5.348013   0.664257  0.163533  0.103863  0.000000  0.000000  0.000000  0.068348  0.000000  
5.358009   0.664027  0.163532  0.104101  0.000000  0.000000  0.000000  0.068341  0.000000  
5.368005   0.663799  0.163530  0.104338  0.000000  0.000000  0.000000  0.068333  0.000000  
5.378002   0.663572  0.163528  0.104574  0.000000  0.000000  0.000000  0.068325  0.000000  
5.387998   0.663348  0.163526  0.104810  0.000000  0.000000  0.000000  0.068316  0.000000  
5.397994   0.663124  0.163524  0.105045  0.000000  0.000000  0.000000  0.068307  0.000000  
5.407990   0.662903  0.163521  0.105279  0.000000  0.000000  0.000000  0.068297  0.000000  
5.417987   0.662683  0.163518  0.105512  0.000000  0.000000  0.000000  0.068287  0.000000  
5.427983   0.662465  0.163514  0.105745  0.000000  0.000000  0.000000  0.068276  0.000000  
5.437979   0.662248  0.163511  0.105976  0.000000  0.000000  0.000000  0.068265  0.000000  
5.447975   0.662033  0.163507  0.106207  0.000000  0.000000  0.000000  0.068253  0.000000  
5.457972   0.661819  0.163502  0.106437  0.000000  0.000000  0.000000  0.068241  0.000000  
5.467968   0.661607  0.163498  0.106667  0.000000  0.000000  0.000000  0.068229  0.000000  
5.477964   0.661397  0.163493  0.106895  0.000000  0.000000  0.000000  0.068215  0.000000  
5.487960   0.661188  0.163488  0.107123  0.000000  0.000000  0.000000  0.068202  0.000000  
5.497957   0.660980  0.163482  0.107350  0.000000  0.000000  0.000000  0.068187  0.000000  
5.507953   0.660775  0.163477  0.107576  0.000000  0.000000  0.000000  0.068173  0.000000  
5.517949   0.660570  0.163470  0.107802  0.000000  0.000000  0.000000  0.068158  0.000000  
5.527945   0.660367  0.163464  0.108026  0.000000  0.000000  0.000000  0.068142  0.000000  
5.537942   0.660166  0.163458  0.108250  0.000000  0.000000  0.000000  0.068126  0.000000  
5.547938   0.659966  0.163451  0.108473  0.000000  0.000000  0.000000  0.068110  0.000000  
5.557934   0.659768  0.163444  0.108696  0.000000  0.000000  0.000000  0.068093  0.000000  
5.567930   0.659571  0.163436  0.108917  0.000000  0.000000  0.000000  0.068076  0.000000  
5.577927   0.659375  0.163429  0.109138  0.000000  0.000000  0.000000  0.068058  0.000000  
5.587923   0.659181  0.163421  0.109358  0.000000  0.000000  0.000000  0.068040  0.000000  
5.597919   0.658989  0.163413  0.109578  0.000000  0.000000  0.000000  0.068021  0.000000  
5.607915   0.658798  0.163404  0.109796  0.000000  0.000000  0.000000  0.068002  0.000000  
5.617912   0.658608  0.163396  0.110014  0.000000  0.000000  0.000000  0.067982  0.000000  
5.627908   0.658419  0.163387  0.110231  0.000000  0.000000  0.000000  0.067962  0.000000  
5.637904   0.658232  0.163378  0.110448  0.000000  0.000000  0.000000  0.067942  0.000000  
5.647900   0.658047  0.163368  0.110664  0.000000  0.000000  0.000000  0.067921  0.000000  
5.657897   0.657863  0.163359  0.110878  0.000000  0.000000  0.000000  0.067900  0.000000  
5.667893   0.657680  0.163349  0.111093  0.000000  0.000000  0.000000  0.067879  0.000000  
5.677889   0.657498  0.163339  0.111306  0.000000  0.000000  0.000000  0.067857  0.000000  
5.687885   0.657318  0.163328  0.111519  0.000000  0.000000  0.000000  0.067835  0.000000  
5.697882   0.657139  0.163318  0.111731  0.000000  0.000000  0.000000  0.067812  0.000000  
5.707878   0.656962  0.163307  0.111942  0.000000  0.000000  0.000000  0.067789  0.000000  
5.717874   0.656786  0.163296  0.112153  0.000000  0.000000  0.000000  0.067765  0.000000  
5.727870   0.656611  0.163285  0.112363  0.000000  0.000000  0.000000  0.067742  0.000000  
5.737867   0.656437  0.163274  0.112572  0.000000  0.000000  0.000000  0.067717  0.000000  
5.747863   0.656265  0.163262  0.112780  0.000000  0.000000  0.000000  0.067693  0.000000  
5.757859   0.656094  0.163250  0.112988  0.000000  0.000000  0.000000  0.067668  0.000000  
5.767855   0.655924  0.163238  0.113195  0.000000  0.000000  0.000000  0.067643  0.000000  
5.777852   0.655756  0.163226  0.113401  0.000000  0.000000  0.000000  0.067617  0.000000  
5.787848   0.655589  0.163214  0.113607  0.000000  0.000000  0.000000  0.067591  0.000000  
5.797844   0.655423  0.163201  0.113811  0.000000  0.000000  0.000000  0.067565  0.000000  
5.807840   0.655258  0.163188  0.114016  0.000000  0.000000  0.000000  0.067538  0.000000  
5.817837   0.655095  0.163175  0.114219  0.000000  0.000000  0.000000  0.067511  0.000000  
5.827833   0.654932  0.163162  0.114422  0.000000  0.000000  0.000000  0.067484  0.000000  
5.837829   0.654771  0.163149  0.114624  0.000000  0.000000  0.000000  0.067456  0.000000  
5.847825   0.654612  0.163135  0.114825  0.000000  0.000000  0.000000  0.067428  0.000000  
5.857822   0.654453  0.163121  0.115026  0.000000  0.000000  0.000000  0.067399  0.000000  
5.867818   0.654296  0.163108  0.115226  0.000000  0.000000  0.000000  0.067371  0.000000  
5.877814   0.654139  0.163093  0.115425  0.000000  0.000000  0.000000  0.067342  0.000000  
5.887810   0.653984  0.163079  0.115624  0.000000  0.000000  0.000000  0.067313  0.000000  
5.897806   0.653831  0.163065  0.115822  0.000000  0.000000  0.000000  0.067283  0.000000  
5.907803   0.653678  0.163050  0.116019  0.000000  0.000000  0.000000  0.067253  0.000000  
5.917799   0.653526  0.163035  0.116216  0.000000  0.000000  0.000000  0.067223  0.000000  
5.927795   0.653376  0.163020  0.116412  0.000000  0.000000  0.000000  0.067192  0.000000  
5.937791   0.653227  0.163005  0.116607  0.000000  0.000000  0.000000  0.067161  0.000000  
5.947788   0.653078  0.162990  0.116801  0.000000  0.000000  0.000000  0.067130  0.000000  
5.957784   0.652931  0.162974  0.116995  0.000000  0.000000  0.000000  0.067099  0.000000  
5.967780   0.652786  0.162959  0.117189  0.000000  0.000000  0.000000  0.067067  0.000000  
5.977776   0.652641  0.162943  0.117381  0.000000  0.000000  0.000000  0.067035  0.000000  
5.987773   0.652497  0.162927  0.117573  0.000000  0.000000  0.000000  0.067003  0.000000  
5.997769   0.652354  0.162911  0.117764  0.000000  0.000000  0.000000  0.066970  0.000000  
6.007765   0.652213  0.162895  0.117955  0.000000  0.000000  0.000000  0.066937  0.000000  
6.017761   0.652072  0.162878  0.118145  0.000000  0.000000  0.000000  0.066904  0.000000  
6.027758   0.651933  0.162862  0.118334  0.000000  0.000000  0.000000  0.066871  0.000000  
6.037754   0.651795  0.162845  0.118523  0.000000  0.000000  0.000000  0.066837  0.000000  
6.047750   0.651658  0.162828  0.118711  0.000000  0.000000  0.000000  0.066803  0.000000  
6.057746   0.651521  0.162811  0.118898  0.000000  0.000000  0.000000  0.066769  0.000000  
6.067743   0.651386  0.162794  0.119085  0.000000  0.000000  0.000000  0.066735  0.000000  
6.077739   0.651252  0.162777  0.119271  0.000000  0.000000  0.000000  0.066700  0.000000  
6.087735   0.651119  0.162759  0.119456  0.000000  0.000000  0.000000  0.066665  0.000000  
6.097731   0.650987  0.162742  0.119641  0.000000  0.000000  0.000000  0.066630  0.000000  
6.107728   0.650856  0.162724  0.119825  0.000000  0.000000  0.000000  0.066595  0.000000  
6.117724   0.650726  0.162706  0.120009  0.000000  0.000000  0.000000  0.066559  0.000000  
6.127720   0.650597  0.162689  0.120192  0.000000  0.000000  0.000000  0.066523  0.000000  
6.137716   0.650469  0.162670  0.120374  0.000000  0.000000  0.000000  0.066487  0.000000  
6.147713   0.650342  0.162652  0.120555  0.000000  0.000000  0.000000  0.066450  0.000000  
6.157709   0.650216  0.162634  0.120736  0.000000  0.000000  0.000000  0.066414  0.000000  
6.167705   0.650091  0.162616  0.120917  0.000000  0.000000  0.000000  0.066377  0.000000  
6.177701   0.649967  0.162597  0.121096  0.000000  0.000000  0.000000  0.066340  0.000000  
6.187698   0.649844  0.162578  0.121276  0.000000  0.000000  0.000000  0.066302  0.000000  
6.197694   0.649722  0.162559  0.121454  0.000000  0.000000  0.000000  0.066265  0.000000  
6.207690   0.649600  0.162541  0.121632  0.000000  0.000000  0.000000  0.066227  0.000000  
6.217686   0.649480  0.162522  0.121809  0.000000  0.000000  0.000000  0.066189  0.000000  
6.227683   0.649361  0.162502  0.121986  0.000000  0.000000  0.000000  0.066151  0.000000  
6.237679   0.649242  0.162483  0.122162  0.000000  0.000000  0.000000  0.066112  0.000000  
6.247675   0.649125  0.162464  0.122337  0.000000  0.000000  0.000000  0.066074  0.000000  
6.257671   0.649008  0.162444  0.122512  0.000000  0.000000  0.000000  0.066035  0.000000  
6.267668   0.648893  0.162425  0.122686  0.000000  0.000000  0.000000  0.065996  0.000000  
6.277664   0.648778  0.162405  0.122860  0.000000  0.000000  0.000000  0.065957  0.000000  
6.287660   0.648664  0.162385  0.123033  0.000000  0.000000  0.000000  0.065917  0.000000  
6.297656   0.648551  0.162365  0.123206  0.000000  0.000000  0.000000  0.065878  0.000000  
6.307653   0.648439  0.162345  0.123377  0.000000  0.000000  0.000000  0.065838  0.000000  
6.317649   0.648328  0.162325  0.123549  0.000000  0.000000  0.000000  0.065798  0.000000  
6.327645   0.648218  0.162305  0.123719  0.000000  0.000000  0.000000  0.065757  0.000000  
6.337641   0.648109  0.162285  0.123889  0.000000  0.000000  0.000000  0.065717  0.000000  
6.347638   0.648000  0.162264  0.124059  0.000000  0.000000  0.000000  0.065676  0.000000  
6.357634   0.647893  0.162244  0.124228  0.000000  0.000000  0.000000  0.065636  0.000000  
6.367630   0.647786  0.162223  0.124396  0.000000  0.000000  0.000000  0.065595  0.000000  
6.377626   0.647680  0.162203  0.124564  0.000000  0.000000  0.000000  0.065553  0.000000  
6.387623   0.647575  0.162182  0.124731  0.000000  0.000000  0.000000  0.065512  0.000000  
6.397619   0.647471  0.162161  0.124898  0.000000  0.000000  0.000000  0.065471  0.000000  
6.407615   0.647367  0.162140  0.125064  0.000000  0.000000  0.000000  0.065429  0.000000  
6.417611   0.647265  0.162119  0.125229  0.000000  0.000000  0.000000  0.065387  0.000000  
6.427608   0.647163  0.162098  0.125394  0.000000  0.000000  0.000000  0.065345  0.000000  
6.437604   0.647062  0.162077  0.125558  0.000000  0.000000  0.000000  0.065303  0.000000  
6.447600   0.646962  0.162055  0.125722  0.000000  0.000000  0.000000  0.065260  0.000000  
6.457596   0.646863  0.162034  0.125885  0.000000  0.000000  0.000000  0.065218  0.000000  
6.467593   0.646764  0.162013  0.126048  0.000000  0.000000  0.000000  0.065175  0.000000  
6.477589   0.646667  0.161991  0.126210  0.000000  0.000000  0.000000  0.065132  0.000000  
6.487585   0.646570  0.161970  0.126371  0.000000  0.000000  0.000000  0.065089  0.000000  
6.497581   0.646474  0.161948  0.126532  0.000000  0.000000  0.000000  0.065046  0.000000  
6.507578   0.646379  0.161926  0.126693  0.000000  0.000000  0.000000  0.065003  0.000000  
6.517574   0.646284  0.161904  0.126853  0.000000  0.000000  0.000000  0.064959  0.000000  
6.527570   0.646190  0.161882  0.127012  0.000000  0.000000  0.000000  0.064915  0.000000  
6.537566   0.646097  0.161860  0.127171  0.000000  0.000000  0.000000  0.064872  0.000000  
6.547563   0.646005  0.161838  0.127329  0.000000  0.000000  0.000000  0.064828  0.000000  
6.557559   0.645914  0.161816  0.127486  0.000000  0.000000  0.000000  0.064784  0.000000  
6.567555   0.645823  0.161794  0.127644  0.000000  0.000000  0.000000  0.064739  0.000000  
6.577551   0.645733  0.161772  0.127800  0.000000  0.000000  0.000000  0.064695  0.000000  
6.587548   0.645644  0.161749  0.127956  0.000000  0.000000  0.000000  0.064650  0.000000  
6.597544   0.645556  0.161727  0.128112  0.000000  0.000000  0.000000  0.064606  0.000000  
6.607540   0.645468  0.161705  0.128266  0.000000  0.000000  0.000000  0.064561  0.000000  
6.617536   0.645381  0.161682  0.128421  0.000000  0.000000  0.000000  0.064516  0.000000  
6.627533   0.645295  0.161659  0.128575  0.000000  0.000000  0.000000  0.064471  0.000000  
6.637529   0.645209  0.161637  0.128728  0.000000  0.000000  0.000000  0.064426  0.000000  
6.647525   0.645125  0.161614  0.128881  0.000000  0.000000  0.000000  0.064381  0.000000  
6.657521   0.645040  0.161591  0.129033  0.000000  0.000000  0.000000  0.064335  0.000000  
6.667518   0.644957  0.161568  0.129185  0.000000  0.000000  0.000000  0.064289  0.000000  
6.677514   0.644874  0.161546  0.129336  0.000000  0.000000  0.000000  0.064244  0.000000  
6.687510   0.644793  0.161523  0.129487  0.000000  0.000000  0.000000  0.064198  0.000000  
6.697506   0.644711  0.161500  0.129637  0.000000  0.000000  0.000000  0.064152  0.000000  
6.707503   0.644631  0.161477  0.129787  0.000000  0.000000  0.000000  0.064106  0.000000  
6.717499   0.644551  0.161453  0.129936  0.000000  0.000000  0.000000  0.064060  0.000000  
6.727495   0.644472  0.161430  0.130085  0.000000  0.000000  0.000000  0.064013  0.000000  
6.737491   0.644393  0.161407  0.130233  0.000000  0.000000  0.000000  0.063967  0.000000  
6.747488   0.644315  0.161384  0.130380  0.000000  0.000000  0.000000  0.063920  0.000000  
6.757484   0.644238  0.161361  0.130527  0.000000  0.000000  0.000000  0.063874  0.000000  
6.767480   0.644162  0.161337  0.130674  0.000000  0.000000  0.000000  0.063827  0.000000  
6.777476   0.644086  0.161314  0.130820  0.000000  0.000000  0.000000  0.063780  0.000000  
6.787473   0.644011  0.161290  0.130966  0.000000  0.000000  0.000000  0.063733  0.000000  
6.797469   0.643936  0.161267  0.131111  0.000000  0.000000  0.000000  0.063686  0.000000  
6.807465   0.643862  0.161243  0.131255  0.000000  0.000000  0.000000  0.063639  0.000000  
6.817461   0.643789  0.161220  0.131400  0.000000  0.000000  0.000000  0.063592  0.000000  
6.827458   0.643717  0.161196  0.131543  0.000000  0.000000  0.000000  0.063544  0.000000  
6.837454   0.643645  0.161172  0.131686  0.000000  0.000000  0.000000  0.063497  0.000000  
6.847450   0.643574  0.161148  0.131829  0.000000  0.000000  0.000000  0.063449  0.000000  
6.857446   0.643503  0.161125  0.131971  0.000000  0.000000  0.000000  0.063401  0.000000  
6.867443   0.643433  0.161101  0.132113  0.000000  0.000000  0.000000  0.063354  0.000000  
6.877439   0.643364  0.161077  0.132254  0.000000  0.000000  0.000000  0.063306  0.000000  
6.887435   0.643295  0.161053  0.132395  0.000000  0.000000  0.000000  0.063258  0.000000  
6.897431   0.643227  0.161029  0.132535  0.000000  0.000000  0.000000  0.063210  0.000000  
6.907428   0.643159  0.161005  0.132674  0.000000  0.000000  0.000000  0.063161  0.000000  
6.917424   0.643092  0.160981  0.132814  0.000000  0.000000  0.000000  0.063113  0.000000  
6.927420   0.643026  0.160957  0.132952  0.000000  0.000000  0.000000  0.063065  0.000000  
6.937416   0.642960  0.160933  0.133091  0.000000  0.000000  0.000000  0.063016  0.000000  
6.947413   0.642895  0.160909  0.133228  0.000000  0.000000  0.000000  0.062968  0.000000  
6.957409   0.642831  0.160885  0.133366  0.000000  0.000000  0.000000  0.062919  0.000000  
6.967405   0.642767  0.160860  0.133503  0.000000  0.000000  0.000000  0.062870  0.000000  
6.977401   0.642703  0.160836  0.133639  0.000000  0.000000  0.000000  0.062821  0.000000  
6.987398   0.642641  0.160812  0.133775  0.000000  0.000000  0.000000  0.062773  0.000000  
6.997394   0.642578  0.160788  0.133910  0.000000  0.000000  0.000000  0.062724  0.000000  
7.007390   0.642517  0.160763  0.134045  0.000000  0.000000  0.000000  0.062675  0.000000  
7.017386   0.642456  0.160739  0.134180  0.000000  0.000000  0.000000  0.062625  0.000000  
7.027383   0.642395  0.160714  0.134314  0.000000  0.000000  0.000000  0.062576  0.000000  
7.037379   0.642336  0.160690  0.134448  0.000000  0.000000  0.000000  0.062527  0.000000  
7.047375   0.642276  0.160666  0.134581  0.000000  0.000000  0.000000  0.062477  0.000000  
7.057371   0.642218  0.160641  0.134713  0.000000  0.000000  0.000000  0.062428  0.000000  
7.067368   0.642159  0.160616  0.134846  0.000000  0.000000  0.000000  0.062378  0.000000  
7.077364   0.642102  0.160592  0.134978  0.000000  0.000000  0.000000  0.062329  0.000000  
7.087360   0.642045  0.160567  0.135109  0.000000  0.000000  0.000000  0.062279  0.000000  
7.097356   0.641988  0.160543  0.135240  0.000000  0.000000  0.000000  0.062229  0.000000  
7.107353   0.641932  0.160518  0.135370  0.000000  0.000000  0.000000  0.062179  0.000000  
7.117349   0.641877  0.160493  0.135500  0.000000  0.000000  0.000000  0.062129  0.000000  
7.127345   0.641822  0.160469  0.135630  0.000000  0.000000  0.000000  0.062079  0.000000  
7.137341   0.641768  0.160444  0.135759  0.000000  0.000000  0.000000  0.062029  0.000000  
7.147338   0.641714  0.160419  0.135888  0.000000  0.000000  0.000000  0.061979  0.000000  
7.157334   0.641661  0.160394  0.136016  0.000000  0.000000  0.000000  0.061929  0.000000  
7.167330   0.641608  0.160370  0.136144  0.000000  0.000000  0.000000  0.061879  0.000000  
7.177326   0.641556  0.160345  0.136271  0.000000  0.000000  0.000000  0.061828  0.000000  
7.187323   0.641504  0.160320  0.136398  0.000000  0.000000  0.000000  0.061778  0.000000  
7.197319   0.641453  0.160295  0.136525  0.000000  0.000000  0.000000  0.061727  0.000000  
7.207315   0.641402  0.160270  0.136651  0.000000  0.000000  0.000000  0.061677  0.000000  
7.217311   0.641352  0.160245  0.136776  0.000000  0.000000  0.000000  0.061626  0.000000  
7.227308   0.641303  0.160220  0.136902  0.000000  0.000000  0.000000  0.061575  0.000000  
7.237304   0.641254  0.160195  0.137027  0.000000  0.000000  0.000000  0.061525  0.000000  
7.247300   0.641205  0.160170  0.137151  0.000000  0.000000  0.000000  0.061474  0.000000  
7.257296   0.641157  0.160145  0.137275  0.000000  0.000000  0.000000  0.061423  0.000000  
7.267293   0.641109  0.160120  0.137398  0.000000  0.000000  0.000000  0.061372  0.000000  
7.277289   0.641062  0.160095  0.137522  0.000000  0.000000  0.000000  0.061321  0.000000  
7.287285   0.641016  0.160070  0.137644  0.000000  0.000000  0.000000  0.061270  0.000000  
7.297281   0.640969  0.160045  0.137767  0.000000  0.000000  0.000000  0.061219  0.000000  
7.307277   0.640924  0.160020  0.137888  0.000000  0.000000  0.000000  0.061168  0.000000  
7.317274   0.640878  0.159995  0.138010  0.000000  0.000000  0.000000  0.061117  0.000000  
7.327270   0.640834  0.159970  0.138131  0.000000  0.000000  0.000000  0.061066  0.000000  
7.337266   0.640789  0.159945  0.138251  0.000000  0.000000  0.000000  0.061015  0.000000  
7.347262   0.640746  0.159920  0.138372  0.000000  0.000000  0.000000  0.060963  0.000000  
7.357259   0.640702  0.159894  0.138491  0.000000  0.000000  0.000000  0.060912  0.000000  
7.367255   0.640659  0.159869  0.138611  0.000000  0.000000  0.000000  0.060861  0.000000  
7.377251   0.640617  0.159844  0.138730  0.000000  0.000000  0.000000  0.060810  0.000000  
7.387247   0.640575  0.159819  0.138848  0.000000  0.000000  0.000000  0.060758  0.000000  
7.397244   0.640533  0.159794  0.138966  0.000000  0.000000  0.000000  0.060707  0.000000  
7.407240   0.640492  0.159769  0.139084  0.000000  0.000000  0.000000  0.060655  0.000000  
7.417236   0.640451  0.159744  0.139201  0.000000  0.000000  0.000000  0.060604  0.000000  
7.427232   0.640411  0.159719  0.139318  0.000000  0.000000  0.000000  0.060553  0.000000  
7.437229   0.640371  0.159693  0.139434  0.000000  0.000000  0.000000  0.060501  0.000000  
7.447225   0.640331  0.159668  0.139550  0.000000  0.000000  0.000000  0.060450  0.000000  
7.457221   0.640292  0.159643  0.139666  0.000000  0.000000  0.000000  0.060398  0.000000  
7.467217   0.640254  0.159618  0.139781  0.000000  0.000000  0.000000  0.060347  0.000000  
7.477214   0.640215  0.159593  0.139896  0.000000  0.000000  0.000000  0.060296  0.000000  
7.487210   0.640178  0.159568  0.140010  0.000000  0.000000  0.000000  0.060244  0.000000  
7.497206   0.640140  0.159543  0.140124  0.000000  0.000000  0.000000  0.060193  0.000000  
7.507202   0.640103  0.159518  0.140238  0.000000  0.000000  0.000000  0.060141  0.000000  
7.517199   0.640066  0.159493  0.140351  0.000000  0.000000  0.000000  0.060090  0.000000  
7.527195   0.640030  0.159468  0.140464  0.000000  0.000000  0.000000  0.060038  0.000000  
7.537191   0.639994  0.159443  0.140576  0.000000  0.000000  0.000000  0.059987  0.000000  
7.547187   0.639959  0.159418  0.140688  0.000000  0.000000  0.000000  0.059935  0.000000  
7.557184   0.639924  0.159393  0.140800  0.000000  0.000000  0.000000  0.059884  0.000000  
7.567180   0.639889  0.159368  0.140911  0.000000  0.000000  0.000000  0.059833  0.000000  
7.577176   0.639855  0.159343  0.141021  0.000000  0.000000  0.000000  0.059781  0.000000  
7.587172   0.639821  0.159318  0.141132  0.000000  0.000000  0.000000  0.059730  0.000000  
7.597169   0.639784  0.159294  0.141242  0.000004  0.000000  0.000000  0.059676  0.000000  
7.607165   0.639735  0.159274  0.141351  0.000028  0.000000  0.000000  0.059612  0.000000  
7.617161   0.639679  0.159257  0.141459  0.000062  0.000000  0.000000  0.059542  0.000000  
7.627157   0.639619  0.159242  0.141567  0.000103  0.000000  0.000000  0.059468  0.000000  
7.637154   0.639556  0.159228  0.141675  0.000149  0.000000  0.000000  0.059392  0.000000  
7.647150   0.639490  0.159215  0.141782  0.000200  0.000000  0.000000  0.059314  0.000000  
7.657146   0.639422  0.159203  0.141889  0.000254  0.000000  0.000000  0.059233  0.000000  
7.667142   0.639352  0.159191  0.141995  0.000312  0.000000  0.000000  0.059151  0.000000  
7.677139   0.639280  0.159180  0.142100  0.000372  0.000000  0.000000  0.059067  0.000000  
7.687135   0.639207  0.159170  0.142206  0.000435  0.000000  0.000000  0.058982  0.000000  
7.697131   0.639133  0.159161  0.142310  0.000501  0.000000  0.000000  0.058895  0.000000  
7.707127   0.639057  0.159152  0.142415  0.000568  0.000000  0.000000  0.058808  0.000000  
7.717124   0.638981  0.159144  0.142518  0.000638  0.000000  0.000000  0.058719  0.000000  
7.727120   0.638903  0.159136  0.142622  0.000710  0.000000  0.000000  0.058630  0.000000  
7.737116   0.638825  0.159128  0.142725  0.000783  0.000000  0.000000  0.058539  0.000000  
7.747112   0.638746  0.159121  0.142827  0.000858  0.000000  0.000000  0.058448  0.000000  
7.757109   0.638666  0.159114  0.142929  0.000934  0.000000  0.000000  0.058356  0.000000  
7.767105   0.638586  0.159108  0.143031  0.001012  0.000000  0.000000  0.058264  0.000000  
7.777101   0.638505  0.159102  0.143132  0.001091  0.000000  0.000000  0.058171  0.000000  
7.787097   0.638423  0.159096  0.143233  0.001171  0.000000  0.000000  0.058077  0.000000  
7.797094   0.638341  0.159091  0.143333  0.001252  0.000000  0.000000  0.057982  0.000000  
7.807090   0.638259  0.159086  0.143433  0.001335  0.000000  0.000000  0.057887  0.000000  
7.817086   0.638176  0.159081  0.143533  0.001418  0.000000  0.000000  0.057792  0.000000  
7.827082   0.638092  0.159077  0.143632  0.001503  0.000000  0.000000  0.057696  0.000000  
7.837079   0.638009  0.159073  0.143730  0.001589  0.000000  0.000000  0.057600  0.000000  
7.847075   0.637925  0.159069  0.143828  0.001675  0.000000  0.000000  0.057503  0.000000  
7.857071   0.637840  0.159065  0.143926  0.001762  0.000000  0.000000  0.057406  0.000000  
7.867067   0.637756  0.159062  0.144024  0.001850  0.000000  0.000000  0.057309  0.000000  
7.877064   0.637671  0.159058  0.144120  0.001939  0.000000  0.000000  0.057211  0.000000  
7.887060   0.637586  0.159055  0.144217  0.002029  0.000000  0.000000  0.057113  0.000000  
7.897056   0.637501  0.159053  0.144313  0.002119  0.000000  0.000000  0.057014  0.000000  
7.907052   0.637415  0.159050  0.144409  0.002210  0.000000  0.000000  0.056916  0.000000  
7.917049   0.637330  0.159048  0.144504  0.002302  0.000000  0.000000  0.056817  0.000000  
7.927045   0.637244  0.159046  0.144599  0.002394  0.000000  0.000000  0.056718  0.000000  
7.937041   0.637158  0.159044  0.144693  0.002487  0.000000  0.000000  0.056619  0.000000  
7.947037   0.637072  0.159042  0.144787  0.002580  0.000000  0.000000  0.056519  0.000000  
7.957034   0.636986  0.159041  0.144881  0.002674  0.000000  0.000000  0.056419  0.000000  
7.967030   0.636900  0.159039  0.144974  0.002768  0.000000  0.000000  0.056319  0.000000  
7.977026   0.636813  0.159038  0.145066  0.002863  0.000000  0.000000  0.056219  0.000000  
7.987022   0.636727  0.159037  0.145159  0.002958  0.000000  0.000000  0.056119  0.000000  
7.997019   0.636640  0.159036  0.145251  0.003054  0.000000  0.000000  0.056019  0.000000  
8.007015   0.636554  0.159035  0.145342  0.003150  0.000000  0.000000  0.055918  0.000000  
8.017011   0.636467  0.159035  0.145433  0.003247  0.000000  0.000000  0.055818  0.000000  
8.027007   0.636381  0.159034  0.145524  0.003344  0.000000  0.000000  0.055717  0.000000  
8.037004   0.636294  0.159034  0.145614  0.003441  0.000000  0.000000  0.055616  0.000000  
8.047000   0.636208  0.159034  0.145704  0.003539  0.000000  0.000000  0.055516  0.000000  
8.056996   0.636121  0.159034  0.145794  0.003637  0.000000  0.000000  0.055415  0.000000  
8.066992   0.636034  0.159034  0.145883  0.003735  0.000000  0.000000  0.055314  0.000000  
8.076989   0.635948  0.159035  0.145971  0.003834  0.000000  0.000000  0.055213  0.000000  
8.086985   0.635861  0.159035  0.146059  0.003933  0.000000  0.000000  0.055111  0.000000  
8.096981   0.635775  0.159036  0.146147  0.004032  0.000000  0.000000  0.055010  0.000000  
8.106977   0.635688  0.159036  0.146235  0.004131  0.000000  0.000000  0.054909  0.000000  
8.116974   0.635602  0.159037  0.146322  0.004231  0.000000  0.000000  0.054808  0.000000  
8.126970   0.635516  0.159038  0.146408  0.004331  0.000000  0.000000  0.054707  0.000000  
8.136966   0.635429  0.159039  0.146495  0.004431  0.000000  0.000000  0.054606  0.000000  
8.146962   0.635343  0.159041  0.146580  0.004532  0.000000  0.000000  0.054504  0.000000  
8.156959   0.635257  0.159042  0.146666  0.004632  0.000000  0.000000  0.054403  0.000000  
8.166955   0.635171  0.159044  0.146751  0.004733  0.000000  0.000000  0.054302  0.000000  
8.176951   0.635085  0.159045  0.146836  0.004834  0.000000  0.000000  0.054201  0.000000  
8.186947   0.634999  0.159047  0.146920  0.004935  0.000000  0.000000  0.054100  0.000000  
8.196944   0.634913  0.159049  0.147004  0.005036  0.000000  0.000000  0.053998  0.000000  
8.206940   0.634827  0.159051  0.147087  0.005138  0.000000  0.000000  0.053897  0.000000  
8.216936   0.634741  0.159053  0.147170  0.005240  0.000000  0.000000  0.053796  0.000000  
8.226932   0.634655  0.159055  0.147253  0.005341  0.000000  0.000000  0.053695  0.000000  
8.236929   0.634570  0.159057  0.147335  0.005443  0.000000  0.000000  0.053594  0.000000  
8.246925   0.634485  0.159060  0.147417  0.005545  0.000000  0.000000  0.053493  0.000000  
8.256921   0.634399  0.159062  0.147499  0.005647  0.000000  0.000000  0.053393  0.000000  
8.266917   0.634314  0.159065  0.147580  0.005750  0.000000  0.000000  0.053292  0.000000  
8.276914   0.634229  0.159067  0.147661  0.005852  0.000000  0.000000  0.053191  0.000000  
8.286910   0.634144  0.159070  0.147741  0.005955  0.000000  0.000000  0.053090  0.000000  
8.296906   0.634059  0.159073  0.147821  0.006057  0.000000  0.000000  0.052990  0.000000  
8.306902   0.633974  0.159076  0.147901  0.006160  0.000000  0.000000  0.052889  0.000000  
8.316899   0.633890  0.159079  0.147980  0.006262  0.000000  0.000000  0.052789  0.000000  
8.326895   0.633805  0.159082  0.148059  0.006365  0.000000  0.000000  0.052689  0.000000  
8.336891   0.633721  0.159086  0.148137  0.006468  0.000000  0.000000  0.052588  0.000000  
8.346887   0.633637  0.159089  0.148215  0.006571  0.000000  0.000000  0.052488  0.000000  
8.356884   0.633553  0.159093  0.148293  0.006674  0.000000  0.000000  0.052388  0.000000  
8.366880   0.633469  0.159096  0.148370  0.006777  0.000000  0.000000  0.052288  0.000000  
8.376876   0.633385  0.159100  0.148447  0.006880  0.000000  0.000000  0.052189  0.000000  
8.386872   0.633301  0.159104  0.148524  0.006983  0.000000  0.000000  0.052089  0.000000  
8.396869   0.633218  0.159107  0.148600  0.007086  0.000000  0.000000  0.051989  0.000000  
8.406865   0.633134  0.159111  0.148676  0.007189  0.000000  0.000000  0.051890  0.000000  
8.416861   0.633051  0.159115  0.148751  0.007292  0.000000  0.000000  0.051791  0.000000  
8.426857   0.632968  0.159119  0.148826  0.007395  0.000000  0.000000  0.051691  0.000000  
8.436854   0.632885  0.159124  0.148901  0.007498  0.000000  0.000000  0.051592  0.000000  
8.446850   0.632802  0.159128  0.148975  0.007601  0.000000  0.000000  0.051493  0.000000  
8.456846   0.632720  0.159132  0.149049  0.007704  0.000000  0.000000  0.051394  0.000000  
8.466842   0.632637  0.159137  0.149123  0.007808  0.000000  0.000000  0.051296  0.000000  
8.476839   0.632555  0.159141  0.149196  0.007911  0.000000  0.000000  0.051197  0.000000  
8.486835   0.632473  0.159146  0.149269  0.008014  0.000000  0.000000  0.051099  0.000000  
8.496831   0.632391  0.159151  0.149341  0.008117  0.000000  0.000000  0.051001  0.000000  
8.506827   0.632309  0.159155  0.149413  0.008220  0.000000  0.000000  0.050902  0.000000  
8.516824   0.632227  0.159160  0.149485  0.008323  0.000000  0.000000  0.050804  0.000000  
8.526820   0.632146  0.159165  0.149557  0.008426  0.000000  0.000000  0.050707  0.000000  
8.536816   0.632065  0.159170  0.149628  0.008529  0.000000  0.000000  0.050609  0.000000  
8.546812   0.631983  0.159175  0.149698  0.008632  0.000000  0.000000  0.050511  0.000000  
8.556809   0.631902  0.159180  0.149769  0.008735  0.000000  0.000000  0.050414  0.000000  
8.566805   0.631822  0.159186  0.149839  0.008837  0.000000  0.000000  0.050317  0.000000  
8.576801   0.631741  0.159191  0.149908  0.008940  0.000000  0.000000  0.050220  0.000000  
8.586797   0.631660  0.159196  0.149977  0.009043  0.000000  0.000000  0.050123  0.000000  
8.596794   0.631580  0.159202  0.150046  0.009146  0.000000  0.000000  0.050026  0.000000  
8.606790   0.631500  0.159207  0.150115  0.009248  0.000000  0.000000  0.049930  0.000000  
8.616786   0.631420  0.159213  0.150183  0.009351  0.000000  0.000000  0.049833  0.000000  
8.626782   0.631340  0.159219  0.150251  0.009453  0.000000  0.000000  0.049737  0.000000  
8.636779   0.631260  0.159225  0.150318  0.009556  0.000000  0.000000  0.049641  0.000000  
8.646775   0.631181  0.159230  0.150385  0.009658  0.000000  0.000000  0.049545  0.000000  
8.656771   0.631102  0.159236  0.150452  0.009760  0.000000  0.000000  0.049449  0.000000  
8.666767   0.631022  0.159242  0.150519  0.009863  0.000000  0.000000  0.049354  0.000000  
8.676764   0.630944  0.159248  0.150585  0.009965  0.000000  0.000000  0.049259  0.000000  
8.686760   0.630865  0.159255  0.150650  0.010067  0.000000  0.000000  0.049163  0.000000  
8.696756   0.630786  0.159261  0.150716  0.010169  0.000000  0.000000  0.049068  0.000000  
8.706752   0.630708  0.159267  0.150781  0.010271  0.000000  0.000000  0.048974  0.000000  
8.716748   0.630630  0.159273  0.150846  0.010372  0.000000  0.000000  0.048879  0.000000  
8.726745   0.630551  0.159280  0.150910  0.010474  0.000000  0.000000  0.048785  0.000000  
8.736741   0.630474  0.159286  0.150974  0.010576  0.000000  0.000000  0.048690  0.000000  
8.746737   0.630396  0.159293  0.151038  0.010677  0.000000  0.000000  0.048596  0.000000  
8.756733   0.630318  0.159300  0.151101  0.010779  0.000000  0.000000  0.048502  0.000000  
8.766730   0.630241  0.159306  0.151164  0.010880  0.000000  0.000000  0.048409  0.000000  
8.776726   0.630164  0.159313  0.151226  0.010981  0.000000  0.000000  0.048315  0.000000  
8.786722   0.630087  0.159320  0.151289  0.011083  0.000000  0.000000  0.048222  0.000000  
8.796718   0.630010  0.159327  0.151351  0.011184  0.000000  0.000000  0.048129  0.000000  
8.806715   0.629933  0.159334  0.151412  0.011284  0.000000  0.000000  0.048036  0.000000  
8.816711   0.629857  0.159341  0.151474  0.011385  0.000000  0.000000  0.047943  0.000000  
8.826707   0.629781  0.159348  0.151535  0.011486  0.000000  0.000000  0.047851  0.000000  
8.836703   0.629705  0.159355  0.151595  0.011587  0.000000  0.000000  0.047758  0.000000  
8.846700   0.629629  0.159362  0.151656  0.011687  0.000000  0.000000  0.047666  0.000000  
8.856696   0.629553  0.159370  0.151716  0.011787  0.000000  0.000000  0.047574  0.000000  
8.866692   0.629477  0.159377  0.151775  0.011888  0.000000  0.000000  0.047483  0.000000  
8.876688   0.629402  0.159385  0.151834  0.011988  0.000000  0.000000  0.047391  0.000000  
8.886685   0.629327  0.159392  0.151893  0.012088  0.000000  0.000000  0.047300  0.000000  
8.896681   0.629252  0.159400  0.151952  0.012188  0.000000  0.000000  0.047209  0.000000  
8.906677   0.629177  0.159407  0.152010  0.012288  0.000000  0.000000  0.047118  0.000000  
8.916673   0.629102  0.159415  0.152068  0.012387  0.000000  0.000000  0.047027  0.000000  
8.926670   0.629028  0.159423  0.152126  0.012487  0.000000  0.000000  0.046937  0.000000  
8.936666   0.628954  0.159431  0.152183  0.012586  0.000000  0.000000  0.046846  0.000000  
8.946662   0.628879  0.159438  0.152240  0.012685  0.000000  0.000000  0.046756  0.000000  
8.956658   0.628806  0.159446  0.152297  0.012785  0.000000  0.000000  0.046666  0.000000  
8.966655   0.628732  0.159454  0.152353  0.012884  0.000000  0.000000  0.046577  0.000000  
8.976651   0.628658  0.159463  0.152410  0.012982  0.000000  0.000000  0.046487  0.000000  
8.986647   0.628585  0.159471  0.152465  0.013081  0.000000  0.000000  0.046398  0.000000  
8.996643   0.628512  0.159479  0.152521  0.013180  0.000000  0.000000  0.046309  0.000000  
9.006640   0.628439  0.159487  0.152576  0.013278  0.000000  0.000000  0.046220  0.000000  
9.016636   0.628366  0.159496  0.152631  0.013377  0.000000  0.000000  0.046131  0.000000  
9.026632   0.628293  0.159504  0.152685  0.013475  0.000000  0.000000  0.046043  0.000000  
9.036628   0.628221  0.159512  0.152739  0.013573  0.000000  0.000000  0.045955  0.000000  
9.046625   0.628148  0.159521  0.152793  0.013671  0.000000  0.000000  0.045867  0.000000  
9.056621   0.628076  0.159529  0.152847  0.013769  0.000000  0.000000  0.045779  0.000000  
9.066617   0.628004  0.159538  0.152900  0.013866  0.000000  0.000000  0.045692  0.000000  
9.076613   0.627933  0.159547  0.152953  0.013964  0.000000  0.000000  0.045604  0.000000  
9.086610   0.627861  0.159556  0.153005  0.014061  0.000000  0.000000  0.045517  0.000000  
9.096606   0.627790  0.159564  0.153058  0.014158  0.000000  0.000000  0.045430  0.000000  
9.106602   0.627718  0.159573  0.153110  0.014255  0.000000  0.000000  0.045343  0.000000  
9.116598   0.627647  0.159582  0.153161  0.014352  0.000000  0.000000  0.045257  0.000000  
9.126595   0.627576  0.159591  0.153213  0.014449  0.000000  0.000000  0.045171  0.000000  
9.136591   0.627506  0.159600  0.153264  0.014546  0.000000  0.000000  0.045085  0.000000  
9.146587   0.627435  0.159609  0.153314  0.014642  0.000000  0.000000  0.044999  0.000000  
9.156583   0.627365  0.159619  0.153365  0.014739  0.000000  0.000000  0.044913  0.000000  
9.166580   0.627295  0.159628  0.153415  0.014835  0.000000  0.000000  0.044828  0.000000  
9.176576   0.627225  0.159637  0.153465  0.014931  0.000000  0.000000  0.044743  0.000000  
9.186572   0.627155  0.159646  0.153514  0.015027  0.000000  0.000000  0.044658  0.000000  
9.196568   0.627085  0.159656  0.153564  0.015122  0.000000  0.000000  0.044573  0.000000  
9.206565   0.627016  0.159665  0.153613  0.015218  0.000000  0.000000  0.044488  0.000000  
9.216561   0.626947  0.159675  0.153661  0.015313  0.000000  0.000000  0.044404  0.000000  
9.226557   0.626878  0.159684  0.153710  0.015408  0.000000  0.000000  0.044320  0.000000  
9.236553   0.626809  0.159694  0.153758  0.015504  0.000000  0.000000  0.044236  0.000000  
9.246550   0.626740  0.159704  0.153805  0.015598  0.000000  0.000000  0.044152  0.000000  
9.256546   0.626672  0.159713  0.153853  0.015693  0.000000  0.000000  0.044069  0.000000  
9.266542   0.626603  0.159723  0.153900  0.015788  0.000000  0.000000  0.043986  0.000000  
9.276538   0.626535  0.159733  0.153947  0.015882  0.000000  0.000000  0.043903  0.000000  
9.286535   0.626467  0.159743  0.153994  0.015977  0.000000  0.000000  0.043820  0.000000  
9.296531   0.626399  0.159753  0.154040  0.016071  0.000000  0.000000  0.043737  0.000000  
9.306527   0.626331  0.159763  0.154086  0.016165  0.000000  0.000000  0.043655  0.000000  
9.316523   0.626264  0.159773  0.154132  0.016259  0.000000  0.000000  0.043573  0.000000  
9.326520   0.626197  0.159783  0.154177  0.016352  0.000000  0.000000  0.043491  0.000000  
9.336516   0.626129  0.159793  0.154222  0.016446  0.000000  0.000000  0.043409  0.000000  
9.346512   0.626062  0.159804  0.154267  0.016539  0.000000  0.000000  0.043328  0.000000  
9.356508   0.625996  0.159814  0.154312  0.016632  0.000000  0.000000  0.043247  0.000000  
9.366505   0.625929  0.159824  0.154356  0.016725  0.000000  0.000000  0.043166  0.000000  
9.376501   0.625863  0.159835  0.154400  0.016818  0.000000  0.000000  0.043085  0.000000  
9.386497   0.625796  0.159845  0.154444  0.016911  0.000000  0.000000  0.043004  0.000000  
9.396493   0.625730  0.159856  0.154487  0.017003  0.000000  0.000000  0.042924  0.000000  
9.406490   0.625664  0.159866  0.154530  0.017096  0.000000  0.000000  0.042844  0.000000  
9.416486   0.625598  0.159877  0.154573  0.017188  0.000000  0.000000  0.042764  0.000000  
9.426482   0.625533  0.159888  0.154616  0.017280  0.000000  0.000000  0.042684  0.000000  
9.436478   0.625467  0.159898  0.154658  0.017372  0.000000  0.000000  0.042605  0.000000  
9.446475   0.625402  0.159909  0.154700  0.017463  0.000000  0.000000  0.042525  0.000000  
9.456471   0.625337  0.159920  0.154742  0.017555  0.000000  0.000000  0.042446  0.000000  
9.466467   0.625272  0.159931  0.154783  0.017646  0.000000  0.000000  0.042367  0.000000  
9.476463   0.625207  0.159942  0.154825  0.017737  0.000000  0.000000  0.042289  0.000000  
9.486460   0.625143  0.159953  0.154866  0.017828  0.000000  0.000000  0.042210  0.000000  
9.496456   0.625078  0.159964  0.154906  0.017919  0.000000  0.000000  0.042132  0.000000  
9.506452   0.625014  0.159975  0.154947  0.018010  0.000000  0.000000  0.042054  0.000000  
9.516448   0.624950  0.159986  0.154987  0.018100  0.000000  0.000000  0.041977  0.000000  
9.526445   0.624886  0.159997  0.155027  0.018191  0.000000  0.000000  0.041899  0.000000  
9.536441   0.624822  0.160008  0.155066  0.018281  0.000000  0.000000  0.041822  0.000000  
9.546437   0.624759  0.160020  0.155106  0.018371  0.000000  0.000000  0.041745  0.000000  
9.556433   0.624695  0.160031  0.155145  0.018461  0.000000  0.000000  0.041668  0.000000  
9.566430   0.624632  0.160043  0.155184  0.018550  0.000000  0.000000  0.041591  0.000000  
9.576426   0.624569  0.160054  0.155222  0.018640  0.000000  0.000000  0.041515  0.000000  
9.586422   0.624506  0.160066  0.155260  0.018729  0.000000  0.000000  0.041439  0.000000  
9.596418   0.624443  0.160077  0.155298  0.018818  0.000000  0.000000  0.041363  0.000000  
9.606415   0.624381  0.160089  0.155336  0.018907  0.000000  0.000000  0.041287  0.000000  
9.616411   0.624318  0.160100  0.155374  0.018996  0.000000  0.000000  0.041211  0.000000  
9.626407   0.624256  0.160112  0.155411  0.019085  0.000000  0.000000  0.041136  0.000000  
9.636403   0.624194  0.160124  0.155448  0.019173  0.000000  0.000000  0.041061  0.000000  
9.646400   0.624132  0.160136  0.155484  0.019262  0.000000  0.000000  0.040986  0.000000  
9.656396   0.624070  0.160148  0.155521  0.019350  0.000000  0.000000  0.040912  0.000000  
9.666392   0.624009  0.160159  0.155557  0.019438  0.000000  0.000000  0.040837  0.000000  
9.676388   0.623947  0.160171  0.155593  0.019525  0.000000  0.000000  0.040763  0.000000  
9.686385   0.623886  0.160183  0.155629  0.019613  0.000000  0.000000  0.040689  0.000000  
9.696381   0.623825  0.160195  0.155664  0.019701  0.000000  0.000000  0.040615  0.000000  
9.706377   0.623764  0.160208  0.155699  0.019788  0.000000  0.000000  0.040542  0.000000  
9.716373   0.623703  0.160220  0.155734  0.019875  0.000000  0.000000  0.040468  0.000000  
9.726370   0.623642  0.160232  0.155769  0.019962  0.000000  0.000000  0.040395  0.000000  
9.736366   0.623582  0.160244  0.155803  0.020049  0.000000  0.000000  0.040322  0.000000  
9.746362   0.623522  0.160256  0.155837  0.020135  0.000000  0.000000  0.040249  0.000000  
9.756358   0.623461  0.160269  0.155871  0.020222  0.000000  0.000000  0.040177  0.000000  
9.766355   0.623401  0.160281  0.155905  0.020308  0.000000  0.000000  0.040105  0.000000  
9.776351   0.623342  0.160294  0.155938  0.020394  0.000000  0.000000  0.040033  0.000000  
9.786347   0.623282  0.160306  0.155972  0.020480  0.000000  0.000000  0.039961  0.000000  
9.796343   0.623222  0.160319  0.156004  0.020565  0.000000  0.000000  0.039889  0.000000  
9.806340   0.623163  0.160331  0.156037  0.020651  0.000000  0.000000  0.039818  0.000000  
9.816336   0.623104  0.160344  0.156070  0.020736  0.000000  0.000000  0.039746  0.000000  
9.826332   0.623045  0.160357  0.156102  0.020822  0.000000  0.000000  0.039675  0.000000  
9.836328   0.622986  0.160369  0.156134  0.020907  0.000000  0.000000  0.039605  0.000000  
9.846325   0.622927  0.160382  0.156165  0.020991  0.000000  0.000000  0.039534  0.000000  
9.856321   0.622868  0.160395  0.156197  0.021076  0.000000  0.000000  0.039464  0.000000  
9.866317   0.622810  0.160408  0.156228  0.021161  0.000000  0.000000  0.039394  0.000000  
9.876313   0.622751  0.160421  0.156259  0.021245  0.000000  0.000000  0.039324  0.000000  
9.886310   0.622693  0.160434  0.156290  0.021329  0.000000  0.000000  0.039254  0.000000  
9.896306   0.622635  0.160447  0.156320  0.021413  0.000000  0.000000  0.039185  0.000000  
9.906302   0.622577  0.160460  0.156351  0.021497  0.000000  0.000000  0.039115  0.000000  
9.916298   0.622520  0.160473  0.156381  0.021581  0.000000  0.000000  0.039046  0.000000  
9.926295   0.622462  0.160486  0.156410  0.021664  0.000000  0.000000  0.038977  0.000000  
9.936291   0.622405  0.160499  0.156440  0.021747  0.000000  0.000000  0.038909  0.000000  
9.946287   0.622348  0.160513  0.156469  0.021831  0.000000  0.000000  0.038840  0.000000  
9.956283   0.622290  0.160526  0.156498  0.021913  0.000000  0.000000  0.038772  0.000000  
9.966280   0.622233  0.160539  0.156527  0.021996  0.000000  0.000000  0.038704  0.000000  
9.976276   0.622177  0.160552  0.156556  0.022079  0.000000  0.000000  0.038636  0.000000  
9.986272   0.622120  0.160566  0.156584  0.022161  0.000000  0.000000  0.038569  0.000000  
9.996268   0.622064  0.160579  0.156612  0.022244  0.000000  0.000000  0.038501  0.000000  
10.006265   0.622007  0.160593  0.156640  0.022326  0.000000  0.000000  0.038434  0.000000  
