0.000000 1.000000 1.147332 0.363106 3.652264 1.000000 
0.001001 1.000849 1.146698 0.364562 3.630416 0.998999 
0.002002 1.001695 1.146065 0.366024 3.608742 0.997998 
0.003003 1.002538 1.145432 0.367490 3.587240 0.996997 
0.004004 1.003378 1.144800 0.368962 3.565909 0.995996 
0.005005 1.004216 1.144169 0.370439 3.544746 0.994995 
0.006006 1.005051 1.143539 0.371921 3.523751 0.993994 
0.007007 1.005883 1.142909 0.373409 3.502921 0.992993 
0.008008 1.006712 1.142280 0.374901 3.482254 0.991992 
0.009009 1.007538 1.141652 0.376399 3.461751 0.990991 
0.010010 1.008362 1.141025 0.377902 3.441407 0.989990 
0.011011 1.009183 1.140398 0.379410 3.421223 0.988989 
0.012012 1.010000 1.139773 0.380923 3.401197 0.987988 
0.013013 1.010815 1.139147 0.382442 3.381326 0.986987 
0.014014 1.011628 1.138523 0.383966 3.361610 0.985986 
0.015015 1.012437 1.137899 0.385496 3.342047 0.984985 
0.016016 1.013243 1.137277 0.387030 3.322635 0.983984 
0.017017 1.014047 1.136654 0.388570 3.303373 0.982983 
0.018018 1.014848 1.136033 0.390116 3.284260 0.981982 
0.019019 1.015646 1.135412 0.391666 3.265295 0.980981 
0.020020 1.016441 1.134793 0.393223 3.246474 0.979980 
0.021021 1.017233 1.134173 0.394784 3.227799 0.978979 
0.022022 1.018022 1.133555 0.396351 3.209266 0.977978 
0.023023 1.018808 1.132937 0.397924 3.190875 0.976977 
0.024024 1.019592 1.132320 0.399502 3.172624 0.975976 
0.025025 1.020372 1.131704 0.401085 3.154512 0.974975 
0.026026 1.021150 1.131089 0.402674 3.136537 0.973974 
0.027027 1.021924 1.130474 0.404268 3.118699 0.972973 
0.028028 1.022696 1.129860 0.405868 3.100996 0.971972 
0.029029 1.023465 1.129246 0.407473 3.083427 0.970971 
0.030030 1.024231 1.128634 0.409084 3.065990 0.969970 
0.031031 1.024994 1.128022 0.410701 3.048684 0.968969 
0.032032 1.025754 1.127411 0.412323 3.031509 0.967968 
0.033033 1.026511 1.126800 0.413951 3.014462 0.966967 
0.034034 1.027265 1.126191 0.415584 2.997543 0.965966 
0.035035 1.028016 1.125582 0.417223 2.980750 0.964965 
0.036036 1.028765 1.124973 0.418868 2.964082 0.963964 
0.037037 1.029510 1.124366 0.420518 2.947538 0.962963 
0.038038 1.030252 1.123759 0.422174 2.931118 0.961962 
0.039039 1.030992 1.123153 0.423836 2.914819 0.960961 
0.040040 1.031728 1.122547 0.425503 2.898640 0.959960 
0.041041 1.032462 1.121942 0.427176 2.882581 0.958959 
0.042042 1.033192 1.121338 0.428855 2.866641 0.957958 
0.043043 1.033920 1.120735 0.430540 2.850817 0.956957 
0.044044 1.034644 1.120133 0.432230 2.835111 0.955956 
0.045045 1.035366 1.119531 0.433926 2.819519 0.954955 
0.046046 1.036084 1.118929 0.435629 2.804041 0.953954 
0.047047 1.036800 1.118329 0.437337 2.788677 0.952953 
0.048048 1.037513 1.117729 0.439050 2.773424 0.951952 
0.049049 1.038222 1.117130 0.440770 2.758283 0.950951 
0.050050 1.038929 1.116532 0.442495 2.743251 0.949950 
0.051051 1.039632 1.115934 0.444227 2.728329 0.948949 
0.052052 1.040333 1.115337 0.445964 2.713514 0.947948 
0.053053 1.041031 1.114741 0.447708 2.698807 0.946947 
0.054054 1.041725 1.114145 0.449457 2.684206 0.945946 
0.055055 1.042417 1.113550 0.451212 2.669709 0.944945 
0.056056 1.043106 1.112956 0.452973 2.655317 0.943944 
0.057057 1.043791 1.112362 0.454741 2.641029 0.942943 
0.058058 1.044474 1.111770 0.456514 2.626842 0.941942 
0.059059 1.045153 1.111177 0.458293 2.612758 0.940941 
0.060060 1.045830 1.110586 0.460079 2.598773 0.939940 
0.061061 1.046504 1.109995 0.461870 2.584888 0.938939 
0.062062 1.047174 1.109405 0.463668 2.571102 0.937938 
0.063063 1.047842 1.108816 0.465472 2.557414 0.936937 
0.064064 1.048506 1.108227 0.467281 2.543823 0.935936 
0.065065 1.049168 1.107639 0.469097 2.530328 0.934935 
0.066066 1.049826 1.107051 0.470920 2.516928 0.933934 
0.067067 1.050482 1.106465 0.472748 2.503623 0.932933 
0.068068 1.051134 1.105879 0.474583 2.490411 0.931932 
0.069069 1.051784 1.105293 0.476423 2.477292 0.930931 
0.070070 1.052430 1.104709 0.478270 2.464265 0.929930 
0.071071 1.053073 1.104125 0.480124 2.451330 0.928929 
0.072072 1.053714 1.103541 0.481983 2.438484 0.927928 
0.073073 1.054351 1.102959 0.483849 2.425728 0.926927 
0.074074 1.054986 1.102377 0.485721 2.413061 0.925926 
0.075075 1.055617 1.101795 0.487600 2.400482 0.924925 
0.076076 1.056245 1.101215 0.489485 2.387991 0.923924 
0.077077 1.056870 1.100635 0.491376 2.375586 0.922923 
0.078078 1.057493 1.100055 0.493274 2.363266 0.921922 
0.079079 1.058112 1.099477 0.495178 2.351032 0.920921 
0.080080 1.058728 1.098899 0.497088 2.338882 0.919920 
0.081081 1.059341 1.098321 0.499005 2.326816 0.918919 
0.082082 1.059952 1.097744 0.500929 2.314832 0.917918 
0.083083 1.060559 1.097168 0.502859 2.302931 0.916917 
0.084084 1.061163 1.096593 0.504795 2.291111 0.915916 
0.085085 1.061764 1.096018 0.506738 2.279371 0.914915 
0.086086 1.062362 1.095444 0.508687 2.267712 0.913914 
0.087087 1.062957 1.094871 0.510643 2.256132 0.912913 
0.088088 1.063549 1.094298 0.512606 2.244631 0.911912 
0.089089 1.064138 1.093726 0.514575 2.233208 0.910911 
0.090090 1.064724 1.093155 0.516551 2.221863 0.909910 
0.091091 1.065308 1.092584 0.518533 2.210594 0.908909 
0.092092 1.065888 1.092014 0.520523 2.199401 0.907908 
0.093093 1.066465 1.091444 0.522518 2.188283 0.906907 
0.094094 1.067039 1.090875 0.524521 2.177241 0.905906 
0.095095 1.067610 1.090307 0.526530 2.166272 0.904905 
0.096096 1.068178 1.089739 0.528546 2.155377 0.903904 
0.097097 1.068743 1.089173 0.530568 2.144556 0.902903 
0.098098 1.069305 1.088606 0.532598 2.133806 0.901902 
0.099099 1.069864 1.088041 0.534634 2.123128 0.900901 
0.100100 1.070420 1.087476 0.536677 2.112521 0.899900 
0.101101 1.070973 1.086911 0.538727 2.101985 0.898899 
0.102102 1.071523 1.086347 0.540784 2.091519 0.897898 
0.103103 1.072070 1.085784 0.542847 2.081122 0.896897 
0.104104 1.072614 1.085222 0.544918 2.070794 0.895896 
0.105105 1.073156 1.084660 0.546995 2.060534 0.894895 
0.106106 1.073694 1.084099 0.549079 2.050341 0.893894 
0.107107 1.074229 1.083538 0.551171 2.040216 0.892893 
0.108108 1.074761 1.082978 0.553269 2.030158 0.891892 
0.109109 1.075290 1.082419 0.555374 2.020165 0.890891 
0.110110 1.075817 1.081860 0.557486 2.010238 0.889890 
0.111111 1.076340 1.081302 0.559605 2.000376 0.888889 
0.112112 1.076860 1.080745 0.561732 1.990578 0.887888 
0.113113 1.077378 1.080188 0.563865 1.980844 0.886887 
0.114114 1.077892 1.079632 0.566005 1.971174 0.885886 
0.115115 1.078404 1.079076 0.568153 1.961566 0.884885 
0.116116 1.078913 1.078521 0.570308 1.952021 0.883884 
0.117117 1.079418 1.077967 0.572469 1.942537 0.882883 
0.118118 1.079921 1.077413 0.574638 1.933115 0.881882 
0.119119 1.080421 1.076860 0.576814 1.923754 0.880881 
0.120120 1.080918 1.076308 0.578998 1.914453 0.879880 
0.121121 1.081412 1.075756 0.581188 1.905212 0.878879 
0.122122 1.081903 1.075205 0.583386 1.896030 0.877878 
0.123123 1.082391 1.074654 0.585591 1.886907 0.876877 
0.124124 1.082876 1.074104 0.587804 1.877843 0.875876 
0.125125 1.083358 1.073555 0.590023 1.868837 0.874875 
0.126126 1.083838 1.073006 0.592250 1.859888 0.873874 
0.127127 1.084314 1.072458 0.594485 1.850996 0.872873 
0.128128 1.084788 1.071910 0.596726 1.842160 0.871872 
0.129129 1.085259 1.071364 0.598976 1.833381 0.870871 
0.130130 1.085727 1.070817 0.601232 1.824658 0.869870 
0.131131 1.086192 1.070271 0.603496 1.815990 0.868869 
0.132132 1.086654 1.069726 0.605768 1.807376 0.867868 
0.133133 1.087113 1.069182 0.608047 1.798817 0.866867 
0.134134 1.087569 1.068638 0.610333 1.790312 0.865866 
0.135135 1.088023 1.068095 0.612627 1.781861 0.864865 
0.136136 1.088474 1.067552 0.614928 1.773462 0.863864 
0.137137 1.088921 1.067010 0.617237 1.765117 0.862863 
0.138138 1.089366 1.066468 0.619554 1.756823 0.861862 
0.139139 1.089809 1.065927 0.621878 1.748582 0.860861 
0.140140 1.090248 1.065387 0.624210 1.740392 0.859860 
0.141141 1.090685 1.064847 0.626550 1.732253 0.858859 
0.142142 1.091118 1.064308 0.628897 1.724164 0.857858 
0.143143 1.091549 1.063770 0.631252 1.716126 0.856857 
0.144144 1.091977 1.063232 0.633614 1.708138 0.855856 
0.145145 1.092403 1.062694 0.635985 1.700199 0.854855 
0.146146 1.092825 1.062158 0.638363 1.692310 0.853854 
0.147147 1.093245 1.061621 0.640749 1.684469 0.852853 
0.148148 1.093662 1.061086 0.643142 1.676677 0.851852 
0.149149 1.094076 1.060551 0.645544 1.668932 0.850851 
0.150150 1.094488 1.060016 0.647953 1.661235 0.849850 
0.151151 1.094896 1.059483 0.650370 1.653586 0.848849 
0.152152 1.095302 1.058949 0.652795 1.645983 0.847848 
0.153153 1.095705 1.058417 0.655228 1.638427 0.846847 
0.154154 1.096106 1.057885 0.657669 1.630917 0.845846 
0.155155 1.096504 1.057353 0.660118 1.623453 0.844845 
0.156156 1.096899 1.056822 0.662575 1.616034 0.843844 
0.157157 1.097291 1.056292 0.665039 1.608661 0.842843 
0.158158 1.097680 1.055762 0.667512 1.601332 0.841842 
0.159159 1.098067 1.055233 0.669993 1.594048 0.840841 
0.160160 1.098452 1.054704 0.672482 1.586807 0.839840 
0.161161 1.098833 1.054176 0.674979 1.579611 0.838839 
0.162162 1.099212 1.053649 0.677484 1.572458 0.837838 
0.163163 1.099588 1.053122 0.679998 1.565348 0.836837 
0.164164 1.099961 1.052596 0.682519 1.558281 0.835836 
0.165165 1.100332 1.052070 0.685049 1.551257 0.834835 
0.166166 1.100700 1.051545 0.687586 1.544274 0.833834 
0.167167 1.101066 1.051020 0.690132 1.537334 0.832833 
0.168168 1.101429 1.050496 0.692687 1.530435 0.831832 
0.169169 1.101789 1.049973 0.695249 1.523577 0.830831 
0.170170 1.102147 1.049450 0.697820 1.516760 0.829830 
0.171171 1.102502 1.048928 0.700399 1.509984 0.828829 
0.172172 1.102854 1.048406 0.702987 1.503248 0.827828 
0.173173 1.103204 1.047885 0.705583 1.496552 0.826827 
0.174174 1.103552 1.047364 0.708187 1.489896 0.825826 
0.175175 1.103896 1.046844 0.710799 1.483279 0.824825 
0.176176 1.104238 1.046324 0.713420 1.476701 0.823824 
0.177177 1.104578 1.045806 0.716050 1.470162 0.822823 
0.178178 1.104915 1.045287 0.718688 1.463662 0.821822 
0.179179 1.105249 1.044769 0.721334 1.457200 0.820821 
0.180180 1.105581 1.044252 0.723989 1.450776 0.819820 
0.181181 1.105911 1.043735 0.726653 1.444389 0.818819 
0.182182 1.106238 1.043219 0.729325 1.438040 0.817818 
0.183183 1.106562 1.042704 0.732006 1.431729 0.816817 
0.184184 1.106884 1.042189 0.734695 1.425454 0.815816 
0.185185 1.107204 1.041674 0.737393 1.419215 0.814815 
0.186186 1.107520 1.041160 0.740100 1.413013 0.813814 
0.187187 1.107835 1.040647 0.742815 1.406847 0.812813 
0.188188 1.108147 1.040134 0.745539 1.400717 0.811812 
0.189189 1.108457 1.039622 0.748272 1.394623 0.810811 
0.190190 1.108764 1.039110 0.751014 1.388564 0.809810 
0.191191 1.109068 1.038599 0.753764 1.382540 0.808809 
0.192192 1.109371 1.038088 0.756523 1.376550 0.807808 
0.193193 1.109670 1.037578 0.759291 1.370596 0.806807 
0.194194 1.109968 1.037069 0.762068 1.364675 0.805806 
0.195195 1.110263 1.036560 0.764854 1.358789 0.804805 
0.196196 1.110556 1.036051 0.767648 1.352936 0.803804 
0.197197 1.110846 1.035543 0.770452 1.347117 0.802803 
0.198198 1.111134 1.035036 0.773264 1.341331 0.801802 
0.199199 1.111419 1.034529 0.776086 1.335578 0.800801 
0.200200 1.111703 1.034023 0.778916 1.329859 0.799800 
0.201201 1.111983 1.033517 0.781756 1.324171 0.798799 
0.202202 1.112262 1.033012 0.784604 1.318517 0.797798 
0.203203 1.112538 1.032507 0.787462 1.312894 0.796797 
0.204204 1.112812 1.032003 0.790329 1.307303 0.795796 
0.205205 1.113084 1.031499 0.793205 1.301744 0.794795 
0.206206 1.113353 1.030996 0.796090 1.296217 0.793794 
0.207207 1.113620 1.030494 0.798984 1.290720 0.792793 
0.208208 1.113885 1.029992 0.801887 1.285255 0.791792 
0.209209 1.114148 1.029490 0.804800 1.279821 0.790791 
0.210210 1.114408 1.028989 0.807722 1.274417 0.789790 
0.211211 1.114666 1.028489 0.810653 1.269043 0.788789 
0.212212 1.114922 1.027989 0.813593 1.263700 0.787788 
0.213213 1.115175 1.027490 0.816543 1.258386 0.786787 
0.214214 1.115427 1.026991 0.819502 1.253103 0.785786 
0.215215 1.115676 1.026492 0.822471 1.247849 0.784785 
0.216216 1.115923 1.025995 0.825449 1.242624 0.783784 
0.217217 1.116168 1.025497 0.828436 1.237428 0.782783 
0.218218 1.116411 1.025001 0.831433 1.232262 0.781782 
0.219219 1.116651 1.024505 0.834439 1.227124 0.780781 
0.220220 1.116890 1.024009 0.837455 1.222014 0.779780 
0.221221 1.117126 1.023514 0.840481 1.216933 0.778779 
0.222222 1.117360 1.023019 0.843515 1.211880 0.777778 
0.223223 1.117592 1.022525 0.846560 1.206855 0.776777 
0.224224 1.117822 1.022031 0.849614 1.201858 0.775776 
0.225225 1.118050 1.021538 0.852678 1.196888 0.774775 
0.226226 1.118276 1.021046 0.855751 1.191945 0.773774 
0.227227 1.118500 1.020554 0.858834 1.187030 0.772773 
0.228228 1.118722 1.020062 0.861927 1.182142 0.771772 
0.229229 1.118942 1.019571 0.865030 1.177281 0.770771 
0.230230 1.119159 1.019081 0.868142 1.172446 0.769770 
0.231231 1.119375 1.018591 0.871264 1.167637 0.768769 
0.232232 1.119589 1.018101 0.874396 1.162855 0.767768 
0.233233 1.119800 1.017612 0.877538 1.158099 0.766767 
0.234234 1.120010 1.017124 0.880689 1.153369 0.765766 
0.235235 1.120218 1.016636 0.883851 1.148665 0.764765 
0.236236 1.120423 1.016148 0.887022 1.143986 0.763764 
0.237237 1.120627 1.015661 0.890204 1.139332 0.762763 
0.238238 1.120829 1.015175 0.893395 1.134704 0.761762 
0.239239 1.121029 1.014689 0.896597 1.130101 0.760761 
0.240240 1.121227 1.014204 0.899808 1.125522 0.759760 
0.241241 1.121423 1.013719 0.903030 1.120969 0.758759 
0.242242 1.121618 1.013234 0.906261 1.116439 0.757758 
0.243243 1.121810 1.012751 0.909503 1.111935 0.756757 
0.244244 1.122001 1.012267 0.912755 1.107454 0.755756 
0.245245 1.122189 1.011784 0.916017 1.102998 0.754755 
0.246246 1.122376 1.011302 0.919289 1.098565 0.753754 
0.247247 1.122561 1.010820 0.922571 1.094156 0.752753 
0.248248 1.122744 1.010339 0.925864 1.089771 0.751752 
0.249249 1.122926 1.009858 0.929167 1.085409 0.750751 
0.250250 1.123105 1.009377 0.932480 1.081070 0.749750 
0.251251 1.123283 1.008897 0.935804 1.076754 0.748749 
0.252252 1.123459 1.008418 0.939138 1.072461 0.747748 
0.253253 1.123634 1.007939 0.942482 1.068192 0.746747 
0.254254 1.123806 1.007461 0.945837 1.063944 0.745746 
0.255255 1.123977 1.006983 0.949202 1.059719 0.744745 
0.256256 1.124146 1.006505 0.952578 1.055517 0.743744 
0.257257 1.124314 1.006029 0.955964 1.051337 0.742743 
0.258258 1.124479 1.005552 0.959361 1.047179 0.741742 
0.259259 1.124643 1.005076 0.962768 1.043042 0.740741 
0.260260 1.124806 1.004601 0.966186 1.038928 0.739740 
0.261261 1.124966 1.004126 0.969614 1.034835 0.738739 
0.262262 1.125126 1.003651 0.973054 1.030763 0.737738 
0.263263 1.125283 1.003177 0.976503 1.026713 0.736737 
0.264264 1.125439 1.002704 0.979964 1.022684 0.735736 
0.265265 1.125593 1.002231 0.983435 1.018676 0.734735 
0.266266 1.125746 1.001758 0.986917 1.014689 0.733734 
0.267267 1.125897 1.001286 0.990410 1.010723 0.732733 
0.268268 1.126046 1.000815 0.993913 1.006777 0.731732 
0.269269 1.126194 1.000344 0.997428 1.002852 0.730731 
0.270270 1.126341 0.999873 1.000953 0.998948 0.729730 
0.271271 1.126486 0.999403 1.004489 0.995063 0.728729 
0.272272 1.126629 0.998933 1.008036 0.991199 0.727728 
0.273273 1.126771 0.998464 1.011594 0.987355 0.726727 
0.274274 1.126911 0.997995 1.015163 0.983530 0.725726 
0.275275 1.127050 0.997527 1.018743 0.979725 0.724725 
0.276276 1.127188 0.997060 1.022334 0.975940 0.723724 
0.277277 1.127324 0.996592 1.025936 0.972175 0.722723 
0.278278 1.127458 0.996126 1.029550 0.968428 0.721722 
0.279279 1.127591 0.995659 1.033174 0.964701 0.720721 
0.280280 1.127723 0.995193 1.036810 0.960993 0.719720 
0.281281 1.127853 0.994728 1.040456 0.957304 0.718719 
0.282282 1.127982 0.994263 1.044114 0.953634 0.717718 
0.283283 1.128110 0.993799 1.047783 0.949982 0.716717 
0.284284 1.128236 0.993335 1.051464 0.946350 0.715716 
0.285285 1.128361 0.992871 1.055156 0.942735 0.714715 
0.286286 1.128484 0.992408 1.058859 0.939139 0.713714 
0.287287 1.128607 0.991946 1.062573 0.935562 0.712712 
0.288288 1.128727 0.991484 1.066299 0.932002 0.711711 
0.289289 1.128847 0.991022 1.070036 0.928461 0.710710 
0.290290 1.128965 0.990561 1.073785 0.924937 0.709709 
0.291291 1.129082 0.990101 1.077545 0.921431 0.708707 
0.292292 1.129198 0.989640 1.081317 0.917943 0.707706 
0.293293 1.129313 0.989181 1.085100 0.914473 0.706705 
0.294294 1.129426 0.988721 1.088895 0.911020 0.705703 
0.295295 1.129538 0.988263 1.092702 0.907584 0.704702 
0.296296 1.129649 0.987804 1.096520 0.904166 0.703700 
0.297297 1.129759 0.987347 1.100350 0.900765 0.702698 
0.298298 1.129867 0.986889 1.104191 0.897380 0.701696 
0.299299 1.129975 0.986432 1.108044 0.894013 0.700695 
0.300300 1.130081 0.985976 1.111909 0.890663 0.699693 
0.301301 1.130186 0.985520 1.115786 0.887329 0.698690 
0.302302 1.130290 0.985064 1.119675 0.884012 0.697688 
0.303303 1.130393 0.984609 1.123575 0.880711 0.696686 
0.304304 1.130495 0.984154 1.127488 0.877427 0.695683 
0.305305 1.130596 0.983700 1.131412 0.874159 0.694681 
0.306306 1.130695 0.983247 1.135348 0.870907 0.693678 
0.307307 1.130794 0.982793 1.139296 0.867672 0.692675 
0.308308 1.130891 0.982340 1.143256 0.864452 0.691672 
0.309309 1.130988 0.981888 1.147229 0.861249 0.690669 
0.310310 1.131084 0.981436 1.151213 0.858061 0.689666 
0.311311 1.131178 0.980985 1.155209 0.854889 0.688663 
0.312312 1.131272 0.980534 1.159218 0.851732 0.687659 
0.313313 1.131364 0.980083 1.163239 0.848591 0.686655 
0.314314 1.131456 0.979633 1.167271 0.845466 0.685651 
0.315315 1.131546 0.979183 1.171317 0.842355 0.684647 
0.316316 1.131636 0.978734 1.175374 0.839260 0.683643 
0.317317 1.131725 0.978285 1.179444 0.836181 0.682639 
0.318318 1.131813 0.977837 1.183526 0.833116 0.681634 
0.319319 1.131900 0.977389 1.187620 0.830066 0.680629 
0.320320 1.131986 0.976942 1.191727 0.827031 0.679624 
0.321321 1.132071 0.976495 1.195846 0.824011 0.678619 
0.322322 1.132156 0.976048 1.199978 0.821005 0.677613 
0.323323 1.132240 0.975602 1.204122 0.818014 0.676608 
0.324324 1.132322 0.975157 1.208278 0.815038 0.675602 
0.325325 1.132404 0.974711 1.212447 0.812076 0.674596 
0.326326 1.132486 0.974267 1.216629 0.809128 0.673589 
0.327327 1.132566 0.973822 1.220824 0.806195 0.672583 
0.328328 1.132646 0.973379 1.225031 0.803276 0.671576 
0.329329 1.132724 0.972935 1.229250 0.800371 0.670569 
0.330330 1.132803 0.972492 1.233483 0.797479 0.669561 
0.331331 1.132880 0.972050 1.237728 0.794602 0.668554 
0.332332 1.132957 0.971607 1.241986 0.791739 0.667546 
0.333333 1.133033 0.971166 1.246256 0.788889 0.666538 
0.334334 1.133108 0.970725 1.250540 0.786053 0.665529 
0.335335 1.133183 0.970284 1.254837 0.783231 0.664521 
0.336336 1.133257 0.969843 1.259146 0.780422 0.663512 
0.337337 1.133330 0.969403 1.263468 0.777626 0.662502 
0.338338 1.133403 0.968964 1.267803 0.774844 0.661493 
0.339339 1.133475 0.968525 1.272152 0.772075 0.660483 
0.340340 1.133547 0.968086 1.276513 0.769319 0.659473 
0.341341 1.133618 0.967648 1.280888 0.766576 0.658462 
0.342342 1.133688 0.967210 1.285275 0.763847 0.657452 
0.343343 1.133758 0.966773 1.289676 0.761130 0.656441 
0.344344 1.133827 0.966336 1.294090 0.758426 0.655429 
0.345345 1.133896 0.965900 1.298517 0.755735 0.654417 
0.346346 1.133964 0.965463 1.302957 0.753057 0.653405 
0.347347 1.134032 0.965028 1.307411 0.750391 0.652393 
0.348348 1.134099 0.964593 1.311878 0.747738 0.651380 
0.349349 1.134166 0.964158 1.316358 0.745097 0.650367 
0.350350 1.134233 0.963724 1.320851 0.742469 0.649354 
0.351351 1.134298 0.963290 1.325359 0.739853 0.648340 
0.352352 1.134364 0.962856 1.329879 0.737250 0.647326 
0.353353 1.134429 0.962423 1.334413 0.734658 0.646311 
0.354354 1.134494 0.961990 1.338961 0.732079 0.645296 
0.355355 1.134558 0.961558 1.343522 0.729512 0.644281 
0.356356 1.134622 0.961126 1.348096 0.726957 0.643265 
0.357357 1.134685 0.960695 1.352685 0.724414 0.642249 
0.358358 1.134749 0.960264 1.357286 0.721882 0.641233 
0.359359 1.134811 0.959834 1.361902 0.719362 0.640216 
0.360360 1.134874 0.959403 1.366531 0.716854 0.639199 
0.361361 1.134936 0.958974 1.371175 0.714358 0.638181 
0.362362 1.134998 0.958545 1.375832 0.711873 0.637163 
0.363363 1.135060 0.958116 1.380502 0.709400 0.636144 
0.364364 1.135121 0.957687 1.385187 0.706938 0.635125 
0.365365 1.135182 0.957259 1.389885 0.704488 0.634106 
0.366366 1.135243 0.956832 1.394598 0.702049 0.633086 
0.367367 1.135304 0.956404 1.399324 0.699621 0.632066 
0.368368 1.135364 0.955978 1.404065 0.697205 0.631045 
0.369369 1.135425 0.955551 1.408819 0.694799 0.630024 
0.370370 1.135485 0.955125 1.413588 0.692404 0.629002 
0.371371 1.135545 0.954700 1.418371 0.690021 0.627980 
0.372372 1.135605 0.954275 1.423167 0.687648 0.626958 
0.373373 1.135664 0.953850 1.427978 0.685287 0.625935 
0.374374 1.135724 0.953426 1.432804 0.682936 0.624911 
0.375375 1.135783 0.953002 1.437643 0.680596 0.623887 
0.376376 1.135843 0.952578 1.442497 0.678266 0.622863 
0.377377 1.135902 0.952155 1.447365 0.675947 0.621838 
0.378378 1.135961 0.951733 1.452248 0.673639 0.620812 
0.379379 1.136021 0.951310 1.457145 0.671341 0.619786 
0.380380 1.136080 0.950888 1.462056 0.669054 0.618760 
0.381381 1.136139 0.950467 1.466982 0.666777 0.617733 
0.382382 1.136198 0.950046 1.471922 0.664510 0.616705 
0.383383 1.136257 0.949625 1.476877 0.662254 0.615677 
0.384384 1.136316 0.949205 1.481847 0.660008 0.614649 
0.385385 1.136376 0.948785 1.486831 0.657772 0.613620 
0.386386 1.136435 0.948366 1.491830 0.655546 0.612590 
0.387387 1.136494 0.947947 1.496843 0.653330 0.611560 
0.388388 1.136553 0.947528 1.501871 0.651124 0.610529 
0.389389 1.136613 0.947110 1.506914 0.648928 0.609498 
0.390390 1.136673 0.946692 1.511972 0.646742 0.608466 
0.391391 1.136732 0.946275 1.517045 0.644565 0.607434 
0.392392 1.136792 0.945858 1.522132 0.642399 0.606401 
0.393393 1.136852 0.945441 1.527235 0.640242 0.605367 
0.394394 1.136912 0.945025 1.532352 0.638094 0.604333 
0.395395 1.136973 0.944609 1.537485 0.635957 0.603298 
0.396396 1.137033 0.944194 1.542632 0.633829 0.602263 
0.397397 1.137094 0.943779 1.547795 0.631710 0.601227 
0.398398 1.137155 0.943364 1.552972 0.629601 0.600191 
0.399399 1.137216 0.942950 1.558165 0.627501 0.599154 
0.400400 1.137278 0.942536 1.563373 0.625410 0.598116 
0.401401 1.137339 0.942123 1.568596 0.623329 0.597078 
0.402402 1.137401 0.941710 1.573835 0.621257 0.596039 
0.403403 1.137464 0.941297 1.579089 0.619194 0.594999 
0.404404 1.137526 0.940885 1.584358 0.617141 0.593959 
0.405405 1.137589 0.940473 1.589642 0.615096 0.592918 
0.406406 1.137652 0.940062 1.594942 0.613060 0.591877 
0.407407 1.137716 0.939650 1.600258 0.611034 0.590835 
0.408408 1.137780 0.939240 1.605588 0.609016 0.589792 
0.409409 1.137844 0.938830 1.610935 0.607007 0.588748 
0.410410 1.137909 0.938420 1.616297 0.605007 0.587704 
0.411411 1.137974 0.938010 1.621674 0.603016 0.586660 
0.412412 1.138040 0.937601 1.627068 0.601033 0.585614 
0.413413 1.138106 0.937192 1.632476 0.599060 0.584568 
0.414414 1.138173 0.936784 1.637901 0.597094 0.583521 
0.415415 1.138240 0.936376 1.643341 0.595138 0.582474 
0.416416 1.138307 0.935968 1.648798 0.593190 0.581426 
0.417417 1.138375 0.935561 1.654270 0.591250 0.580377 
0.418418 1.138443 0.935154 1.659758 0.589319 0.579327 
0.419419 1.138512 0.934748 1.665261 0.587396 0.578277 
0.420420 1.138582 0.934342 1.670781 0.585482 0.577226 
0.421421 1.138652 0.933936 1.676317 0.583576 0.576174 
0.422422 1.138723 0.933531 1.681869 0.581678 0.575122 
0.423423 1.138794 0.933126 1.687437 0.579788 0.574069 
0.424424 1.138866 0.932722 1.693021 0.577907 0.573015 
0.425425 1.138938 0.932318 1.698621 0.576034 0.571960 
0.426426 1.139011 0.931914 1.704238 0.574169 0.570905 
0.427427 1.139085 0.931510 1.709870 0.572311 0.569849 
0.428428 1.139159 0.931108 1.715519 0.570462 0.568792 
0.429429 1.139234 0.930705 1.721185 0.568621 0.567734 
0.430430 1.139310 0.930303 1.726866 0.566788 0.566676 
0.431431 1.139386 0.929901 1.732564 0.564962 0.565617 
0.432432 1.139463 0.929499 1.738279 0.563145 0.564557 
0.433433 1.139541 0.929098 1.744010 0.561335 0.563496 
0.434434 1.139620 0.928698 1.749757 0.559533 0.562435 
0.435435 1.139699 0.928297 1.755521 0.557739 0.561373 
0.436436 1.139779 0.927897 1.761302 0.555952 0.560309 
0.437437 1.139860 0.927498 1.767099 0.554173 0.559246 
0.438438 1.139942 0.927099 1.772913 0.552401 0.558181 
0.439439 1.140025 0.926700 1.778744 0.550638 0.557115 
0.440440 1.140108 0.926301 1.784592 0.548881 0.556049 
0.441441 1.140192 0.925903 1.790456 0.547132 0.554982 
0.442442 1.140277 0.925505 1.796337 0.545391 0.553914 
0.443443 1.140363 0.925108 1.802235 0.543656 0.552845 
0.444444 1.140450 0.924711 1.808150 0.541930 0.551776 
0.445445 1.140538 0.924315 1.814082 0.540210 0.550705 
0.446446 1.140627 0.923918 1.820031 0.538498 0.549634 
0.447447 1.140716 0.923522 1.825997 0.536793 0.548562 
0.448448 1.140807 0.923127 1.831981 0.535095 0.547489 
0.449449 1.140898 0.922732 1.837981 0.533404 0.546415 
0.450450 1.140991 0.922337 1.843998 0.531721 0.545340 
0.451451 1.141084 0.921943 1.850033 0.530044 0.544265 
0.452452 1.141179 0.921549 1.856085 0.528375 0.543188 
0.453453 1.141274 0.921155 1.862155 0.526713 0.542111 
0.454454 1.141371 0.920762 1.868241 0.525057 0.541033 
0.455455 1.141468 0.920369 1.874345 0.523409 0.539953 
0.456456 1.141567 0.919976 1.880467 0.521767 0.538873 
0.457457 1.141667 0.919584 1.886606 0.520132 0.537792 
0.458458 1.141768 0.919192 1.892763 0.518504 0.536711 
0.459459 1.141870 0.918801 1.898937 0.516883 0.535628 
0.460460 1.141973 0.918410 1.905128 0.515269 0.534544 
0.461461 1.142077 0.918019 1.911338 0.513661 0.533460 
0.462462 1.142183 0.917628 1.917565 0.512060 0.532374 
0.463463 1.142289 0.917238 1.923810 0.510466 0.531288 
0.464464 1.142397 0.916849 1.930073 0.508878 0.530200 
0.465465 1.142506 0.916459 1.936353 0.507297 0.529112 
0.466466 1.142616 0.916071 1.942651 0.505722 0.528023 
0.467467 1.142728 0.915682 1.948968 0.504154 0.526932 
0.468468 1.142840 0.915294 1.955302 0.502592 0.525841 
0.469469 1.142954 0.914906 1.961654 0.501037 0.524749 
0.470470 1.143069 0.914518 1.968024 0.499488 0.523656 
0.471471 1.143186 0.914131 1.974413 0.497946 0.522562 
0.472472 1.143304 0.913744 1.980819 0.496410 0.521467 
0.473473 1.143423 0.913358 1.987244 0.494880 0.520371 
0.474474 1.143543 0.912972 1.993687 0.493356 0.519274 
0.475475 1.143665 0.912586 2.000148 0.491839 0.518176 
0.476476 1.143788 0.912201 2.006628 0.490328 0.517077 
0.477477 1.143913 0.911816 2.013126 0.488823 0.515977 
0.478478 1.144039 0.911431 2.019642 0.487325 0.514876 
0.479479 1.144166 0.911047 2.026177 0.485832 0.513773 
0.480480 1.144295 0.910663 2.032730 0.484346 0.512670 
0.481481 1.144426 0.910279 2.039302 0.482865 0.511566 
0.482482 1.144557 0.909896 2.045892 0.481391 0.510461 
0.483483 1.144691 0.909513 2.052501 0.479922 0.509355 
0.484484 1.144825 0.909131 2.059129 0.478460 0.508248 
0.485485 1.144962 0.908748 2.065775 0.477003 0.507140 
0.486486 1.145099 0.908366 2.072440 0.475553 0.506030 
0.487487 1.145239 0.907985 2.079124 0.474108 0.504920 
0.488488 1.145380 0.907604 2.085827 0.472669 0.503808 
0.489489 1.145522 0.907223 2.092548 0.471236 0.502696 
0.490490 1.145666 0.906843 2.099289 0.469809 0.501582 
0.491491 1.145812 0.906462 2.106049 0.468387 0.500468 
0.492492 1.145959 0.906083 2.112827 0.466972 0.499352 
0.493493 1.146108 0.905703 2.119625 0.465562 0.498235 
0.494494 1.146258 0.905324 2.126442 0.464157 0.497117 
0.495495 1.146411 0.904945 2.133278 0.462758 0.495998 
0.496496 1.146564 0.904567 2.140133 0.461365 0.494878 
0.497497 1.146720 0.904189 2.147008 0.459978 0.493757 
0.498498 1.146877 0.903811 2.153902 0.458596 0.492635 
0.499499 1.147036 0.903434 2.160815 0.457219 0.491511 
0.500501 1.147197 0.903057 2.167748 0.455848 0.490387 
0.501502 1.147360 0.902680 2.174700 0.454483 0.489261 
0.502503 1.147524 0.902304 2.181671 0.453123 0.488134 
0.503504 1.147690 0.901928 2.188662 0.451768 0.487006 
0.504505 1.147858 0.901552 2.195673 0.450419 0.485877 
0.505506 1.148028 0.901177 2.202703 0.449075 0.484747 
0.506507 1.148199 0.900802 2.209754 0.447736 0.483616 
0.507508 1.148373 0.900427 2.216823 0.446403 0.482483 
0.508509 1.148548 0.900053 2.223913 0.445075 0.481349 
0.509510 1.148725 0.899679 2.231022 0.443753 0.480215 
0.510511 1.148904 0.899306 2.238152 0.442435 0.479079 
0.511512 1.149085 0.898932 2.245301 0.441123 0.477941 
0.512513 1.149268 0.898559 2.252470 0.439816 0.476803 
0.513514 1.149453 0.898187 2.259659 0.438514 0.475663 
0.514515 1.149640 0.897814 2.266868 0.437217 0.474523 
0.515516 1.149829 0.897443 2.274098 0.435926 0.473381 
0.516517 1.150020 0.897071 2.281347 0.434639 0.472237 
0.517518 1.150213 0.896700 2.288617 0.433358 0.471093 
0.518519 1.150408 0.896329 2.295907 0.432081 0.469947 
0.519520 1.150605 0.895958 2.303218 0.430810 0.468801 
0.520521 1.150804 0.895588 2.310548 0.429543 0.467652 
0.521522 1.151005 0.895218 2.317899 0.428282 0.466503 
0.522523 1.151208 0.894848 2.325271 0.427025 0.465353 
0.523524 1.151414 0.894479 2.332663 0.425774 0.464201 
0.524525 1.151621 0.894110 2.340076 0.424527 0.463048 
0.525526 1.151831 0.893742 2.347509 0.423285 0.461894 
0.526527 1.152043 0.893373 2.354963 0.422048 0.460738 
0.527528 1.152257 0.893005 2.362437 0.420816 0.459581 
0.528529 1.152473 0.892638 2.369933 0.419588 0.458423 
0.529530 1.152691 0.892270 2.377449 0.418365 0.457264 
0.530531 1.152912 0.891904 2.384986 0.417147 0.456103 
0.531532 1.153135 0.891537 2.392544 0.415934 0.454942 
0.532533 1.153360 0.891171 2.400122 0.414726 0.453778 
0.533534 1.153588 0.890805 2.407722 0.413522 0.452614 
0.534535 1.153818 0.890440 2.415343 0.412323 0.451448 
0.535536 1.154050 0.890075 2.422985 0.411128 0.450281 
0.536537 1.154284 0.889711 2.430648 0.409938 0.449113 
0.537538 1.154521 0.889347 2.438333 0.408753 0.447943 
0.538539 1.154761 0.888984 2.446038 0.407572 0.446772 
0.539540 1.155002 0.888621 2.453765 0.406396 0.445600 
0.540541 1.155246 0.888260 2.461513 0.405224 0.444426 
0.541542 1.155493 0.887899 2.469283 0.404057 0.443252 
0.542543 1.155742 0.887538 2.477074 0.402894 0.442075 
0.543544 1.155993 0.887179 2.484887 0.401736 0.440898 
0.544545 1.156247 0.886820 2.492721 0.400582 0.439719 
0.545546 1.156504 0.886463 2.500576 0.399432 0.438538 
0.546547 1.156763 0.886106 2.508454 0.398287 0.437357 
0.547548 1.157024 0.885750 2.516353 0.397147 0.436174 
0.548549 1.157288 0.885395 2.524274 0.396010 0.434989 
0.549550 1.157555 0.885042 2.532216 0.394878 0.433803 
0.550551 1.157824 0.884689 2.540181 0.393751 0.432616 
0.551552 1.158096 0.884337 2.548167 0.392627 0.431428 
0.552553 1.158370 0.883987 2.556176 0.391508 0.430238 
0.553554 1.158647 0.883638 2.564206 0.390393 0.429047 
0.554555 1.158927 0.883290 2.572258 0.389283 0.427854 
0.555556 1.159210 0.882943 2.580333 0.388176 0.426660 
0.556557 1.159495 0.882598 2.588430 0.387074 0.425464 
0.557558 1.159783 0.882253 2.596549 0.385976 0.424267 
0.558559 1.160073 0.881911 2.604690 0.384882 0.423069 
0.559560 1.160367 0.881570 2.612854 0.383792 0.421869 
0.560561 1.160663 0.881230 2.621039 0.382706 0.420668 
0.561562 1.160962 0.880891 2.629248 0.381625 0.419465 
0.562563 1.161264 0.880555 2.637479 0.380547 0.418261 
0.563564 1.161568 0.880220 2.645732 0.379474 0.417056 
0.564565 1.161876 0.879886 2.654008 0.378404 0.415849 
0.565566 1.162186 0.879554 2.662307 0.377339 0.414640 
0.566567 1.162500 0.879224 2.670628 0.376278 0.413430 
0.567568 1.162816 0.878895 2.678972 0.375220 0.412219 
0.568569 1.163135 0.878569 2.687339 0.374167 0.411006 
0.569570 1.163457 0.878244 2.695729 0.373117 0.409792 
0.570571 1.163782 0.877921 2.704141 0.372071 0.408576 
0.571572 1.164110 0.877600 2.712577 0.371030 0.407359 
0.572573 1.164441 0.877280 2.721036 0.369992 0.406140 
0.573574 1.164775 0.876963 2.729517 0.368958 0.404920 
0.574575 1.165112 0.876648 2.738022 0.367928 0.403698 
0.575576 1.165453 0.876334 2.746550 0.366901 0.402475 
0.576577 1.165796 0.876023 2.755101 0.365879 0.401250 
0.577578 1.166142 0.875714 2.763676 0.364860 0.400024 
0.578579 1.166492 0.875407 2.772274 0.363845 0.398796 
0.579580 1.166845 0.875103 2.780895 0.362834 0.397567 
0.580581 1.167201 0.874800 2.789540 0.361827 0.396336 
0.581582 1.167560 0.874500 2.798208 0.360823 0.395104 
0.582583 1.167922 0.874202 2.806900 0.359823 0.393870 
0.583584 1.168288 0.873906 2.815615 0.358827 0.392634 
0.584585 1.168657 0.873613 2.824354 0.357834 0.391397 
0.585586 1.169029 0.873322 2.833117 0.356845 0.390159 
0.586587 1.169404 0.873034 2.841903 0.355860 0.388918 
0.587588 1.169783 0.872748 2.850714 0.354878 0.387677 
0.588589 1.170165 0.872465 2.859548 0.353900 0.386433 
0.589590 1.170550 0.872184 2.868406 0.352926 0.385189 
0.590591 1.170939 0.871906 2.877289 0.351955 0.383942 
0.591592 1.171331 0.871631 2.886195 0.350987 0.382694 
0.592593 1.171727 0.871358 2.895125 0.350024 0.381444 
0.593594 1.172126 0.871088 2.904080 0.349063 0.380193 
0.594595 1.172529 0.870821 2.913059 0.348107 0.378940 
0.595596 1.172935 0.870556 2.922062 0.347153 0.377686 
0.596597 1.173345 0.870295 2.931089 0.346204 0.376430 
0.597598 1.173758 0.870036 2.940141 0.345257 0.375172 
0.598599 1.174175 0.869780 2.949217 0.344314 0.373913 
0.599600 1.174595 0.869527 2.958318 0.343375 0.372652 
0.600601 1.175019 0.869278 2.967443 0.342439 0.371389 
0.601602 1.175446 0.869031 2.976593 0.341506 0.370125 
0.602603 1.175878 0.868787 2.985768 0.340577 0.368859 
0.603604 1.176312 0.868546 2.994967 0.339651 0.367592 
0.604605 1.176751 0.868309 3.004191 0.338728 0.366323 
0.605606 1.177193 0.868075 3.013440 0.337809 0.365052 
0.606607 1.177639 0.867844 3.022714 0.336893 0.363780 
0.607608 1.178089 0.867616 3.032013 0.335981 0.362505 
0.608609 1.178543 0.867391 3.041337 0.335071 0.361230 
0.609610 1.179000 0.867170 3.050686 0.334165 0.359952 
0.610611 1.179462 0.866953 3.060060 0.333263 0.358673 
0.611612 1.179927 0.866738 3.069459 0.332363 0.357392 
0.612613 1.180396 0.866527 3.078884 0.331467 0.356110 
0.613614 1.180869 0.866320 3.088334 0.330574 0.354825 
0.614615 1.181346 0.866116 3.097809 0.329684 0.353539 
0.615616 1.181826 0.865916 3.107310 0.328797 0.352252 
0.616617 1.182311 0.865719 3.116836 0.327914 0.350962 
0.617618 1.182800 0.865526 3.126387 0.327034 0.349671 
0.618619 1.183293 0.865337 3.135965 0.326157 0.348379 
0.619620 1.183790 0.865151 3.145568 0.325282 0.347084 
0.620621 1.184291 0.864970 3.155196 0.324412 0.345788 
0.621622 1.184796 0.864792 3.164851 0.323544 0.344490 
0.622623 1.185305 0.864617 3.174531 0.322679 0.343190 
0.623624 1.185819 0.864447 3.184237 0.321817 0.341888 
0.624625 1.186337 0.864281 3.193969 0.320959 0.340585 
0.625626 1.186858 0.864118 3.203727 0.320103 0.339280 
0.626627 1.187385 0.863960 3.213512 0.319251 0.337973 
0.627628 1.187915 0.863806 3.223322 0.318401 0.336665 
0.628629 1.188450 0.863655 3.233159 0.317555 0.335354 
0.629630 1.188989 0.863509 3.243021 0.316712 0.334042 
0.630631 1.189532 0.863367 3.252911 0.315871 0.332728 
0.631632 1.190080 0.863229 3.262826 0.315034 0.331413 
0.632633 1.190632 0.863096 3.272768 0.314199 0.330095 
0.633634 1.191188 0.862966 3.282736 0.313368 0.328776 
0.634635 1.191749 0.862841 3.292731 0.312539 0.327455 
0.635636 1.192315 0.862721 3.302753 0.311713 0.326132 
0.636637 1.192885 0.862604 3.312801 0.310890 0.324807 
0.637638 1.193459 0.862492 3.322876 0.310070 0.323480 
0.638639 1.194038 0.862385 3.332978 0.309253 0.322152 
0.639640 1.194622 0.862282 3.343107 0.308439 0.320822 
0.640641 1.195210 0.862184 3.353263 0.307628 0.319490 
0.641642 1.195803 0.862090 3.363445 0.306819 0.318156 
0.642643 1.196401 0.862000 3.373655 0.306014 0.316820 
0.643644 1.197003 0.861916 3.383892 0.305211 0.315482 
0.644645 1.197610 0.861836 3.394156 0.304411 0.314143 
0.645646 1.198222 0.861761 3.404447 0.303614 0.312802 
0.646647 1.198839 0.861690 3.414765 0.302819 0.311458 
0.647648 1.199461 0.861625 3.425111 0.302027 0.310113 
0.648649 1.200087 0.861564 3.435484 0.301239 0.308766 
0.649650 1.200718 0.861508 3.445885 0.300452 0.307417 
0.650651 1.201354 0.861457 3.456313 0.299669 0.306067 
0.651652 1.201995 0.861411 3.466769 0.298888 0.304714 
0.652653 1.202641 0.861370 3.477253 0.298110 0.303360 
0.653654 1.203293 0.861334 3.487764 0.297335 0.302003 
0.654655 1.203949 0.861304 3.498303 0.296562 0.300645 
0.655656 1.204610 0.861278 3.508870 0.295792 0.299285 
0.656657 1.205276 0.861257 3.519464 0.295025 0.297922 
0.657658 1.205948 0.861242 3.530087 0.294260 0.296558 
0.658659 1.206624 0.861232 3.540738 0.293498 0.295192 
0.659660 1.207306 0.861227 3.551417 0.292739 0.293824 
0.660661 1.207993 0.861227 3.562124 0.291982 0.292454 
0.661662 1.208686 0.861233 3.572859 0.291228 0.291083 
0.662663 1.209383 0.861244 3.583623 0.290476 0.289709 
0.663664 1.210086 0.861260 3.594415 0.289728 0.288333 
0.664665 1.210794 0.861282 3.605236 0.288981 0.286955 
0.665666 1.211508 0.861310 3.616084 0.288237 0.285576 
0.666667 1.212227 0.861343 3.626962 0.287496 0.284194 
0.667668 1.212952 0.861381 3.637868 0.286757 0.282810 
0.668669 1.213682 0.861425 3.648803 0.286021 0.281425 
0.669670 1.214418 0.861475 3.659766 0.285287 0.280037 
0.670671 1.215159 0.861531 3.670759 0.284556 0.278648 
0.671672 1.215906 0.861592 3.681780 0.283827 0.277256 
0.672673 1.216658 0.861659 3.692830 0.283101 0.275862 
0.673674 1.217416 0.861732 3.703909 0.282377 0.274467 
0.674675 1.218180 0.861811 3.715018 0.281656 0.273069 
0.675676 1.218950 0.861895 3.726155 0.280937 0.271670 
0.676677 1.219725 0.861986 3.737322 0.280221 0.270268 
0.677678 1.220507 0.862082 3.748517 0.279507 0.268864 
0.678679 1.221294 0.862184 3.759743 0.278796 0.267459 
0.679680 1.222087 0.862293 3.770997 0.278086 0.266051 
0.680681 1.222886 0.862407 3.782281 0.277380 0.264641 
0.681682 1.223690 0.862528 3.793595 0.276675 0.263229 
0.682683 1.224501 0.862655 3.804938 0.275974 0.261815 
0.683684 1.225318 0.862788 3.816311 0.275274 0.260399 
0.684685 1.226141 0.862927 3.827714 0.274577 0.258981 
0.685686 1.226970 0.863072 3.839146 0.273882 0.257561 
0.686687 1.227806 0.863224 3.850608 0.273189 0.256139 
0.687688 1.228647 0.863382 3.862100 0.272499 0.254715 
0.688689 1.229495 0.863547 3.873623 0.271811 0.253289 
0.689690 1.230349 0.863718 3.885175 0.271126 0.251860 
0.690691 1.231209 0.863895 3.896757 0.270443 0.250430 
0.691692 1.232076 0.864079 3.908370 0.269762 0.248997 
0.692693 1.232949 0.864269 3.920013 0.269083 0.247563 
0.693694 1.233829 0.864466 3.931686 0.268407 0.246126 
0.694695 1.234715 0.864670 3.943390 0.267733 0.244687 
0.695696 1.235608 0.864880 3.955124 0.267061 0.243246 
0.696697 1.236507 0.865097 3.966888 0.266391 0.241803 
0.697698 1.237413 0.865321 3.978683 0.265724 0.240357 
0.698699 1.238325 0.865551 3.990509 0.265059 0.238910 
0.699700 1.239244 0.865789 4.002366 0.264396 0.237460 
0.700701 1.240170 0.866033 4.014254 0.263735 0.236009 
0.701702 1.241103 0.866284 4.026172 0.263077 0.234555 
0.702703 1.242042 0.866541 4.038121 0.262420 0.233099 
0.703704 1.242989 0.866806 4.050102 0.261766 0.231641 
0.704705 1.243942 0.867078 4.062113 0.261114 0.230180 
0.705706 1.244902 0.867357 4.074156 0.260464 0.228718 
0.706707 1.245870 0.867643 4.086229 0.259817 0.227253 
0.707708 1.246844 0.867936 4.098334 0.259171 0.225786 
0.708709 1.247826 0.868236 4.110471 0.258528 0.224317 
0.709710 1.248814 0.868544 4.122639 0.257887 0.222846 
0.710711 1.249810 0.868858 4.134838 0.257247 0.221373 
0.711712 1.250813 0.869180 4.147069 0.256610 0.219897 
0.712713 1.251824 0.869509 4.159332 0.255975 0.218419 
0.713714 1.252842 0.869846 4.171626 0.255343 0.216939 
0.714715 1.253867 0.870190 4.183952 0.254712 0.215457 
0.715716 1.254899 0.870541 4.196310 0.254083 0.213972 
0.716717 1.255940 0.870900 4.208700 0.253457 0.212486 
0.717718 1.256987 0.871266 4.221122 0.252832 0.210997 
0.718719 1.258042 0.871640 4.233576 0.252210 0.209506 
0.719720 1.259105 0.872021 4.246062 0.251589 0.208012 
0.720721 1.260176 0.872410 4.258580 0.250971 0.206516 
0.721722 1.261254 0.872807 4.271131 0.250354 0.205019 
0.722723 1.262341 0.873211 4.283714 0.249740 0.203518 
0.723724 1.263435 0.873623 4.296329 0.249128 0.202016 
0.724725 1.264537 0.874043 4.308977 0.248517 0.200511 
0.725726 1.265647 0.874471 4.321658 0.247909 0.199004 
0.726727 1.266765 0.874906 4.334371 0.247303 0.197495 
0.727728 1.267891 0.875350 4.347117 0.246698 0.195983 
0.728729 1.269025 0.875801 4.359895 0.246096 0.194470 
0.729730 1.270167 0.876260 4.372707 0.245495 0.192953 
0.730731 1.271318 0.876728 4.385551 0.244897 0.191435 
0.731732 1.272477 0.877203 4.398428 0.244300 0.189914 
0.732733 1.273644 0.877686 4.411339 0.243706 0.188391 
0.733734 1.274820 0.878178 4.424282 0.243113 0.186866 
0.734735 1.276004 0.878677 4.437259 0.242522 0.185338 
0.735736 1.277197 0.879185 4.450269 0.241933 0.183808 
0.736737 1.278398 0.879701 4.463313 0.241346 0.182276 
0.737738 1.279608 0.880226 4.476390 0.240761 0.180741 
0.738739 1.280827 0.880758 4.489500 0.240178 0.179204 
0.739740 1.282055 0.881299 4.502644 0.239597 0.177665 
0.740741 1.283291 0.881849 4.515822 0.239017 0.176123 
0.741742 1.284536 0.882406 4.529033 0.238440 0.174579 
0.742743 1.285791 0.882973 4.542278 0.237864 0.173033 
0.743744 1.287054 0.883547 4.555557 0.237290 0.171484 
0.744745 1.288326 0.884131 4.568870 0.236718 0.169933 
0.745746 1.289608 0.884722 4.582217 0.236148 0.168379 
0.746747 1.290899 0.885323 4.595599 0.235579 0.166824 
0.747748 1.292199 0.885932 4.609014 0.235013 0.165265 
0.748749 1.293508 0.886550 4.622464 0.234448 0.163705 
0.749750 1.294827 0.887176 4.635948 0.233885 0.162142 
0.750751 1.296155 0.887812 4.649466 0.233324 0.160576 
0.751752 1.297493 0.888456 4.663019 0.232765 0.159008 
0.752753 1.298841 0.889109 4.676606 0.232207 0.157438 
0.753754 1.300198 0.889771 4.690228 0.231652 0.155865 
0.754755 1.301565 0.890441 4.703885 0.231098 0.154290 
0.755756 1.302942 0.891121 4.717576 0.230545 0.152713 
0.756757 1.304329 0.891810 4.731303 0.229995 0.151133 
0.757758 1.305726 0.892508 4.745064 0.229446 0.149550 
0.758759 1.307133 0.893214 4.758860 0.228899 0.147965 
0.759760 1.308550 0.893930 4.772692 0.228354 0.146378 
0.760761 1.309977 0.894655 4.786558 0.227811 0.144788 
0.761762 1.311414 0.895390 4.800460 0.227269 0.143196 
0.762763 1.312862 0.896133 4.814397 0.226729 0.141601 
0.763764 1.314321 0.896886 4.828369 0.226191 0.140004 
0.764765 1.315789 0.897648 4.842377 0.225654 0.138405 
0.765766 1.317269 0.898419 4.856421 0.225119 0.136803 
0.766767 1.318759 0.899200 4.870500 0.224586 0.135198 
0.767768 1.320260 0.899991 4.884615 0.224054 0.133591 
0.768769 1.321772 0.900790 4.898765 0.223524 0.131982 
0.769770 1.323294 0.901599 4.912952 0.222996 0.130369 
0.770771 1.324828 0.902418 4.927174 0.222470 0.128755 
0.771772 1.326373 0.903247 4.941433 0.221945 0.127138 
0.772773 1.327929 0.904084 4.955727 0.221421 0.125518 
0.773774 1.329496 0.904932 4.970058 0.220900 0.123896 
0.774775 1.331075 0.905789 4.984425 0.220380 0.122272 
0.775776 1.332665 0.906656 4.998828 0.219861 0.120644 
0.776777 1.334266 0.907533 5.013268 0.219345 0.119015 
0.777778 1.335879 0.908420 5.027744 0.218830 0.117383 
0.778779 1.337504 0.909316 5.042256 0.218316 0.115748 
0.779780 1.339141 0.910222 5.056806 0.217804 0.114111 
0.780781 1.340789 0.911139 5.071392 0.217294 0.112471 
0.781782 1.342450 0.912065 5.086015 0.216785 0.110828 
0.782783 1.344123 0.913001 5.100674 0.216278 0.109183 
0.783784 1.345807 0.913947 5.115371 0.215773 0.107536 
0.784785 1.347504 0.914904 5.130105 0.215269 0.105886 
0.785786 1.349214 0.915870 5.144876 0.214766 0.104233 
0.786787 1.350936 0.916847 5.159684 0.214266 0.102578 
0.787788 1.352670 0.917833 5.174529 0.213766 0.100920 
0.788789 1.354417 0.918830 5.189412 0.213269 0.099259 
0.789790 1.356177 0.919838 5.204332 0.212772 0.097596 
0.790791 1.357950 0.920855 5.219290 0.212278 0.095931 
0.791792 1.359735 0.921883 5.234285 0.211785 0.094262 
0.792793 1.361534 0.922922 5.249318 0.211293 0.092591 
0.793794 1.363346 0.923970 5.264388 0.210803 0.090918 
0.794795 1.365171 0.925030 5.279497 0.210315 0.089242 
0.795796 1.367010 0.926099 5.294643 0.209828 0.087563 
0.796797 1.368862 0.927179 5.309828 0.209342 0.085881 
0.797798 1.370728 0.928270 5.325051 0.208858 0.084197 
0.798799 1.372607 0.929372 5.340311 0.208375 0.082511 
0.799800 1.374500 0.930484 5.355610 0.207894 0.080821 
0.800801 1.376407 0.931607 5.370948 0.207415 0.079129 
0.801802 1.378329 0.932740 5.386323 0.206937 0.077435 
0.802803 1.380264 0.933884 5.401738 0.206460 0.075737 
0.803804 1.382214 0.935040 5.417190 0.205985 0.074037 
0.804805 1.384178 0.936206 5.432682 0.205511 0.072335 
0.805806 1.386157 0.937382 5.448212 0.205039 0.070629 
0.806807 1.388150 0.938570 5.463781 0.204568 0.068921 
0.807808 1.390158 0.939769 5.479389 0.204099 0.067211 
0.808809 1.392181 0.940979 5.495036 0.203631 0.065497 
0.809810 1.394219 0.942199 5.510722 0.203164 0.063781 
0.810811 1.396273 0.943431 5.526448 0.202699 0.062062 
0.811812 1.398341 0.944674 5.542212 0.202236 0.060341 
0.812813 1.400425 0.945928 5.558016 0.201773 0.058616 
0.813814 1.402525 0.947194 5.573859 0.201312 0.056889 
0.814815 1.404640 0.948470 5.589742 0.200853 0.055159 
0.815816 1.406771 0.949758 5.605664 0.200395 0.053427 
0.816817 1.408918 0.951057 5.621626 0.199938 0.051692 
0.817818 1.411081 0.952368 5.637628 0.199483 0.049954 
0.818819 1.413261 0.953690 5.653670 0.199029 0.048213 
0.819820 1.415456 0.955023 5.669751 0.198577 0.046470 
0.820821 1.417669 0.956368 5.685873 0.198126 0.044724 
0.821822 1.419898 0.957724 5.702035 0.197676 0.042975 
0.822823 1.422143 0.959092 5.718236 0.197227 0.041223 
0.823824 1.424406 0.960471 5.734478 0.196780 0.039468 
0.824825 1.426686 0.961862 5.750761 0.196335 0.037711 
0.825826 1.428983 0.963265 5.767084 0.195890 0.035951 
0.826827 1.431298 0.964679 5.783447 0.195447 0.034188 
0.827828 1.433630 0.966105 5.799851 0.195006 0.032422 
0.828829 1.435980 0.967543 5.816296 0.194565 0.030654 
0.829830 1.438347 0.968993 5.832781 0.194126 0.028883 
0.830831 1.440733 0.970454 5.849308 0.193688 0.027109 
0.831832 1.443137 0.971928 5.865875 0.193252 0.025332 
0.832833 1.445560 0.973413 5.882484 0.192817 0.023552 
0.833834 1.448001 0.974910 5.899133 0.192383 0.021769 
0.834835 1.450461 0.976420 5.915824 0.191951 0.019984 
0.835836 1.452939 0.977941 5.932556 0.191519 0.018196 
0.836837 1.455437 0.979474 5.949329 0.191090 0.016405 
0.837838 1.457954 0.981020 5.966144 0.190661 0.014611 
0.838839 1.460490 0.982578 5.983001 0.190234 0.012814 
0.839840 1.463046 0.984148 5.999899 0.189808 0.011015 
0.840841 1.465622 0.985730 6.016839 0.189383 0.009212 
0.841842 1.468218 0.987324 6.033820 0.188959 0.007407 
0.842843 1.470834 0.988931 6.050844 0.188537 0.005599 
0.843844 1.473470 0.990550 6.067910 0.188116 0.003788 
0.844845 1.476127 0.992182 6.085017 0.187696 0.001974 
0.845846 1.478805 0.993825 6.102167 0.187278 0.000157 
0.846847 1.481503 0.995482 6.119360 0.186861 -0.001663 
0.847848 1.484223 0.997151 6.136594 0.186444 -0.003486 
0.848849 1.486964 0.998832 6.153871 0.186030 -0.005311 
0.849850 1.489727 1.000526 6.171191 0.185616 -0.007140 
0.850851 1.492511 1.002233 6.188553 0.185204 -0.008971 
0.851852 1.495318 1.003952 6.205958 0.184793 -0.010805 
0.852853 1.498146 1.005684 6.223406 0.184383 -0.012642 
0.853854 1.500997 1.007429 6.240896 0.183974 -0.014482 
0.854855 1.503871 1.009186 6.258430 0.183567 -0.016325 
0.855856 1.506767 1.010957 6.276007 0.183160 -0.018171 
0.856857 1.509687 1.012740 6.293627 0.182755 -0.020020 
0.857858 1.512630 1.014536 6.311290 0.182351 -0.021872 
0.858859 1.515596 1.016345 6.328997 0.181949 -0.023727 
0.859860 1.518586 1.018167 6.346747 0.181547 -0.025585 
0.860861 1.521600 1.020002 6.364540 0.181147 -0.027446 
0.861862 1.524639 1.021850 6.382377 0.180748 -0.029309 
0.862863 1.527702 1.023711 6.400258 0.180350 -0.031176 
0.863864 1.530789 1.025585 6.418183 0.179953 -0.033046 
0.864865 1.533902 1.027472 6.436152 0.179557 -0.034918 
0.865866 1.537040 1.029373 6.454164 0.179163 -0.036794 
0.866867 1.540203 1.031287 6.472221 0.178770 -0.038673 
0.867868 1.543392 1.033214 6.490322 0.178377 -0.040554 
0.868869 1.546608 1.035154 6.508467 0.177986 -0.042439 
0.869870 1.549849 1.037108 6.526657 0.177596 -0.044327 
0.870871 1.553117 1.039075 6.544891 0.177208 -0.046217 
0.871872 1.556412 1.041056 6.563170 0.176820 -0.048111 
0.872873 1.559734 1.043050 6.581493 0.176434 -0.050008 
0.873874 1.563084 1.045057 6.599861 0.176048 -0.051907 
0.874875 1.566461 1.047078 6.618274 0.175664 -0.053810 
0.875876 1.569866 1.049113 6.636731 0.175281 -0.055716 
0.876877 1.573300 1.051161 6.655234 0.174899 -0.057625 
0.877878 1.576762 1.053223 6.673782 0.174518 -0.059537 
0.878879 1.580253 1.055299 6.692375 0.174138 -0.061452 
0.879880 1.583774 1.057388 6.711014 0.173759 -0.063370 
0.880881 1.587323 1.059492 6.729698 0.173382 -0.065291 
0.881882 1.590903 1.061609 6.748427 0.173005 -0.067215 
0.882883 1.594513 1.063739 6.767202 0.172630 -0.069142 
0.883884 1.598154 1.065884 6.786023 0.172256 -0.071072 
0.884885 1.601825 1.068043 6.804889 0.171882 -0.073006 
0.885886 1.605527 1.070216 6.823801 0.171510 -0.074942 
0.886887 1.609261 1.072402 6.842760 0.171139 -0.076882 
0.887888 1.613027 1.074603 6.861764 0.170769 -0.078825 
0.888889 1.616825 1.076818 6.880815 0.170400 -0.080770 
0.889890 1.620656 1.079047 6.899911 0.170032 -0.082719 
0.890891 1.624520 1.081290 6.919054 0.169665 -0.084671 
0.891892 1.628416 1.083547 6.938244 0.169299 -0.086626 
0.892893 1.632347 1.085819 6.957480 0.168935 -0.088585 
0.893894 1.636312 1.088104 6.976763 0.168571 -0.090546 
0.894895 1.640311 1.090404 6.996093 0.168208 -0.092511 
0.895896 1.644345 1.092719 7.015469 0.167847 -0.094478 
0.896897 1.648415 1.095048 7.034892 0.167486 -0.096449 
0.897898 1.652520 1.097391 7.054363 0.167127 -0.098423 
0.898899 1.656661 1.099749 7.073880 0.166768 -0.100400 
0.899900 1.660839 1.102121 7.093445 0.166411 -0.102381 
0.900901 1.665054 1.104508 7.113057 0.166054 -0.104364 
0.901902 1.669306 1.106910 7.132716 0.165699 -0.106351 
0.902903 1.673595 1.109326 7.152423 0.165344 -0.108341 
0.903904 1.677924 1.111756 7.172178 0.164991 -0.110334 
0.904905 1.682290 1.114202 7.191981 0.164638 -0.112330 
0.905906 1.686696 1.116662 7.211831 0.164287 -0.114329 
0.906907 1.691142 1.119137 7.231729 0.163937 -0.116332 
0.907908 1.695628 1.121627 7.251675 0.163587 -0.118337 
0.908909 1.700154 1.124131 7.271669 0.163239 -0.120346 
0.909910 1.704722 1.126651 7.291712 0.162891 -0.122359 
0.910911 1.709331 1.129185 7.311803 0.162545 -0.124374 
0.911912 1.713982 1.131735 7.331942 0.162199 -0.126393 
0.912913 1.718676 1.134299 7.352130 0.161855 -0.128415 
0.913914 1.723413 1.136879 7.372366 0.161511 -0.130440 
0.914915 1.728193 1.139473 7.392651 0.161169 -0.132468 
0.915916 1.733018 1.142083 7.412985 0.160827 -0.134500 
0.916917 1.737888 1.144708 7.433368 0.160487 -0.136535 
0.917918 1.742803 1.147348 7.453800 0.160147 -0.138573 
0.918919 1.747764 1.150003 7.474281 0.159808 -0.140614 
0.919920 1.752771 1.152674 7.494811 0.159471 -0.142659 
0.920921 1.757826 1.155360 7.515390 0.159134 -0.144707 
0.921922 1.762928 1.158061 7.536019 0.158798 -0.146758 
0.922923 1.768079 1.160778 7.556698 0.158463 -0.148812 
0.923924 1.773278 1.163510 7.577426 0.158129 -0.150870 
0.924925 1.778527 1.166258 7.598204 0.157796 -0.152931 
0.925926 1.783826 1.169021 7.619031 0.157464 -0.154995 
0.926927 1.789176 1.171799 7.639909 0.157133 -0.157063 
0.927928 1.794578 1.174594 7.660837 0.156803 -0.159134 
0.928929 1.800032 1.177403 7.681814 0.156473 -0.161208 
0.929930 1.805538 1.180229 7.702842 0.156145 -0.163286 
0.930931 1.811099 1.183070 7.723921 0.155817 -0.165367 
0.931932 1.816713 1.185927 7.745050 0.155491 -0.167451 
0.932933 1.822383 1.188800 7.766229 0.155165 -0.169538 
0.933934 1.828108 1.191689 7.787459 0.154841 -0.171629 
0.934935 1.833890 1.194593 7.808740 0.154517 -0.173723 
0.935936 1.839729 1.197514 7.830072 0.154194 -0.175821 
0.936937 1.845627 1.200450 7.851454 0.153872 -0.177922 
0.937938 1.851583 1.203402 7.872888 0.153551 -0.180026 
0.938939 1.857599 1.206371 7.894373 0.153230 -0.182134 
0.939940 1.863675 1.209355 7.915909 0.152911 -0.184245 
0.940941 1.869813 1.212355 7.937497 0.152593 -0.186359 
0.941942 1.876013 1.215372 7.959136 0.152275 -0.188477 
0.942943 1.882277 1.218405 7.980827 0.151958 -0.190598 
0.943944 1.888604 1.221454 8.002569 0.151643 -0.192723 
0.944945 1.894996 1.224519 8.024363 0.151328 -0.194851 
0.945946 1.901454 1.227600 8.046209 0.151014 -0.196982 
0.946947 1.907979 1.230698 8.068108 0.150700 -0.199117 
0.947948 1.914571 1.233812 8.090058 0.150388 -0.201255 
0.948949 1.921232 1.236943 8.112060 0.150077 -0.203396 
0.949950 1.927963 1.240090 8.134115 0.149766 -0.205541 
0.950951 1.934765 1.243253 8.156223 0.149456 -0.207690 
0.951952 1.941638 1.246434 8.178382 0.149147 -0.209841 
0.952953 1.948585 1.249630 8.200595 0.148839 -0.211997 
0.953954 1.955605 1.252843 8.222860 0.148532 -0.214155 
0.954955 1.962700 1.256073 8.245178 0.148226 -0.216317 
0.955956 1.969872 1.259320 8.267550 0.147920 -0.218483 
0.956957 1.977121 1.262583 8.289974 0.147616 -0.220652 
0.957958 1.984448 1.265863 8.312451 0.147312 -0.222825 
0.958959 1.991855 1.269159 8.334982 0.147009 -0.225001 
0.959960 1.999343 1.272473 8.357566 0.146706 -0.227180 
0.960961 2.006913 1.275803 8.380204 0.146405 -0.229363 
0.961962 2.014566 1.279151 8.402895 0.146105 -0.231549 
0.962963 2.022305 1.282515 8.425641 0.145805 -0.233739 
0.963964 2.030129 1.285896 8.448439 0.145506 -0.235932 
0.964965 2.038041 1.289294 8.471292 0.145208 -0.238129 
0.965966 2.046041 1.292710 8.494199 0.144911 -0.240330 
0.966967 2.054132 1.296142 8.517160 0.144614 -0.242534 
0.967968 2.062314 1.299592 8.540176 0.144319 -0.244741 
0.968969 2.070590 1.303058 8.563246 0.144024 -0.246952 
0.969970 2.078960 1.306542 8.586370 0.143730 -0.249166 
0.970971 2.087426 1.310044 8.609549 0.143437 -0.251384 
0.971972 2.095990 1.313562 8.632783 0.143144 -0.253606 
0.972973 2.104654 1.317098 8.656071 0.142852 -0.255831 
0.973974 2.113418 1.320651 8.679415 0.142562 -0.258059 
0.974975 2.122285 1.324222 8.702814 0.142272 -0.260291 
0.975976 2.131256 1.327810 8.726267 0.141982 -0.262527 
0.976977 2.140334 1.331415 8.749776 0.141694 -0.264766 
0.977978 2.149520 1.335038 8.773341 0.141406 -0.267009 
0.978979 2.158815 1.338679 8.796961 0.141119 -0.269255 
0.979980 2.168222 1.342337 8.820636 0.140833 -0.271505 
0.980981 2.177743 1.346013 8.844368 0.140548 -0.273758 
0.981982 2.187379 1.349706 8.868155 0.140263 -0.276015 
0.982983 2.197132 1.353417 8.891998 0.139979 -0.278276 
0.983984 2.207006 1.357146 8.915897 0.139696 -0.280540 
0.984985 2.217001 1.360893 8.939852 0.139414 -0.282808 
0.985986 2.227120 1.364658 8.963864 0.139132 -0.285080 
0.986987 2.237365 1.368440 8.987932 0.138852 -0.287355 
0.987988 2.247738 1.372240 9.012057 0.138571 -0.289633 
0.988989 2.258242 1.376059 9.036238 0.138292 -0.291916 
0.989990 2.268880 1.379895 9.060476 0.138014 -0.294201 
0.990991 2.279652 1.383749 9.084771 0.137736 -0.296491 
0.991992 2.290563 1.387622 9.109123 0.137459 -0.298784 
0.992993 2.301614 1.391512 9.133532 0.137183 -0.301081 
0.993994 2.312809 1.395421 9.157998 0.136907 -0.303381 
0.994995 2.324149 1.399348 9.182521 0.136632 -0.305685 
0.995996 2.335638 1.403293 9.207102 0.136358 -0.307993 
0.996997 2.347278 1.407256 9.231741 0.136085 -0.310305 
0.997998 2.359073 1.411237 9.256437 0.135812 -0.312620 
0.998999 2.371024 1.415237 9.281191 0.135540 -0.314938 
1.000000 2.383137 1.419255 9.306003 0.135269 -0.317261 
