0.000000 1.000000 1.141937 0.376160 6.967871 1.000000 
0.001001 1.000866 1.141306 0.377669 6.895145 0.998999 
0.002002 1.001729 1.140676 0.379183 6.823428 0.997998 
0.003003 1.002589 1.140046 0.380702 6.752702 0.996997 
0.004004 1.003447 1.139417 0.382227 6.682950 0.995996 
0.005005 1.004302 1.138789 0.383757 6.614156 0.994995 
0.006006 1.005155 1.138162 0.385292 6.546302 0.993994 
0.007007 1.006004 1.137535 0.386833 6.479374 0.992993 
0.008008 1.006852 1.136909 0.388379 6.413354 0.991992 
0.009009 1.007696 1.136284 0.389931 6.348229 0.990991 
0.010010 1.008538 1.135660 0.391488 6.283982 0.989990 
0.011011 1.009377 1.135036 0.393050 6.220600 0.988989 
0.012012 1.010213 1.134413 0.394618 6.158067 0.987988 
0.013013 1.011047 1.133791 0.396191 6.096369 0.986987 
0.014014 1.011878 1.133170 0.397770 6.035493 0.985986 
0.015015 1.012706 1.132549 0.399355 5.975424 0.984985 
0.016016 1.013532 1.131929 0.400945 5.916150 0.983984 
0.017017 1.014355 1.131310 0.402540 5.857658 0.982983 
0.018018 1.015175 1.130691 0.404141 5.799934 0.981982 
0.019019 1.015993 1.130074 0.405747 5.742965 0.980981 
0.020020 1.016807 1.129457 0.407360 5.686741 0.979980 
0.021021 1.017619 1.128840 0.408977 5.631248 0.978979 
0.022022 1.018429 1.128225 0.410601 5.576475 0.977978 
0.023023 1.019235 1.127610 0.412230 5.522410 0.976977 
0.024024 1.020039 1.126996 0.413864 5.469041 0.975976 
0.025025 1.020840 1.126383 0.415504 5.416358 0.974975 
0.026026 1.021638 1.125770 0.417150 5.364350 0.973974 
0.027027 1.022434 1.125158 0.418802 5.313005 0.972973 
0.028028 1.023226 1.124547 0.420459 5.262313 0.971972 
0.029029 1.024016 1.123937 0.422123 5.212264 0.970971 
0.030030 1.024804 1.123327 0.423791 5.162848 0.969970 
0.031031 1.025588 1.122718 0.425466 5.114055 0.968969 
0.032032 1.026370 1.122110 0.427147 5.065874 0.967968 
0.033033 1.027148 1.121502 0.428833 5.018297 0.966967 
0.034034 1.027924 1.120895 0.430525 4.971314 0.965966 
0.035035 1.028698 1.120289 0.432223 4.924915 0.964965 
0.036036 1.029468 1.119684 0.433926 4.879092 0.963964 
0.037037 1.030236 1.119079 0.435636 4.833836 0.962963 
0.038038 1.031001 1.118475 0.437352 4.789137 0.961962 
0.039039 1.031763 1.117871 0.439073 4.744988 0.960961 
0.040040 1.032522 1.117269 0.440800 4.701380 0.959960 
0.041041 1.033278 1.116667 0.442534 4.658305 0.958959 
0.042042 1.034032 1.116066 0.444273 4.615755 0.957958 
0.043043 1.034782 1.115465 0.446018 4.573721 0.956957 
0.044044 1.035530 1.114866 0.447769 4.532196 0.955956 
0.045045 1.036276 1.114267 0.449527 4.491172 0.954955 
0.046046 1.037018 1.113668 0.451290 4.450641 0.953954 
0.047047 1.037757 1.113071 0.453059 4.410597 0.952953 
0.048048 1.038494 1.112474 0.454835 4.371032 0.951952 
0.049049 1.039228 1.111877 0.456616 4.331939 0.950951 
0.050050 1.039959 1.111282 0.458404 4.293310 0.949950 
0.051051 1.040687 1.110687 0.460197 4.255140 0.948949 
0.052052 1.041412 1.110093 0.461997 4.217420 0.947948 
0.053053 1.042134 1.109499 0.463803 4.180145 0.946947 
0.054054 1.042854 1.108906 0.465616 4.143308 0.945946 
0.055055 1.043571 1.108314 0.467434 4.106903 0.944945 
0.056056 1.044284 1.107723 0.469258 4.070923 0.943944 
0.057057 1.044995 1.107132 0.471089 4.035362 0.942943 
0.058058 1.045704 1.106542 0.472926 4.000213 0.941942 
0.059059 1.046409 1.105953 0.474770 3.965472 0.940941 
0.060060 1.047111 1.105364 0.476619 3.931132 0.939940 
0.061061 1.047811 1.104776 0.478475 3.897188 0.938939 
0.062062 1.048508 1.104188 0.480337 3.863633 0.937938 
0.063063 1.049201 1.103602 0.482206 3.830462 0.936937 
0.064064 1.049892 1.103016 0.484081 3.797670 0.935936 
0.065065 1.050581 1.102431 0.485962 3.765251 0.934935 
0.066066 1.051266 1.101846 0.487850 3.733200 0.933934 
0.067067 1.051948 1.101262 0.489744 3.701512 0.932933 
0.068068 1.052628 1.100679 0.491644 3.670181 0.931932 
0.069069 1.053304 1.100096 0.493551 3.639203 0.930931 
0.070070 1.053978 1.099514 0.495465 3.608572 0.929930 
0.071071 1.054649 1.098933 0.497385 3.578285 0.928929 
0.072072 1.055317 1.098352 0.499311 3.548335 0.927928 
0.073073 1.055982 1.097772 0.501244 3.518719 0.926927 
0.074074 1.056645 1.097193 0.503184 3.489431 0.925926 
0.075075 1.057304 1.096614 0.505130 3.460468 0.924925 
0.076076 1.057961 1.096037 0.507082 3.431824 0.923924 
0.077077 1.058615 1.095459 0.509042 3.403495 0.922923 
0.078078 1.059265 1.094883 0.511008 3.375478 0.921922 
0.079079 1.059913 1.094307 0.512980 3.347767 0.920921 
0.080080 1.060559 1.093731 0.514959 3.320358 0.919920 
0.081081 1.061201 1.093157 0.516945 3.293248 0.918919 
0.082082 1.061840 1.092583 0.518938 3.266432 0.917918 
0.083083 1.062477 1.092009 0.520937 3.239907 0.916917 
0.084084 1.063110 1.091437 0.522943 3.213668 0.915916 
0.085085 1.063741 1.090865 0.524956 3.187711 0.914915 
0.086086 1.064369 1.090293 0.526975 3.162034 0.913914 
0.087087 1.064994 1.089723 0.529002 3.136631 0.912913 
0.088088 1.065617 1.089153 0.531035 3.111500 0.911912 
0.089089 1.066236 1.088583 0.533075 3.086637 0.910911 
0.090090 1.066852 1.088014 0.535122 3.062037 0.909910 
0.091091 1.067466 1.087446 0.537175 3.037699 0.908909 
0.092092 1.068077 1.086879 0.539236 3.013617 0.907908 
0.093093 1.068685 1.086312 0.541304 2.989790 0.906907 
0.094094 1.069290 1.085746 0.543378 2.966213 0.905906 
0.095095 1.069892 1.085180 0.545459 2.942883 0.904905 
0.096096 1.070492 1.084615 0.547548 2.919798 0.903904 
0.097097 1.071088 1.084051 0.549643 2.896953 0.902903 
0.098098 1.071682 1.083488 0.551746 2.874346 0.901902 
0.099099 1.072273 1.082925 0.553855 2.851973 0.900901 
0.100100 1.072861 1.082362 0.555971 2.829832 0.899900 
0.101101 1.073446 1.081800 0.558095 2.807920 0.898899 
0.102102 1.074028 1.081239 0.560226 2.786233 0.897898 
0.103103 1.074608 1.080679 0.562363 2.764770 0.896897 
0.104104 1.075185 1.080119 0.564508 2.743525 0.895896 
0.105105 1.075759 1.079560 0.566660 2.722499 0.894895 
0.106106 1.076330 1.079001 0.568819 2.701686 0.893894 
0.107107 1.076898 1.078443 0.570986 2.681085 0.892893 
0.108108 1.077463 1.077886 0.573160 2.660693 0.891892 
0.109109 1.078026 1.077329 0.575340 2.640507 0.890891 
0.110110 1.078586 1.076773 0.577529 2.620525 0.889890 
0.111111 1.079143 1.076218 0.579724 2.600744 0.888889 
0.112112 1.079697 1.075663 0.581927 2.581161 0.887888 
0.113113 1.080248 1.075109 0.584137 2.561775 0.886887 
0.114114 1.080797 1.074555 0.586354 2.542582 0.885886 
0.115115 1.081342 1.074003 0.588579 2.523581 0.884885 
0.116116 1.081885 1.073450 0.590811 2.504769 0.883884 
0.117117 1.082426 1.072898 0.593050 2.486142 0.882883 
0.118118 1.082963 1.072347 0.595297 2.467701 0.881882 
0.119119 1.083498 1.071797 0.597552 2.449441 0.880881 
0.120120 1.084030 1.071247 0.599813 2.431361 0.879880 
0.121121 1.084559 1.070698 0.602083 2.413458 0.878879 
0.122122 1.085085 1.070149 0.604360 2.395731 0.877878 
0.123123 1.085609 1.069601 0.606644 2.378177 0.876877 
0.124124 1.086129 1.069054 0.608936 2.360793 0.875876 
0.125125 1.086647 1.068507 0.611235 2.343579 0.874875 
0.126126 1.087163 1.067961 0.613543 2.326532 0.873874 
0.127127 1.087675 1.067415 0.615857 2.309650 0.872873 
0.128128 1.088185 1.066870 0.618180 2.292931 0.871872 
0.129129 1.088692 1.066326 0.620510 2.276373 0.870871 
0.130130 1.089196 1.065782 0.622847 2.259974 0.869870 
0.131131 1.089698 1.065239 0.625193 2.243731 0.868869 
0.132132 1.090197 1.064696 0.627546 2.227645 0.867868 
0.133133 1.090693 1.064154 0.629907 2.211711 0.866867 
0.134134 1.091186 1.063613 0.632275 2.195930 0.865866 
0.135135 1.091677 1.063072 0.634652 2.180298 0.864865 
0.136136 1.092165 1.062532 0.637036 2.164814 0.863864 
0.137137 1.092650 1.061993 0.639428 2.149476 0.862863 
0.138138 1.093133 1.061454 0.641828 2.134283 0.861862 
0.139139 1.093613 1.060915 0.644236 2.119232 0.860861 
0.140140 1.094090 1.060377 0.646651 2.104323 0.859860 
0.141141 1.094565 1.059840 0.649075 2.089554 0.858859 
0.142142 1.095037 1.059304 0.651507 2.074922 0.857858 
0.143143 1.095506 1.058768 0.653946 2.060427 0.856857 
0.144144 1.095973 1.058232 0.656394 2.046066 0.855856 
0.145145 1.096437 1.057697 0.658849 2.031838 0.854855 
0.146146 1.096898 1.057163 0.661313 2.017742 0.853854 
0.147147 1.097357 1.056630 0.663784 2.003777 0.852853 
0.148148 1.097813 1.056096 0.666264 1.989939 0.851852 
0.149149 1.098266 1.055564 0.668752 1.976229 0.850851 
0.150150 1.098717 1.055032 0.671248 1.962645 0.849850 
0.151151 1.099165 1.054501 0.673752 1.949184 0.848849 
0.152152 1.099611 1.053970 0.676264 1.935847 0.847848 
0.153153 1.100054 1.053440 0.678784 1.922631 0.846847 
0.154154 1.100494 1.052910 0.681313 1.909535 0.845846 
0.155155 1.100932 1.052381 0.683850 1.896557 0.844845 
0.156156 1.101367 1.051853 0.686395 1.883697 0.843844 
0.157157 1.101800 1.051325 0.688949 1.870953 0.842843 
0.158158 1.102230 1.050798 0.691510 1.858324 0.841842 
0.159159 1.102657 1.050271 0.694080 1.845808 0.840841 
0.160160 1.103082 1.049745 0.696659 1.833404 0.839840 
0.161161 1.103505 1.049219 0.699246 1.821111 0.838839 
0.162162 1.103925 1.048694 0.701841 1.808928 0.837838 
0.163163 1.104342 1.048170 0.704444 1.796853 0.836837 
0.164164 1.104757 1.047646 0.707056 1.784886 0.835836 
0.165165 1.105169 1.047123 0.709677 1.773024 0.834835 
0.166166 1.105579 1.046600 0.712306 1.761267 0.833834 
0.167167 1.105986 1.046078 0.714944 1.749614 0.832833 
0.168168 1.106391 1.045557 0.717590 1.738064 0.831832 
0.169169 1.106793 1.045036 0.720244 1.726615 0.830831 
0.170170 1.107193 1.044515 0.722908 1.715267 0.829830 
0.171171 1.107590 1.043995 0.725579 1.704017 0.828829 
0.172172 1.107985 1.043476 0.728260 1.692866 0.827828 
0.173173 1.108378 1.042957 0.730949 1.681812 0.826827 
0.174174 1.108768 1.042439 0.733647 1.670854 0.825826 
0.175175 1.109155 1.041922 0.736354 1.659991 0.824825 
0.176176 1.109540 1.041405 0.739069 1.649221 0.823824 
0.177177 1.109923 1.040888 0.741793 1.638545 0.822823 
0.178178 1.110303 1.040372 0.744526 1.627961 0.821822 
0.179179 1.110681 1.039857 0.747267 1.617468 0.820821 
0.180180 1.111057 1.039342 0.750018 1.607065 0.819820 
0.181181 1.111430 1.038828 0.752777 1.596750 0.818819 
0.182182 1.111801 1.038314 0.755545 1.586524 0.817818 
0.183183 1.112169 1.037801 0.758322 1.576385 0.816817 
0.184184 1.112535 1.037288 0.761108 1.566332 0.815816 
0.185185 1.112898 1.036776 0.763903 1.556365 0.814815 
0.186186 1.113260 1.036265 0.766707 1.546482 0.813814 
0.187187 1.113619 1.035754 0.769520 1.536682 0.812813 
0.188188 1.113975 1.035243 0.772342 1.526965 0.811812 
0.189189 1.114330 1.034733 0.775173 1.517330 0.810811 
0.190190 1.114682 1.034224 0.778013 1.507775 0.809810 
0.191191 1.115031 1.033715 0.780863 1.498301 0.808809 
0.192192 1.115379 1.033207 0.783721 1.488906 0.807808 
0.193193 1.115724 1.032699 0.786589 1.479589 0.806807 
0.194194 1.116067 1.032192 0.789465 1.470350 0.805806 
0.195195 1.116407 1.031686 0.792351 1.461188 0.804805 
0.196196 1.116746 1.031179 0.795246 1.452101 0.803804 
0.197197 1.117082 1.030674 0.798150 1.443090 0.802803 
0.198198 1.117416 1.030169 0.801064 1.434153 0.801802 
0.199199 1.117747 1.029665 0.803987 1.425290 0.800801 
0.200200 1.118077 1.029161 0.806919 1.416500 0.799800 
0.201201 1.118404 1.028657 0.809861 1.407781 0.798799 
0.202202 1.118729 1.028154 0.812812 1.399135 0.797798 
0.203203 1.119052 1.027652 0.815772 1.390558 0.796797 
0.204204 1.119372 1.027150 0.818742 1.382052 0.795796 
0.205205 1.119691 1.026649 0.821721 1.373615 0.794795 
0.206206 1.120007 1.026148 0.824710 1.365247 0.793794 
0.207207 1.120321 1.025648 0.827708 1.356946 0.792793 
0.208208 1.120633 1.025149 0.830716 1.348713 0.791792 
0.209209 1.120943 1.024649 0.833733 1.340546 0.790791 
0.210210 1.121251 1.024151 0.836760 1.332445 0.789790 
0.211211 1.121557 1.023653 0.839797 1.324409 0.788789 
0.212212 1.121860 1.023155 0.842843 1.316438 0.787788 
0.213213 1.122162 1.022658 0.845899 1.308530 0.786787 
0.214214 1.122461 1.022162 0.848965 1.300685 0.785786 
0.215215 1.122759 1.021666 0.852040 1.292904 0.784785 
0.216216 1.123054 1.021170 0.855125 1.285184 0.783784 
0.217217 1.123347 1.020675 0.858220 1.277525 0.782783 
0.218218 1.123639 1.020181 0.861324 1.269927 0.781782 
0.219219 1.123928 1.019687 0.864439 1.262390 0.780781 
0.220220 1.124215 1.019194 0.867563 1.254911 0.779780 
0.221221 1.124500 1.018701 0.870697 1.247492 0.778779 
0.222222 1.124783 1.018209 0.873841 1.240131 0.777778 
0.223223 1.125065 1.017717 0.876995 1.232828 0.776777 
0.224224 1.125344 1.017226 0.880159 1.225582 0.775776 
0.225225 1.125621 1.016735 0.883333 1.218393 0.774775 
0.226226 1.125897 1.016245 0.886517 1.211260 0.773774 
0.227227 1.126170 1.015755 0.889710 1.204183 0.772773 
0.228228 1.126442 1.015266 0.892914 1.197160 0.771772 
0.229229 1.126711 1.014777 0.896129 1.190192 0.770771 
0.230230 1.126979 1.014289 0.899353 1.183278 0.769770 
0.231231 1.127245 1.013801 0.902587 1.176418 0.768769 
0.232232 1.127509 1.013314 0.905832 1.169610 0.767768 
0.233233 1.127771 1.012827 0.909086 1.162855 0.766767 
0.234234 1.128031 1.012341 0.912351 1.156152 0.765766 
0.235235 1.128289 1.011856 0.915627 1.149500 0.764765 
0.236236 1.128546 1.011370 0.918912 1.142899 0.763764 
0.237237 1.128801 1.010886 0.922208 1.136349 0.762763 
0.238238 1.129054 1.010402 0.925514 1.129848 0.761762 
0.239239 1.129305 1.009918 0.928830 1.123397 0.760761 
0.240240 1.129554 1.009435 0.932157 1.116995 0.759760 
0.241241 1.129802 1.008952 0.935495 1.110642 0.758759 
0.242242 1.130047 1.008470 0.938842 1.104337 0.757758 
0.243243 1.130291 1.007989 0.942201 1.098079 0.756757 
0.244244 1.130534 1.007507 0.945569 1.091868 0.755756 
0.245245 1.130774 1.007027 0.948949 1.085705 0.754755 
0.246246 1.131013 1.006547 0.952339 1.079587 0.753754 
0.247247 1.131250 1.006067 0.955739 1.073516 0.752753 
0.248248 1.131486 1.005588 0.959150 1.067490 0.751752 
0.249249 1.131719 1.005109 0.962572 1.061508 0.750751 
0.250250 1.131952 1.004631 0.966004 1.055572 0.749750 
0.251251 1.132182 1.004154 0.969447 1.049680 0.748749 
0.252252 1.132411 1.003676 0.972901 1.043831 0.747748 
0.253253 1.132638 1.003200 0.976366 1.038026 0.746747 
0.254254 1.132863 1.002724 0.979841 1.032264 0.745746 
0.255255 1.133087 1.002248 0.983327 1.026544 0.744745 
0.256256 1.133310 1.001773 0.986824 1.020866 0.743744 
0.257257 1.133530 1.001298 0.990332 1.015231 0.742743 
0.258258 1.133750 1.000824 0.993851 1.009636 0.741742 
0.259259 1.133967 1.000350 0.997381 1.004083 0.740741 
0.260260 1.134183 0.999877 1.000922 0.998571 0.739740 
0.261261 1.134398 0.999404 1.004473 0.993098 0.738739 
0.262262 1.134611 0.998932 1.008036 0.987666 0.737738 
0.263263 1.134822 0.998460 1.011610 0.982273 0.736737 
0.264264 1.135032 0.997989 1.015195 0.976919 0.735736 
0.265265 1.135241 0.997518 1.018791 0.971605 0.734735 
0.266266 1.135448 0.997048 1.022398 0.966328 0.733734 
0.267267 1.135654 0.996578 1.026016 0.961090 0.732733 
0.268268 1.135858 0.996109 1.029646 0.955890 0.731732 
0.269269 1.136060 0.995640 1.033286 0.950727 0.730731 
0.270270 1.136262 0.995172 1.036938 0.945601 0.729730 
0.271271 1.136462 0.994704 1.040602 0.940512 0.728729 
0.272272 1.136660 0.994236 1.044276 0.935459 0.727728 
0.273273 1.136857 0.993769 1.047962 0.930443 0.726727 
0.274274 1.137053 0.993303 1.051660 0.925462 0.725726 
0.275275 1.137247 0.992837 1.055368 0.920517 0.724725 
0.276276 1.137440 0.992371 1.059089 0.915607 0.723724 
0.277277 1.137632 0.991906 1.062820 0.910731 0.722723 
0.278278 1.137822 0.991442 1.066563 0.905891 0.721722 
0.279279 1.138011 0.990978 1.070318 0.901084 0.720721 
0.280280 1.138199 0.990514 1.074084 0.896312 0.719720 
0.281281 1.138386 0.990051 1.077862 0.891573 0.718719 
0.282282 1.138571 0.989588 1.081652 0.886868 0.717718 
0.283283 1.138755 0.989126 1.085453 0.882195 0.716717 
0.284284 1.138938 0.988664 1.089265 0.877556 0.715716 
0.285285 1.139119 0.988203 1.093090 0.872948 0.714715 
0.286286 1.139299 0.987742 1.096926 0.868374 0.713714 
0.287287 1.139479 0.987282 1.100774 0.863830 0.712712 
0.288288 1.139656 0.986822 1.104634 0.859319 0.711711 
0.289289 1.139833 0.986362 1.108506 0.854839 0.710710 
0.290290 1.140009 0.985904 1.112389 0.850390 0.709709 
0.291291 1.140183 0.985445 1.116285 0.845972 0.708707 
0.292292 1.140356 0.984987 1.120192 0.841584 0.707706 
0.293293 1.140529 0.984530 1.124111 0.837227 0.706705 
0.294294 1.140700 0.984072 1.128043 0.832900 0.705703 
0.295295 1.140870 0.983616 1.131986 0.828602 0.704702 
0.296296 1.141038 0.983160 1.135941 0.824334 0.703700 
0.297297 1.141206 0.982704 1.139909 0.820095 0.702698 
0.298298 1.141373 0.982249 1.143888 0.815886 0.701696 
0.299299 1.141539 0.981794 1.147880 0.811705 0.700695 
0.300300 1.141703 0.981340 1.151884 0.807552 0.699693 
0.301301 1.141867 0.980886 1.155900 0.803428 0.698690 
0.302302 1.142030 0.980432 1.159929 0.799332 0.697688 
0.303303 1.142191 0.979979 1.163969 0.795264 0.696686 
0.304304 1.142352 0.979527 1.168022 0.791223 0.695683 
0.305305 1.142512 0.979075 1.172088 0.787210 0.694681 
0.306306 1.142671 0.978623 1.176165 0.783223 0.693678 
0.307307 1.142828 0.978172 1.180255 0.779264 0.692675 
0.308308 1.142985 0.977721 1.184358 0.775331 0.691672 
0.309309 1.143141 0.977271 1.188473 0.771424 0.690669 
0.310310 1.143296 0.976821 1.192601 0.767544 0.689666 
0.311311 1.143451 0.976372 1.196741 0.763690 0.688663 
0.312312 1.143604 0.975923 1.200893 0.759862 0.687659 
0.313313 1.143757 0.975475 1.205059 0.756059 0.686655 
0.314314 1.143908 0.975027 1.209236 0.752281 0.685651 
0.315315 1.144059 0.974579 1.213427 0.748529 0.684647 
0.316316 1.144209 0.974132 1.217630 0.744801 0.683643 
0.317317 1.144358 0.973685 1.221846 0.741098 0.682639 
0.318318 1.144507 0.973239 1.226075 0.737420 0.681634 
0.319319 1.144655 0.972794 1.230317 0.733766 0.680629 
0.320320 1.144802 0.972348 1.234571 0.730136 0.679624 
0.321321 1.144948 0.971903 1.238838 0.726530 0.678619 
0.322322 1.145093 0.971459 1.243118 0.722948 0.677613 
0.323323 1.145238 0.971015 1.247411 0.719389 0.676608 
0.324324 1.145382 0.970571 1.251717 0.715853 0.675602 
0.325325 1.145525 0.970128 1.256036 0.712341 0.674596 
0.326326 1.145668 0.969686 1.260369 0.708851 0.673589 
0.327327 1.145810 0.969243 1.264714 0.705385 0.672583 
0.328328 1.145952 0.968802 1.269072 0.701941 0.671576 
0.329329 1.146092 0.968360 1.273443 0.698519 0.670569 
0.330330 1.146233 0.967919 1.277828 0.695119 0.669561 
0.331331 1.146372 0.967479 1.282226 0.691742 0.668554 
0.332332 1.146511 0.967039 1.286637 0.688386 0.667546 
0.333333 1.146649 0.966599 1.291061 0.685052 0.666538 
0.334334 1.146787 0.966160 1.295499 0.681740 0.665529 
0.335335 1.146925 0.965721 1.299950 0.678449 0.664521 
0.336336 1.147061 0.965283 1.304414 0.675179 0.663512 
0.337337 1.147198 0.964845 1.308892 0.671930 0.662502 
0.338338 1.147333 0.964408 1.313383 0.668702 0.661493 
0.339339 1.147469 0.963971 1.317887 0.665494 0.660483 
0.340340 1.147603 0.963534 1.322405 0.662307 0.659473 
0.341341 1.147738 0.963098 1.326937 0.659140 0.658462 
0.342342 1.147872 0.962662 1.331482 0.655994 0.657452 
0.343343 1.148005 0.962227 1.336041 0.652867 0.656441 
0.344344 1.148138 0.961792 1.340614 0.649760 0.655429 
0.345345 1.148271 0.961358 1.345200 0.646673 0.654417 
0.346346 1.148403 0.960924 1.349800 0.643605 0.653405 
0.347347 1.148535 0.960490 1.354414 0.640557 0.652393 
0.348348 1.148666 0.960057 1.359041 0.637528 0.651380 
0.349349 1.148797 0.959624 1.363683 0.634518 0.650367 
0.350350 1.148928 0.959192 1.368338 0.631527 0.649354 
0.351351 1.149059 0.958760 1.373007 0.628555 0.648340 
0.352352 1.149189 0.958329 1.377690 0.625602 0.647326 
0.353353 1.149319 0.957898 1.382387 0.622666 0.646311 
0.354354 1.149448 0.957467 1.387098 0.619750 0.645296 
0.355355 1.149578 0.957037 1.391823 0.616851 0.644281 
0.356356 1.149707 0.956607 1.396562 0.613971 0.643265 
0.357357 1.149836 0.956178 1.401315 0.611108 0.642249 
0.358358 1.149964 0.955749 1.406083 0.608263 0.641233 
0.359359 1.150093 0.955320 1.410864 0.605436 0.640216 
0.360360 1.150221 0.954892 1.415660 0.602626 0.639199 
0.361361 1.150349 0.954465 1.420470 0.599834 0.638181 
0.362362 1.150477 0.954037 1.425294 0.597058 0.637163 
0.363363 1.150605 0.953611 1.430133 0.594300 0.636144 
0.364364 1.150732 0.953184 1.434986 0.591559 0.635125 
0.365365 1.150860 0.952758 1.439854 0.588835 0.634106 
0.366366 1.150987 0.952332 1.444736 0.586127 0.633086 
0.367367 1.151115 0.951907 1.449632 0.583436 0.632066 
0.368368 1.151242 0.951483 1.454543 0.580762 0.631045 
0.369369 1.151369 0.951058 1.459468 0.578104 0.630024 
0.370370 1.151496 0.950634 1.464408 0.575462 0.629002 
0.371371 1.151624 0.950211 1.469363 0.572836 0.627980 
0.372372 1.151751 0.949788 1.474332 0.570226 0.626958 
0.373373 1.151878 0.949365 1.479316 0.567631 0.625935 
0.374374 1.152005 0.948943 1.484315 0.565053 0.624911 
0.375375 1.152132 0.948521 1.489328 0.562490 0.623887 
0.376376 1.152259 0.948099 1.494357 0.559943 0.622863 
0.377377 1.152387 0.947678 1.499400 0.557411 0.621838 
0.378378 1.152514 0.947257 1.504458 0.554894 0.620812 
0.379379 1.152642 0.946837 1.509531 0.552392 0.619786 
0.380380 1.152769 0.946417 1.514619 0.549906 0.618760 
0.381381 1.152897 0.945998 1.519722 0.547434 0.617733 
0.382382 1.153025 0.945579 1.524840 0.544977 0.616705 
0.383383 1.153152 0.945160 1.529973 0.542535 0.615677 
0.384384 1.153281 0.944742 1.535121 0.540107 0.614649 
0.385385 1.153409 0.944324 1.540284 0.537694 0.613620 
0.386386 1.153537 0.943907 1.545463 0.535295 0.612590 
0.387387 1.153666 0.943490 1.550657 0.532910 0.611560 
0.388388 1.153795 0.943073 1.555866 0.530540 0.610529 
0.389389 1.153924 0.942657 1.561090 0.528183 0.609498 
0.390390 1.154053 0.942241 1.566330 0.525841 0.608466 
0.391391 1.154183 0.941825 1.571585 0.523512 0.607434 
0.392392 1.154313 0.941410 1.576855 0.521197 0.606401 
0.393393 1.154443 0.940996 1.582141 0.518896 0.605367 
0.394394 1.154574 0.940581 1.587442 0.516608 0.604333 
0.395395 1.154705 0.940168 1.592759 0.514333 0.603298 
0.396396 1.154836 0.939754 1.598092 0.512072 0.602263 
0.397397 1.154968 0.939341 1.603440 0.509825 0.601227 
0.398398 1.155099 0.938928 1.608804 0.507590 0.600191 
0.399399 1.155232 0.938516 1.614183 0.505368 0.599154 
0.400400 1.155365 0.938104 1.619579 0.503160 0.598116 
0.401401 1.155498 0.937693 1.624990 0.500964 0.597078 
0.402402 1.155631 0.937282 1.630416 0.498781 0.596039 
0.403403 1.155765 0.936871 1.635859 0.496610 0.594999 
0.404404 1.155900 0.936461 1.641318 0.494453 0.593959 
0.405405 1.156035 0.936051 1.646792 0.492307 0.592918 
0.406406 1.156170 0.935641 1.652282 0.490174 0.591877 
0.407407 1.156306 0.935232 1.657789 0.488054 0.590835 
0.408408 1.156442 0.934823 1.663311 0.485945 0.589792 
0.409409 1.156579 0.934415 1.668850 0.483849 0.588748 
0.410410 1.156717 0.934007 1.674405 0.481765 0.587704 
0.411411 1.156855 0.933600 1.679976 0.479692 0.586660 
0.412412 1.156994 0.933192 1.685563 0.477632 0.585614 
0.413413 1.157133 0.932786 1.691166 0.475583 0.584568 
0.414414 1.157273 0.932379 1.696786 0.473546 0.583521 
0.415415 1.157414 0.931973 1.702422 0.471521 0.582474 
0.416416 1.157555 0.931567 1.708074 0.469507 0.581426 
0.417417 1.157697 0.931162 1.713743 0.467505 0.580377 
0.418418 1.157839 0.930757 1.719428 0.465514 0.579327 
0.419419 1.157982 0.930353 1.725130 0.463534 0.578277 
0.420420 1.158126 0.929949 1.730848 0.461565 0.577226 
0.421421 1.158271 0.929545 1.736583 0.459608 0.576174 
0.422422 1.158416 0.929142 1.742334 0.457662 0.575122 
0.423423 1.158562 0.928739 1.748103 0.455726 0.574069 
0.424424 1.158709 0.928336 1.753887 0.453802 0.573015 
0.425425 1.158857 0.927934 1.759689 0.451888 0.571960 
0.426426 1.159005 0.927532 1.765507 0.449986 0.570905 
0.427427 1.159154 0.927130 1.771342 0.448093 0.569849 
0.428428 1.159304 0.926729 1.777194 0.446212 0.568792 
0.429429 1.159455 0.926329 1.783063 0.444341 0.567734 
0.430430 1.159607 0.925928 1.788949 0.442480 0.566676 
0.431431 1.159760 0.925528 1.794852 0.440630 0.565617 
0.432432 1.159913 0.925129 1.800772 0.438790 0.564557 
0.433433 1.160068 0.924730 1.806709 0.436960 0.563496 
0.434434 1.160223 0.924331 1.812663 0.435140 0.562435 
0.435435 1.160379 0.923932 1.818635 0.433331 0.561373 
0.436436 1.160537 0.923534 1.824623 0.431531 0.560309 
0.437437 1.160695 0.923137 1.830629 0.429742 0.559246 
0.438438 1.160854 0.922739 1.836652 0.427962 0.558181 
0.439439 1.161014 0.922342 1.842692 0.426192 0.557115 
0.440440 1.161175 0.921946 1.848750 0.424432 0.556049 
0.441441 1.161338 0.921549 1.854825 0.422682 0.554982 
0.442442 1.161501 0.921154 1.860918 0.420941 0.553914 
0.443443 1.161665 0.920758 1.867028 0.419210 0.552845 
0.444444 1.161831 0.920363 1.873156 0.417488 0.551776 
0.445445 1.161997 0.919968 1.879301 0.415776 0.550705 
0.446446 1.162165 0.919574 1.885464 0.414073 0.549634 
0.447447 1.162333 0.919180 1.891644 0.412379 0.548562 
0.448448 1.162503 0.918786 1.897843 0.410695 0.547489 
0.449449 1.162674 0.918393 1.904059 0.409019 0.546415 
0.450450 1.162846 0.918000 1.910293 0.407353 0.545340 
0.451451 1.163020 0.917608 1.916544 0.405696 0.544265 
0.452452 1.163194 0.917215 1.922814 0.404048 0.543188 
0.453453 1.163370 0.916824 1.929101 0.402408 0.542111 
0.454454 1.163547 0.916432 1.935407 0.400778 0.541033 
0.455455 1.163726 0.916041 1.941731 0.399156 0.539953 
0.456456 1.163905 0.915650 1.948072 0.397543 0.538873 
0.457457 1.164086 0.915260 1.954432 0.395939 0.537792 
0.458458 1.164268 0.914870 1.960810 0.394344 0.536711 
0.459459 1.164452 0.914480 1.967206 0.392756 0.535628 
0.460460 1.164636 0.914091 1.973620 0.391178 0.534544 
0.461461 1.164822 0.913702 1.980053 0.389608 0.533460 
0.462462 1.165010 0.913314 1.986504 0.388046 0.532374 
0.463463 1.165199 0.912926 1.992973 0.386493 0.531288 
0.464464 1.165389 0.912538 1.999461 0.384948 0.530200 
0.465465 1.165581 0.912150 2.005967 0.383411 0.529112 
0.466466 1.165774 0.911763 2.012492 0.381882 0.528023 
0.467467 1.165968 0.911376 2.019036 0.380362 0.526932 
0.468468 1.166164 0.910990 2.025598 0.378849 0.525841 
0.469469 1.166362 0.910604 2.032178 0.377345 0.524749 
0.470470 1.166561 0.910218 2.038777 0.375848 0.523656 
0.471471 1.166761 0.909833 2.045396 0.374359 0.522562 
0.472472 1.166963 0.909448 2.052032 0.372879 0.521467 
0.473473 1.167167 0.909063 2.058688 0.371406 0.520371 
0.474474 1.167372 0.908679 2.065363 0.369940 0.519274 
0.475475 1.167579 0.908295 2.072056 0.368483 0.518176 
0.476476 1.167787 0.907912 2.078769 0.367033 0.517077 
0.477477 1.167997 0.907528 2.085500 0.365591 0.515977 
0.478478 1.168209 0.907145 2.092251 0.364156 0.514876 
0.479479 1.168422 0.906763 2.099020 0.362729 0.513773 
0.480480 1.168637 0.906381 2.105809 0.361309 0.512670 
0.481481 1.168853 0.905999 2.112617 0.359896 0.511566 
0.482482 1.169071 0.905618 2.119444 0.358491 0.510461 
0.483483 1.169291 0.905236 2.126291 0.357093 0.509355 
0.484484 1.169513 0.904856 2.133157 0.355703 0.508248 
0.485485 1.169736 0.904475 2.140042 0.354320 0.507140 
0.486486 1.169962 0.904095 2.146947 0.352944 0.506030 
0.487487 1.170189 0.903716 2.153871 0.351575 0.504920 
0.488488 1.170417 0.903336 2.160815 0.350213 0.503808 
0.489489 1.170648 0.902957 2.167778 0.348858 0.502696 
0.490490 1.170880 0.902578 2.174761 0.347510 0.501582 
0.491491 1.171115 0.902200 2.181764 0.346169 0.500468 
0.492492 1.171351 0.901822 2.188786 0.344835 0.499352 
0.493493 1.171589 0.901445 2.195828 0.343507 0.498235 
0.494494 1.171829 0.901067 2.202890 0.342187 0.497117 
0.495495 1.172070 0.900690 2.209972 0.340873 0.495998 
0.496496 1.172314 0.900314 2.217074 0.339566 0.494878 
0.497497 1.172560 0.899937 2.224196 0.338266 0.493757 
0.498498 1.172808 0.899561 2.231337 0.336972 0.492635 
0.499499 1.173057 0.899186 2.238499 0.335685 0.491511 
0.500501 1.173309 0.898811 2.245681 0.334405 0.490387 
0.501502 1.173563 0.898436 2.252883 0.333131 0.489261 
0.502503 1.173818 0.898061 2.260105 0.331863 0.488134 
0.503504 1.174076 0.897687 2.267348 0.330602 0.487006 
0.504505 1.174336 0.897313 2.274610 0.329347 0.485877 
0.505506 1.174598 0.896940 2.281894 0.328099 0.484747 
0.506507 1.174862 0.896566 2.289197 0.326857 0.483616 
0.507508 1.175128 0.896193 2.296521 0.325621 0.482483 
0.508509 1.175397 0.895821 2.303865 0.324391 0.481349 
0.509510 1.175667 0.895449 2.311230 0.323168 0.480215 
0.510511 1.175940 0.895077 2.318616 0.321950 0.479079 
0.511512 1.176215 0.894705 2.326022 0.320739 0.477941 
0.512513 1.176492 0.894334 2.333449 0.319534 0.476803 
0.513514 1.176772 0.893963 2.340897 0.318335 0.475663 
0.514515 1.177053 0.893593 2.348365 0.317142 0.474523 
0.515516 1.177337 0.893223 2.355855 0.315955 0.473381 
0.516517 1.177623 0.892853 2.363365 0.314773 0.472237 
0.517518 1.177912 0.892483 2.370896 0.313598 0.471093 
0.518519 1.178203 0.892114 2.378448 0.312428 0.469947 
0.519520 1.178496 0.891745 2.386021 0.311265 0.468801 
0.520521 1.178792 0.891377 2.393615 0.310107 0.467652 
0.521522 1.179090 0.891009 2.401231 0.308955 0.466503 
0.522523 1.179390 0.890641 2.408867 0.307808 0.465353 
0.523524 1.179693 0.890273 2.416525 0.306667 0.464201 
0.524525 1.179998 0.889906 2.424204 0.305532 0.463048 
0.525526 1.180306 0.889539 2.431905 0.304402 0.461894 
0.526527 1.180616 0.889173 2.439627 0.303278 0.460738 
0.527528 1.180929 0.888806 2.447370 0.302160 0.459581 
0.528529 1.181244 0.888441 2.455135 0.301047 0.458423 
0.529530 1.181562 0.888075 2.462921 0.299939 0.457264 
0.530531 1.181882 0.887710 2.470729 0.298837 0.456103 
0.531532 1.182205 0.887345 2.478559 0.297740 0.454942 
0.532533 1.182531 0.886980 2.486410 0.296649 0.453778 
0.533534 1.182859 0.886616 2.494283 0.295563 0.452614 
0.534535 1.183190 0.886253 2.502178 0.294482 0.451448 
0.535536 1.183523 0.885890 2.510095 0.293407 0.450281 
0.536537 1.183859 0.885527 2.518033 0.292336 0.449113 
0.537538 1.184198 0.885165 2.525994 0.291271 0.447943 
0.538539 1.184540 0.884804 2.533976 0.290212 0.446772 
0.539540 1.184884 0.884443 2.541981 0.289157 0.445600 
0.540541 1.185231 0.884083 2.550008 0.288107 0.444426 
0.541542 1.185581 0.883724 2.558057 0.287063 0.443252 
0.542543 1.185933 0.883365 2.566128 0.286023 0.442075 
0.543544 1.186289 0.883007 2.574221 0.284988 0.440898 
0.544545 1.186647 0.882651 2.582337 0.283959 0.439719 
0.545546 1.187008 0.882295 2.590475 0.282934 0.438538 
0.546547 1.187372 0.881939 2.598636 0.281915 0.437357 
0.547548 1.187739 0.881585 2.606819 0.280900 0.436174 
0.548549 1.188109 0.881232 2.615025 0.279890 0.434989 
0.549550 1.188482 0.880880 2.623253 0.278885 0.433803 
0.550551 1.188858 0.880529 2.631504 0.277885 0.432616 
0.551552 1.189236 0.880179 2.639777 0.276889 0.431428 
0.552553 1.189618 0.879831 2.648073 0.275898 0.430238 
0.553554 1.190003 0.879483 2.656393 0.274912 0.429047 
0.554555 1.190391 0.879137 2.664734 0.273931 0.427854 
0.555556 1.190782 0.878792 2.673099 0.272954 0.426660 
0.556557 1.191176 0.878448 2.681487 0.271982 0.425464 
0.557558 1.191573 0.878106 2.689898 0.271015 0.424267 
0.558559 1.191973 0.877765 2.698332 0.270052 0.423069 
0.559560 1.192376 0.877425 2.706789 0.269094 0.421869 
0.560561 1.192783 0.877087 2.715269 0.268140 0.420668 
0.561562 1.193193 0.876750 2.723773 0.267191 0.419465 
0.562563 1.193606 0.876415 2.732300 0.266246 0.418261 
0.563564 1.194022 0.876082 2.740850 0.265306 0.417056 
0.564565 1.194441 0.875750 2.749423 0.264370 0.415849 
0.565566 1.194864 0.875420 2.758020 0.263438 0.414640 
0.566567 1.195290 0.875091 2.766641 0.262511 0.413430 
0.567568 1.195720 0.874764 2.775285 0.261588 0.412219 
0.568569 1.196153 0.874439 2.783952 0.260670 0.411006 
0.569570 1.196589 0.874116 2.792644 0.259756 0.409792 
0.570571 1.197028 0.873795 2.801359 0.258846 0.408576 
0.571572 1.197471 0.873475 2.810098 0.257940 0.407359 
0.572573 1.197918 0.873158 2.818860 0.257039 0.406140 
0.573574 1.198368 0.872842 2.827647 0.256141 0.404920 
0.574575 1.198821 0.872528 2.836458 0.255248 0.403698 
0.575576 1.199278 0.872217 2.845292 0.254360 0.402475 
0.576577 1.199739 0.871907 2.854151 0.253475 0.401250 
0.577578 1.200203 0.871600 2.863034 0.252594 0.400024 
0.578579 1.200670 0.871295 2.871941 0.251717 0.398796 
0.579580 1.201142 0.870991 2.880872 0.250845 0.397567 
0.580581 1.201617 0.870691 2.889827 0.249976 0.396336 
0.581582 1.202095 0.870392 2.898807 0.249112 0.395104 
0.582583 1.202577 0.870096 2.907811 0.248251 0.393870 
0.583584 1.203063 0.869802 2.916840 0.247395 0.392634 
0.584585 1.203553 0.869510 2.925893 0.246542 0.391397 
0.585586 1.204046 0.869221 2.934971 0.245693 0.390159 
0.586587 1.204544 0.868934 2.944074 0.244848 0.388918 
0.587588 1.205045 0.868650 2.953201 0.244007 0.387677 
0.588589 1.205550 0.868369 2.962353 0.243170 0.386433 
0.589590 1.206058 0.868090 2.971529 0.242337 0.385189 
0.590591 1.206571 0.867813 2.980731 0.241507 0.383942 
0.591592 1.207088 0.867539 2.989957 0.240682 0.382694 
0.592593 1.207608 0.867268 2.999209 0.239860 0.381444 
0.593594 1.208132 0.867000 3.008485 0.239041 0.380193 
0.594595 1.208661 0.866734 3.017787 0.238227 0.378940 
0.595596 1.209193 0.866471 3.027114 0.237416 0.377686 
0.596597 1.209730 0.866211 3.036466 0.236609 0.376430 
0.597598 1.210270 0.865954 3.045843 0.235805 0.375172 
0.598599 1.210815 0.865700 3.055245 0.235006 0.373913 
0.599600 1.211364 0.865449 3.064673 0.234209 0.372652 
0.600601 1.211917 0.865201 3.074127 0.233417 0.371389 
0.601602 1.212474 0.864956 3.083606 0.232628 0.370125 
0.602603 1.213035 0.864714 3.093110 0.231842 0.368859 
0.603604 1.213600 0.864475 3.102640 0.231060 0.367592 
0.604605 1.214170 0.864239 3.112196 0.230282 0.366323 
0.605606 1.214744 0.864006 3.121777 0.229507 0.365052 
0.606607 1.215322 0.863777 3.131385 0.228735 0.363780 
0.607608 1.215905 0.863550 3.141018 0.227967 0.362505 
0.608609 1.216492 0.863328 3.150677 0.227202 0.361230 
0.609610 1.217084 0.863108 3.160362 0.226441 0.359952 
0.610611 1.217679 0.862892 3.170073 0.225683 0.358673 
0.611612 1.218280 0.862679 3.179810 0.224929 0.357392 
0.612613 1.218885 0.862470 3.189574 0.224178 0.356110 
0.613614 1.219494 0.862264 3.199363 0.223430 0.354825 
0.614615 1.220108 0.862062 3.209179 0.222686 0.353539 
0.615616 1.220726 0.861863 3.219021 0.221945 0.352252 
0.616617 1.221349 0.861668 3.228890 0.221207 0.350962 
0.617618 1.221977 0.861477 3.238785 0.220472 0.349671 
0.618619 1.222609 0.861289 3.248707 0.219741 0.348379 
0.619620 1.223246 0.861105 3.258655 0.219013 0.347084 
0.620621 1.223888 0.860925 3.268630 0.218288 0.345788 
0.621622 1.224534 0.860749 3.278631 0.217566 0.344490 
0.622623 1.225185 0.860576 3.288660 0.216848 0.343190 
0.623624 1.225841 0.860407 3.298715 0.216133 0.341888 
0.624625 1.226502 0.860243 3.308797 0.215420 0.340585 
0.625626 1.227168 0.860082 3.318906 0.214711 0.339280 
0.626627 1.227838 0.859925 3.329042 0.214005 0.337973 
0.627628 1.228514 0.859772 3.339205 0.213302 0.336665 
0.628629 1.229194 0.859623 3.349395 0.212603 0.335354 
0.629630 1.229880 0.859479 3.359612 0.211906 0.334042 
0.630631 1.230570 0.859338 3.369857 0.211212 0.332728 
0.631632 1.231266 0.859202 3.380129 0.210522 0.331413 
0.632633 1.231967 0.859070 3.390428 0.209834 0.330095 
0.633634 1.232672 0.858942 3.400755 0.209149 0.328776 
0.634635 1.233383 0.858819 3.411109 0.208468 0.327455 
0.635636 1.234099 0.858700 3.421491 0.207789 0.326132 
0.636637 1.234821 0.858585 3.431901 0.207113 0.324807 
0.637638 1.235547 0.858475 3.442338 0.206440 0.323480 
0.638639 1.236279 0.858369 3.452803 0.205770 0.322152 
0.639640 1.237017 0.858267 3.463296 0.205103 0.320822 
0.640641 1.237759 0.858171 3.473817 0.204439 0.319490 
0.641642 1.238507 0.858078 3.484365 0.203778 0.318156 
0.642643 1.239261 0.857991 3.494942 0.203119 0.316820 
0.643644 1.240020 0.857908 3.505547 0.202464 0.315482 
0.644645 1.240784 0.857829 3.516180 0.201811 0.314143 
0.645646 1.241554 0.857756 3.526841 0.201161 0.312802 
0.646647 1.242329 0.857687 3.537530 0.200514 0.311458 
0.647648 1.243110 0.857623 3.548248 0.199869 0.310113 
0.648649 1.243897 0.857564 3.558994 0.199227 0.308766 
0.649650 1.244690 0.857509 3.569769 0.198589 0.307417 
0.650651 1.245488 0.857460 3.580572 0.197952 0.306067 
0.651652 1.246292 0.857415 3.591404 0.197319 0.304714 
0.652653 1.247101 0.857376 3.602264 0.196688 0.303360 
0.653654 1.247917 0.857342 3.613153 0.196060 0.302003 
0.654655 1.248738 0.857312 3.624071 0.195434 0.300645 
0.655656 1.249566 0.857288 3.635018 0.194812 0.299285 
0.656657 1.250399 0.857269 3.645994 0.194192 0.297922 
0.657658 1.251238 0.857255 3.656999 0.193574 0.296558 
0.658659 1.252084 0.857246 3.668032 0.192959 0.295192 
0.659660 1.252935 0.857243 3.679095 0.192347 0.293824 
0.660661 1.253792 0.857245 3.690187 0.191737 0.292454 
0.661662 1.254656 0.857252 3.701308 0.191130 0.291083 
0.662663 1.255526 0.857265 3.712459 0.190525 0.289709 
0.663664 1.256402 0.857283 3.723639 0.189923 0.288333 
0.664665 1.257284 0.857306 3.734849 0.189324 0.286955 
0.665666 1.258172 0.857335 3.746087 0.188727 0.285576 
0.666667 1.259067 0.857370 3.757356 0.188133 0.284194 
0.667668 1.259969 0.857410 3.768654 0.187541 0.282810 
0.668669 1.260876 0.857455 3.779982 0.186951 0.281425 
0.669670 1.261791 0.857507 3.791340 0.186364 0.280037 
0.670671 1.262711 0.857564 3.802727 0.185779 0.278648 
0.671672 1.263639 0.857627 3.814145 0.185197 0.277256 
0.672673 1.264573 0.857695 3.825592 0.184618 0.275862 
0.673674 1.265513 0.857769 3.837070 0.184040 0.274467 
0.674675 1.266460 0.857850 3.848577 0.183466 0.273069 
0.675676 1.267414 0.857936 3.860115 0.182893 0.271670 
0.676677 1.268375 0.858027 3.871683 0.182323 0.270268 
0.677678 1.269343 0.858125 3.883281 0.181755 0.268864 
0.678679 1.270317 0.858229 3.894910 0.181190 0.267459 
0.679680 1.271299 0.858339 3.906569 0.180627 0.266051 
0.680681 1.272287 0.858455 3.918259 0.180066 0.264641 
0.681682 1.273282 0.858577 3.929980 0.179508 0.263229 
0.682683 1.274285 0.858705 3.941731 0.178952 0.261815 
0.683684 1.275294 0.858840 3.953512 0.178398 0.260399 
0.684685 1.276311 0.858980 3.965325 0.177846 0.258981 
0.685686 1.277335 0.859127 3.977168 0.177297 0.257561 
0.686687 1.278366 0.859281 3.989043 0.176750 0.256139 
0.687688 1.279404 0.859440 4.000948 0.176205 0.254715 
0.688689 1.280450 0.859606 4.012884 0.175663 0.253289 
0.689690 1.281503 0.859778 4.024852 0.175123 0.251860 
0.690691 1.282564 0.859957 4.036851 0.174585 0.250430 
0.691692 1.283632 0.860142 4.048881 0.174049 0.248997 
0.692693 1.284708 0.860334 4.060942 0.173515 0.247563 
0.693694 1.285791 0.860532 4.073035 0.172984 0.246126 
0.694695 1.286882 0.860737 4.085160 0.172454 0.244687 
0.695696 1.287981 0.860949 4.097316 0.171927 0.243246 
0.696697 1.289087 0.861167 4.109503 0.171402 0.241803 
0.697698 1.290202 0.861392 4.121722 0.170879 0.240357 
0.698699 1.291324 0.861624 4.133973 0.170359 0.238910 
0.699700 1.292454 0.861862 4.146256 0.169840 0.237460 
0.700701 1.293592 0.862108 4.158571 0.169323 0.236009 
0.701702 1.294738 0.862360 4.170918 0.168809 0.234555 
0.702703 1.295892 0.862619 4.183297 0.168297 0.233099 
0.703704 1.297055 0.862885 4.195708 0.167786 0.231641 
0.704705 1.298225 0.863158 4.208151 0.167278 0.230180 
0.705706 1.299404 0.863438 4.220627 0.166772 0.228718 
0.706707 1.300591 0.863725 4.233135 0.166268 0.227253 
0.707708 1.301787 0.864019 4.245675 0.165766 0.225786 
0.708709 1.302990 0.864321 4.258248 0.165266 0.224317 
0.709710 1.304203 0.864629 4.270853 0.164768 0.222846 
0.710711 1.305424 0.864945 4.283491 0.164271 0.221373 
0.711712 1.306654 0.865268 4.296162 0.163777 0.219897 
0.712713 1.307892 0.865598 4.308865 0.163285 0.218419 
0.713714 1.309139 0.865936 4.321602 0.162795 0.216939 
0.714715 1.310395 0.866281 4.334371 0.162307 0.215457 
0.715716 1.311660 0.866633 4.347173 0.161821 0.213972 
0.716717 1.312933 0.866993 4.360008 0.161336 0.212486 
0.717718 1.314216 0.867360 4.372877 0.160854 0.210997 
0.718719 1.315508 0.867734 4.385779 0.160374 0.209506 
0.719720 1.316808 0.868117 4.398714 0.159895 0.208012 
0.720721 1.318118 0.868506 4.411682 0.159419 0.206516 
0.721722 1.319438 0.868904 4.424684 0.158944 0.205019 
0.722723 1.320766 0.869309 4.437719 0.158471 0.203518 
0.723724 1.322104 0.869722 4.450788 0.158000 0.202016 
0.724725 1.323452 0.870142 4.463891 0.157531 0.200511 
0.725726 1.324809 0.870570 4.477027 0.157064 0.199004 
0.726727 1.326175 0.871006 4.490197 0.156598 0.197495 
0.727728 1.327552 0.871450 4.503401 0.156135 0.195983 
0.728729 1.328938 0.871902 4.516639 0.155673 0.194470 
0.729730 1.330333 0.872362 4.529911 0.155213 0.192953 
0.730731 1.331739 0.872829 4.543217 0.154755 0.191435 
0.731732 1.333155 0.873305 4.556558 0.154299 0.189914 
0.732733 1.334580 0.873788 4.569932 0.153844 0.188391 
0.733734 1.336016 0.874280 4.583341 0.153391 0.186866 
0.734735 1.337462 0.874780 4.596784 0.152940 0.185338 
0.735736 1.338918 0.875287 4.610262 0.152491 0.183808 
0.736737 1.340385 0.875803 4.623775 0.152044 0.182276 
0.737738 1.341862 0.876328 4.637322 0.151598 0.180741 
0.738739 1.343349 0.876860 4.650903 0.151154 0.179204 
0.739740 1.344847 0.877401 4.664520 0.150712 0.177665 
0.740741 1.346356 0.877950 4.678171 0.150271 0.176123 
0.741742 1.347875 0.878507 4.691858 0.149833 0.174579 
0.742743 1.349406 0.879072 4.705579 0.149396 0.173033 
0.743744 1.350947 0.879646 4.719336 0.148960 0.171484 
0.744745 1.352499 0.880229 4.733127 0.148526 0.169933 
0.745746 1.354062 0.880820 4.746954 0.148094 0.168379 
0.746747 1.355636 0.881419 4.760816 0.147664 0.166824 
0.747748 1.357222 0.882027 4.774714 0.147235 0.165265 
0.748749 1.358818 0.882644 4.788647 0.146808 0.163705 
0.749750 1.360427 0.883269 4.802616 0.146383 0.162142 
0.750751 1.362046 0.883903 4.816620 0.145959 0.160576 
0.751752 1.363678 0.884545 4.830660 0.145537 0.159008 
0.752753 1.365321 0.885196 4.844736 0.145117 0.157438 
0.753754 1.366975 0.885856 4.858848 0.144698 0.155865 
0.754755 1.368642 0.886525 4.872996 0.144281 0.154290 
0.755756 1.370320 0.887202 4.887179 0.143865 0.152713 
0.756757 1.372011 0.887889 4.901399 0.143451 0.151133 
0.757758 1.373713 0.888584 4.915655 0.143039 0.149550 
0.758759 1.375428 0.889288 4.929947 0.142628 0.147965 
0.759760 1.377156 0.890001 4.944276 0.142219 0.146378 
0.760761 1.378895 0.890723 4.958641 0.141811 0.144788 
0.761762 1.380647 0.891453 4.973043 0.141405 0.143196 
0.762763 1.382412 0.892193 4.987481 0.141000 0.141601 
0.763764 1.384190 0.892942 5.001956 0.140597 0.140004 
0.764765 1.385980 0.893700 5.016467 0.140195 0.138405 
0.765766 1.387783 0.894467 5.031016 0.139795 0.136803 
0.766767 1.389599 0.895244 5.045601 0.139397 0.135198 
0.767768 1.391429 0.896029 5.060223 0.139000 0.133591 
0.768769 1.393272 0.896824 5.074882 0.138604 0.131982 
0.769770 1.395128 0.897628 5.089579 0.138210 0.130369 
0.770771 1.396997 0.898441 5.104313 0.137818 0.128755 
0.771772 1.398880 0.899263 5.119084 0.137427 0.127138 
0.772773 1.400777 0.900095 5.133892 0.137037 0.125518 
0.773774 1.402687 0.900936 5.148738 0.136649 0.123896 
0.774775 1.404612 0.901786 5.163621 0.136263 0.122272 
0.775776 1.406550 0.902646 5.178542 0.135878 0.120644 
0.776777 1.408503 0.903515 5.193501 0.135494 0.119015 
0.777778 1.410470 0.904393 5.208498 0.135112 0.117383 
0.778779 1.412451 0.905281 5.223532 0.134731 0.115748 
0.779780 1.414446 0.906179 5.238605 0.134352 0.114111 
0.780781 1.416457 0.907086 5.253715 0.133974 0.112471 
0.781782 1.418482 0.908003 5.268864 0.133597 0.110828 
0.782783 1.420522 0.908929 5.284050 0.133222 0.109183 
0.783784 1.422577 0.909864 5.299275 0.132848 0.107536 
0.784785 1.424647 0.910810 5.314539 0.132476 0.105886 
0.785786 1.426732 0.911764 5.329841 0.132105 0.104233 
0.786787 1.428833 0.912729 5.345181 0.131735 0.102578 
0.787788 1.430949 0.913703 5.360560 0.131367 0.100920 
0.788789 1.433080 0.914687 5.375978 0.131001 0.099259 
0.789790 1.435228 0.915681 5.391434 0.130635 0.097596 
0.790791 1.437391 0.916684 5.406930 0.130271 0.095931 
0.791792 1.439571 0.917697 5.422464 0.129908 0.094262 
0.792793 1.441767 0.918720 5.438038 0.129547 0.092591 
0.793794 1.443979 0.919752 5.453650 0.129187 0.090918 
0.794795 1.446207 0.920794 5.469302 0.128828 0.089242 
0.795796 1.448452 0.921846 5.484993 0.128471 0.087563 
0.796797 1.450714 0.922908 5.500723 0.128115 0.085881 
0.797798 1.452993 0.923980 5.516493 0.127760 0.084197 
0.798799 1.455289 0.925062 5.532302 0.127406 0.082511 
0.799800 1.457602 0.926153 5.548152 0.127054 0.080821 
0.800801 1.459932 0.927254 5.564040 0.126704 0.079129 
0.801802 1.462280 0.928365 5.579969 0.126354 0.077435 
0.802803 1.464646 0.929486 5.595937 0.126006 0.075737 
0.803804 1.467029 0.930617 5.611946 0.125659 0.074037 
0.804805 1.469430 0.931758 5.627994 0.125313 0.072335 
0.805806 1.471850 0.932909 5.644083 0.124969 0.070629 
0.806807 1.474288 0.934069 5.660211 0.124625 0.068921 
0.807808 1.476744 0.935240 5.676381 0.124283 0.067211 
0.808809 1.479219 0.936420 5.692590 0.123943 0.065497 
0.809810 1.481713 0.937610 5.708840 0.123603 0.063781 
0.810811 1.484226 0.938811 5.725131 0.123265 0.062062 
0.811812 1.486758 0.940021 5.741462 0.122928 0.060341 
0.812813 1.489309 0.941241 5.757834 0.122592 0.058616 
0.813814 1.491880 0.942471 5.774247 0.122258 0.056889 
0.814815 1.494471 0.943711 5.790701 0.121925 0.055159 
0.815816 1.497081 0.944961 5.807195 0.121593 0.053427 
0.816817 1.499712 0.946220 5.823731 0.121262 0.051692 
0.817818 1.502363 0.947490 5.840308 0.120932 0.049954 
0.818819 1.505034 0.948769 5.856927 0.120603 0.048213 
0.819820 1.507726 0.950059 5.873586 0.120276 0.046470 
0.820821 1.510439 0.951358 5.890287 0.119950 0.044724 
0.821822 1.513173 0.952667 5.907030 0.119625 0.042975 
0.822823 1.515928 0.953986 5.923814 0.119301 0.041223 
0.823824 1.518704 0.955315 5.940640 0.118979 0.039468 
0.824825 1.521503 0.956654 5.957508 0.118657 0.037711 
0.825826 1.524323 0.958002 5.974418 0.118337 0.035951 
0.826827 1.527165 0.959360 5.991370 0.118018 0.034188 
0.827828 1.530029 0.960728 6.008363 0.117700 0.032422 
0.828829 1.532916 0.962106 6.025399 0.117383 0.030654 
0.829830 1.535826 0.963494 6.042478 0.117067 0.028883 
0.830831 1.538759 0.964891 6.059598 0.116753 0.027109 
0.831832 1.541715 0.966297 6.076761 0.116439 0.025332 
0.832833 1.544694 0.967714 6.093967 0.116127 0.023552 
0.833834 1.547697 0.969140 6.111215 0.115816 0.021769 
0.834835 1.550724 0.970575 6.128505 0.115506 0.019984 
0.835836 1.553775 0.972021 6.145839 0.115197 0.018196 
0.836837 1.556850 0.973475 6.163215 0.114889 0.016405 
0.837838 1.559950 0.974939 6.180635 0.114582 0.014611 
0.838839 1.563074 0.976413 6.198097 0.114276 0.012814 
0.839840 1.566224 0.977896 6.215603 0.113972 0.011015 
0.840841 1.569399 0.979388 6.233152 0.113668 0.009212 
0.841842 1.572600 0.980890 6.250744 0.113366 0.007407 
0.842843 1.575827 0.982400 6.268380 0.113064 0.005599 
0.843844 1.579080 0.983920 6.286059 0.112764 0.003788 
0.844845 1.582359 0.985449 6.303782 0.112465 0.001974 
0.845846 1.585665 0.986987 6.321548 0.112166 0.000157 
0.846847 1.588998 0.988535 6.339359 0.111869 -0.001663 
0.847848 1.592358 0.990091 6.357213 0.111573 -0.003486 
0.848849 1.595746 0.991656 6.375111 0.111278 -0.005311 
0.849850 1.599161 0.993230 6.393053 0.110984 -0.007140 
0.850851 1.602605 0.994812 6.411040 0.110691 -0.008971 
0.851852 1.606077 0.996404 6.429070 0.110399 -0.010805 
0.852853 1.609578 0.998003 6.447145 0.110108 -0.012642 
0.853854 1.613108 0.999612 6.465265 0.109818 -0.014482 
0.854855 1.616667 1.001229 6.483429 0.109530 -0.016325 
0.855856 1.620255 1.002854 6.501638 0.109242 -0.018171 
0.856857 1.623874 1.004488 6.519891 0.108955 -0.020020 
0.857858 1.627523 1.006129 6.538189 0.108669 -0.021872 
0.858859 1.631203 1.007779 6.556532 0.108384 -0.023727 
0.859860 1.634913 1.009437 6.574920 0.108100 -0.025585 
0.860861 1.638655 1.011103 6.593354 0.107817 -0.027446 
0.861862 1.642429 1.012776 6.611832 0.107535 -0.029309 
0.862863 1.646234 1.014458 6.630356 0.107254 -0.031176 
0.863864 1.650072 1.016147 6.648925 0.106975 -0.033046 
0.864865 1.653943 1.017843 6.667540 0.106696 -0.034918 
0.865866 1.657846 1.019547 6.686200 0.106418 -0.036794 
0.866867 1.661783 1.021258 6.704906 0.106141 -0.038673 
0.867868 1.665754 1.022976 6.723658 0.105865 -0.040554 
0.868869 1.669759 1.024701 6.742455 0.105589 -0.042439 
0.869870 1.673799 1.026433 6.761299 0.105315 -0.044327 
0.870871 1.677873 1.028171 6.780188 0.105042 -0.046217 
0.871872 1.681983 1.029916 6.799124 0.104770 -0.048111 
0.872873 1.686129 1.031668 6.818106 0.104498 -0.050008 
0.873874 1.690311 1.033426 6.837134 0.104228 -0.051907 
0.874875 1.694529 1.035190 6.856209 0.103959 -0.053810 
0.875876 1.698785 1.036960 6.875331 0.103690 -0.055716 
0.876877 1.703078 1.038736 6.894499 0.103422 -0.057625 
0.877878 1.707409 1.040518 6.913713 0.103156 -0.059537 
0.878879 1.711778 1.042305 6.932975 0.102890 -0.061452 
0.879880 1.716186 1.044097 6.952284 0.102625 -0.063370 
0.880881 1.720634 1.045894 6.971639 0.102361 -0.065291 
0.881882 1.725121 1.047697 6.991042 0.102098 -0.067215 
0.882883 1.729648 1.049504 7.010492 0.101836 -0.069142 
0.883884 1.734216 1.051315 7.029989 0.101575 -0.071072 
0.884885 1.738825 1.053131 7.049534 0.101314 -0.073006 
0.885886 1.743476 1.054951 7.069126 0.101055 -0.074942 
0.886887 1.748169 1.056775 7.088766 0.100796 -0.076882 
0.887888 1.752904 1.058603 7.108453 0.100539 -0.078825 
0.888889 1.757683 1.060434 7.128189 0.100282 -0.080770 
0.889890 1.762506 1.062269 7.147972 0.100026 -0.082719 
0.890891 1.767373 1.064106 7.167804 0.099771 -0.084671 
0.891892 1.772285 1.065946 7.187683 0.099517 -0.086626 
0.892893 1.777242 1.067789 7.207611 0.099263 -0.088585 
0.893894 1.782245 1.069634 7.227587 0.099011 -0.090546 
0.894895 1.787295 1.071481 7.247611 0.098759 -0.092511 
0.895896 1.792391 1.073329 7.267684 0.098508 -0.094478 
0.896897 1.797536 1.075179 7.287806 0.098258 -0.096449 
0.897898 1.802729 1.077030 7.307976 0.098009 -0.098423 
0.898899 1.807971 1.078882 7.328195 0.097761 -0.100400 
0.899900 1.813262 1.080735 7.348464 0.097514 -0.102381 
0.900901 1.818604 1.082588 7.368781 0.097267 -0.104364 
0.901902 1.823996 1.084441 7.389147 0.097021 -0.106351 
0.902903 1.829440 1.086293 7.409562 0.096777 -0.108341 
0.903904 1.834936 1.088145 7.430027 0.096532 -0.110334 
0.904905 1.840486 1.089996 7.450542 0.096289 -0.112330 
0.905906 1.846088 1.091845 7.471105 0.096047 -0.114329 
0.906907 1.851745 1.093693 7.491719 0.095805 -0.116332 
0.907908 1.857458 1.095538 7.512382 0.095564 -0.118337 
0.908909 1.863225 1.097381 7.533095 0.095324 -0.120346 
0.909910 1.869050 1.099221 7.553858 0.095085 -0.122359 
0.910911 1.874931 1.101058 7.574671 0.094847 -0.124374 
0.911912 1.880871 1.102891 7.595535 0.094609 -0.126393 
0.912913 1.886870 1.104721 7.616448 0.094372 -0.128415 
0.913914 1.892928 1.106545 7.637412 0.094136 -0.130440 
0.914915 1.899047 1.108365 7.658426 0.093901 -0.132468 
0.915916 1.905227 1.110180 7.679491 0.093666 -0.134500 
0.916917 1.911469 1.111989 7.700607 0.093433 -0.136535 
0.917918 1.917774 1.113791 7.721773 0.093200 -0.138573 
0.918919 1.924143 1.115587 7.742991 0.092968 -0.140614 
0.919920 1.930577 1.117376 7.764259 0.092736 -0.142659 
0.920921 1.937077 1.119157 7.785578 0.092506 -0.144707 
0.921922 1.943643 1.120930 7.806949 0.092276 -0.146758 
0.922923 1.950277 1.122694 7.828371 0.092047 -0.148812 
0.923924 1.956980 1.124449 7.849844 0.091818 -0.150870 
0.924925 1.963752 1.126195 7.871369 0.091591 -0.152931 
0.925926 1.970595 1.127930 7.892945 0.091364 -0.154995 
0.926927 1.977509 1.129655 7.914574 0.091138 -0.157063 
0.927928 1.984497 1.131368 7.936254 0.090913 -0.159134 
0.928929 1.991557 1.133069 7.957986 0.090688 -0.161208 
0.929930 1.998693 1.134757 7.979770 0.090464 -0.163286 
0.930931 2.005905 1.136433 8.001606 0.090241 -0.165367 
0.931932 2.013194 1.138094 8.023494 0.090019 -0.167451 
0.932933 2.020561 1.139742 8.045435 0.089797 -0.169538 
0.933934 2.028007 1.141374 8.067429 0.089576 -0.171629 
0.934935 2.035534 1.142990 8.089474 0.089356 -0.173723 
0.935936 2.043143 1.144590 8.111573 0.089136 -0.175821 
0.936937 2.050835 1.146174 8.133724 0.088918 -0.177922 
0.937938 2.058612 1.147739 8.155929 0.088700 -0.180026 
0.938939 2.066474 1.149286 8.178186 0.088482 -0.182134 
0.939940 2.074424 1.150813 8.200497 0.088266 -0.184245 
0.940941 2.082461 1.152321 8.222860 0.088050 -0.186359 
0.941942 2.090589 1.153808 8.245277 0.087835 -0.188477 
0.942943 2.098808 1.155274 8.267748 0.087620 -0.190598 
0.943944 2.107119 1.156717 8.290272 0.087406 -0.192723 
0.944945 2.115525 1.158137 8.312850 0.087193 -0.194851 
0.945946 2.124027 1.159533 8.335481 0.086981 -0.196982 
0.946947 2.132625 1.160905 8.358167 0.086769 -0.199117 
0.947948 2.141323 1.162251 8.380906 0.086558 -0.201255 
0.948949 2.150121 1.163570 8.403700 0.086348 -0.203396 
0.949950 2.159021 1.164862 8.426547 0.086138 -0.205541 
0.950951 2.168025 1.166126 8.449449 0.085929 -0.207690 
0.951952 2.177135 1.167361 8.472406 0.085721 -0.209841 
0.952953 2.186352 1.168565 8.495417 0.085513 -0.211997 
0.953954 2.195678 1.169738 8.518483 0.085306 -0.214155 
0.954955 2.205115 1.170879 8.541603 0.085100 -0.216317 
0.955956 2.214664 1.171987 8.564779 0.084894 -0.218483 
0.956957 2.224329 1.173061 8.588009 0.084689 -0.220652 
0.957958 2.234110 1.174099 8.611295 0.084485 -0.222825 
0.958959 2.244011 1.175101 8.634636 0.084281 -0.225001 
0.959960 2.254032 1.176066 8.658032 0.084078 -0.227180 
0.960961 2.264176 1.176992 8.681483 0.083876 -0.229363 
0.961962 2.274445 1.177879 8.704991 0.083674 -0.231549 
0.962963 2.284842 1.178725 8.728553 0.083473 -0.233739 
0.963964 2.295368 1.179529 8.752172 0.083272 -0.235932 
0.964965 2.306026 1.180290 8.775846 0.083073 -0.238129 
0.965966 2.316819 1.181006 8.799577 0.082874 -0.240330 
0.966967 2.327748 1.181677 8.823364 0.082675 -0.242534 
0.967968 2.338817 1.182301 8.847206 0.082477 -0.244741 
0.968969 2.350028 1.182877 8.871106 0.082280 -0.246952 
0.969970 2.361383 1.183403 8.895061 0.082083 -0.249166 
0.970971 2.372886 1.183879 8.919074 0.081887 -0.251384 
0.971972 2.384538 1.184302 8.943143 0.081692 -0.253606 
0.972973 2.396344 1.184672 8.967269 0.081497 -0.255831 
0.973974 2.408305 1.184986 8.991451 0.081303 -0.258059 
0.974975 2.420425 1.185244 9.015691 0.081110 -0.260291 
0.975976 2.432706 1.185445 9.039988 0.080917 -0.262527 
0.976977 2.445153 1.185585 9.064342 0.080724 -0.264766 
0.977978 2.457768 1.185665 9.088754 0.080533 -0.267009 
0.978979 2.470554 1.185682 9.113223 0.080342 -0.269255 
0.979980 2.483515 1.185636 9.137750 0.080151 -0.271505 
0.980981 2.496654 1.185523 9.162334 0.079961 -0.273758 
0.981982 2.509975 1.185343 9.186977 0.079772 -0.276015 
0.982983 2.523482 1.185094 9.211677 0.079583 -0.278276 
0.983984 2.537178 1.184774 9.236435 0.079395 -0.280540 
0.984985 2.551068 1.184382 9.261252 0.079208 -0.282808 
0.985986 2.565154 1.183915 9.286127 0.079021 -0.285080 
0.986987 2.579442 1.183373 9.311060 0.078835 -0.287355 
0.987988 2.593935 1.182752 9.336052 0.078649 -0.289633 
0.988989 2.608639 1.182052 9.361103 0.078464 -0.291916 
0.989990 2.623556 1.181270 9.386212 0.078279 -0.294201 
0.990991 2.638692 1.180404 9.411380 0.078095 -0.296491 
0.991992 2.654052 1.179453 9.436608 0.077912 -0.298784 
0.992993 2.669640 1.178414 9.461894 0.077729 -0.301081 
0.993994 2.685462 1.177286 9.487240 0.077547 -0.303381 
0.994995 2.701522 1.176066 9.512645 0.077365 -0.305685 
0.995996 2.717826 1.174752 9.538110 0.077184 -0.307993 
0.996997 2.734379 1.173342 9.563634 0.077003 -0.310305 
0.997998 2.751187 1.171834 9.589218 0.076823 -0.312620 
0.998999 2.768256 1.170226 9.614862 0.076644 -0.314938 
1.000000 2.785591 1.168515 9.640566 0.076465 -0.317261 
