0.000000 1.000000 1.152723 0.350559 7.762392 1.000000 
0.001001 1.000618 1.152086 0.351965 7.681374 0.998999 
0.002002 1.001235 1.151449 0.353376 7.601479 0.997998 
0.003003 1.001849 1.150814 0.354792 7.522688 0.996997 
0.004004 1.002462 1.150179 0.356213 7.444983 0.995996 
0.005005 1.003073 1.149545 0.357639 7.368344 0.994995 
0.006006 1.003681 1.148911 0.359070 7.292753 0.993994 
0.007007 1.004288 1.148279 0.360506 7.218193 0.992993 
0.008008 1.004893 1.147647 0.361947 7.144646 0.991992 
0.009009 1.005496 1.147016 0.363393 7.072094 0.990991 
0.010010 1.006097 1.146386 0.364844 7.000522 0.989990 
0.011011 1.006696 1.145756 0.366300 6.929912 0.988989 
0.012012 1.007293 1.145127 0.367761 6.860248 0.987988 
0.013013 1.007888 1.144499 0.369227 6.791516 0.986987 
0.014014 1.008481 1.143872 0.370699 6.723698 0.985986 
0.015015 1.009072 1.143246 0.372175 6.656780 0.984985 
0.016016 1.009661 1.142620 0.373657 6.590747 0.983984 
0.017017 1.010248 1.141995 0.375144 6.525585 0.982983 
0.018018 1.010833 1.141370 0.376636 6.461279 0.981982 
0.019019 1.011417 1.140747 0.378133 6.397815 0.980981 
0.020020 1.011998 1.140124 0.379635 6.335179 0.979980 
0.021021 1.012577 1.139502 0.381143 6.273359 0.978979 
0.022022 1.013154 1.138881 0.382656 6.212340 0.977978 
0.023023 1.013729 1.138260 0.384174 6.152110 0.976977 
0.024024 1.014303 1.137640 0.385697 6.092656 0.975976 
0.025025 1.014874 1.137021 0.387226 6.033966 0.974975 
0.026026 1.015443 1.136403 0.388760 5.976027 0.973974 
0.027027 1.016010 1.135785 0.390299 5.918827 0.972973 
0.028028 1.016575 1.135168 0.391844 5.862356 0.971972 
0.029029 1.017139 1.134552 0.393394 5.806600 0.970971 
0.030030 1.017700 1.133936 0.394949 5.751549 0.969970 
0.031031 1.018259 1.133321 0.396510 5.697192 0.968969 
0.032032 1.018816 1.132707 0.398076 5.643517 0.967968 
0.033033 1.019371 1.132094 0.399647 5.590515 0.966967 
0.034034 1.019924 1.131482 0.401224 5.538174 0.965966 
0.035035 1.020475 1.130870 0.402806 5.486485 0.964965 
0.036036 1.021024 1.130259 0.404394 5.435437 0.963964 
0.037037 1.021571 1.129648 0.405987 5.385020 0.962963 
0.038038 1.022116 1.129038 0.407586 5.335225 0.961962 
0.039039 1.022659 1.128429 0.409191 5.286042 0.960961 
0.040040 1.023200 1.127821 0.410800 5.237462 0.959960 
0.041041 1.023739 1.127214 0.412416 5.189475 0.958959 
0.042042 1.024276 1.126607 0.414037 5.142072 0.957958 
0.043043 1.024811 1.126001 0.415663 5.095245 0.956957 
0.044044 1.025344 1.125395 0.417295 5.048985 0.955956 
0.045045 1.025875 1.124790 0.418933 5.003284 0.954955 
0.046046 1.026403 1.124186 0.420576 4.958132 0.953954 
0.047047 1.026930 1.123583 0.422225 4.913522 0.952953 
0.048048 1.027454 1.122980 0.423879 4.869445 0.951952 
0.049049 1.027977 1.122379 0.425540 4.825894 0.950951 
0.050050 1.028498 1.121777 0.427206 4.782861 0.949950 
0.051051 1.029016 1.121177 0.428877 4.740338 0.948949 
0.052052 1.029532 1.120577 0.430555 4.698317 0.947948 
0.053053 1.030047 1.119978 0.432238 4.656792 0.946947 
0.054054 1.030559 1.119380 0.433926 4.615755 0.945946 
0.055055 1.031069 1.118782 0.435621 4.575198 0.944945 
0.056056 1.031578 1.118185 0.437322 4.535115 0.943944 
0.057057 1.032084 1.117588 0.439028 4.495499 0.942943 
0.058058 1.032588 1.116993 0.440740 4.456343 0.941942 
0.059059 1.033090 1.116398 0.442458 4.417641 0.940941 
0.060060 1.033590 1.115804 0.444181 4.379385 0.939940 
0.061061 1.034088 1.115210 0.445911 4.341570 0.938939 
0.062062 1.034583 1.114617 0.447646 4.304189 0.937938 
0.063063 1.035077 1.114025 0.449388 4.267236 0.936937 
0.064064 1.035569 1.113433 0.451135 4.230704 0.935936 
0.065065 1.036058 1.112843 0.452888 4.194589 0.934935 
0.066066 1.036546 1.112252 0.454648 4.158883 0.933934 
0.067067 1.037031 1.111663 0.456413 4.123581 0.932933 
0.068068 1.037515 1.111074 0.458184 4.088678 0.931932 
0.069069 1.037996 1.110486 0.459961 4.054168 0.930931 
0.070070 1.038475 1.109899 0.461744 4.020045 0.929930 
0.071071 1.038953 1.109312 0.463534 3.986304 0.928929 
0.072072 1.039428 1.108726 0.465329 3.952939 0.927928 
0.073073 1.039901 1.108140 0.467130 3.919946 0.926927 
0.074074 1.040372 1.107556 0.468938 3.887318 0.925926 
0.075075 1.040841 1.106972 0.470752 3.855052 0.924925 
0.076076 1.041307 1.106388 0.472571 3.823142 0.923924 
0.077077 1.041772 1.105806 0.474397 3.791583 0.922923 
0.078078 1.042235 1.105223 0.476229 3.760371 0.921922 
0.079079 1.042695 1.104642 0.478068 3.729500 0.920921 
0.080080 1.043154 1.104061 0.479912 3.698967 0.919920 
0.081081 1.043610 1.103481 0.481763 3.668765 0.918919 
0.082082 1.044065 1.102902 0.483620 3.638892 0.917918 
0.083083 1.044517 1.102323 0.485483 3.609342 0.916917 
0.084084 1.044967 1.101745 0.487352 3.580111 0.915916 
0.085085 1.045415 1.101168 0.489228 3.551195 0.914915 
0.086086 1.045861 1.100591 0.491110 3.522589 0.913914 
0.087087 1.046305 1.100015 0.492999 3.494290 0.912913 
0.088088 1.046747 1.099439 0.494894 3.466293 0.911912 
0.089089 1.047187 1.098865 0.496795 3.438594 0.910911 
0.090090 1.047624 1.098290 0.498702 3.411190 0.909910 
0.091091 1.048060 1.097717 0.500616 3.384076 0.908909 
0.092092 1.048494 1.097144 0.502536 3.357249 0.907908 
0.093093 1.048925 1.096572 0.504463 3.330705 0.906907 
0.094094 1.049354 1.096000 0.506397 3.304440 0.905906 
0.095095 1.049782 1.095430 0.508336 3.278450 0.904905 
0.096096 1.050207 1.094859 0.510283 3.252732 0.903904 
0.097097 1.050630 1.094290 0.512235 3.227282 0.902903 
0.098098 1.051051 1.093721 0.514195 3.202097 0.901902 
0.099099 1.051470 1.093152 0.516160 3.177173 0.900901 
0.100100 1.051887 1.092585 0.518133 3.152508 0.899900 
0.101101 1.052302 1.092018 0.520112 3.128097 0.898899 
0.102102 1.052715 1.091451 0.522098 3.103937 0.897898 
0.103103 1.053125 1.090886 0.524090 3.080026 0.896897 
0.104104 1.053534 1.090320 0.526089 3.056360 0.895896 
0.105105 1.053940 1.089756 0.528094 3.032935 0.894895 
0.106106 1.054345 1.089192 0.530107 3.009749 0.893894 
0.107107 1.054747 1.088629 0.532126 2.986799 0.892893 
0.108108 1.055148 1.088066 0.534151 2.964082 0.891892 
0.109109 1.055546 1.087504 0.536184 2.941594 0.890891 
0.110110 1.055942 1.086943 0.538223 2.919334 0.889890 
0.111111 1.056336 1.086383 0.540269 2.897297 0.888889 
0.112112 1.056728 1.085822 0.542322 2.875482 0.887888 
0.113113 1.057118 1.085263 0.544381 2.853885 0.886887 
0.114114 1.057506 1.084704 0.546448 2.832504 0.885886 
0.115115 1.057892 1.084146 0.548521 2.811336 0.884885 
0.116116 1.058276 1.083589 0.550601 2.790378 0.883884 
0.117117 1.058657 1.083032 0.552688 2.769628 0.882883 
0.118118 1.059037 1.082475 0.554782 2.749084 0.881882 
0.119119 1.059414 1.081920 0.556883 2.728742 0.880881 
0.120120 1.059790 1.081365 0.558991 2.708600 0.879880 
0.121121 1.060163 1.080810 0.561106 2.688656 0.878879 
0.122122 1.060535 1.080256 0.563228 2.668907 0.877878 
0.123123 1.060904 1.079703 0.565357 2.649351 0.876877 
0.124124 1.061271 1.079151 0.567493 2.629986 0.875876 
0.125125 1.061636 1.078599 0.569636 2.610809 0.874875 
0.126126 1.062000 1.078047 0.571786 2.591818 0.873874 
0.127127 1.062361 1.077497 0.573943 2.573011 0.872873 
0.128128 1.062720 1.076946 0.576107 2.554386 0.871872 
0.129129 1.063077 1.076397 0.578279 2.535939 0.870871 
0.130130 1.063432 1.075848 0.580457 2.517670 0.869870 
0.131131 1.063785 1.075300 0.582643 2.499576 0.868869 
0.132132 1.064135 1.074752 0.584836 2.481655 0.867868 
0.133133 1.064484 1.074205 0.587036 2.463905 0.866867 
0.134134 1.064831 1.073659 0.589244 2.446323 0.865866 
0.135135 1.065176 1.073113 0.591458 2.428909 0.864865 
0.136136 1.065519 1.072567 0.593680 2.411659 0.863864 
0.137137 1.065859 1.072023 0.595910 2.394573 0.862863 
0.138138 1.066198 1.071479 0.598146 2.377647 0.861862 
0.139139 1.066534 1.070935 0.600390 2.360881 0.860861 
0.140140 1.066869 1.070392 0.602641 2.344272 0.859860 
0.141141 1.067201 1.069850 0.604900 2.327818 0.858859 
0.142142 1.067532 1.069308 0.607166 2.311518 0.857858 
0.143143 1.067860 1.068767 0.609440 2.295370 0.856857 
0.144144 1.068187 1.068227 0.611721 2.279371 0.855856 
0.145145 1.068511 1.067687 0.614009 2.263522 0.854855 
0.146146 1.068834 1.067148 0.616305 2.247818 0.853854 
0.147147 1.069154 1.066609 0.618608 2.232260 0.852853 
0.148148 1.069473 1.066071 0.620919 2.216845 0.851852 
0.149149 1.069789 1.065533 0.623238 2.201571 0.850851 
0.150150 1.070103 1.064996 0.625564 2.186438 0.849850 
0.151151 1.070416 1.064460 0.627897 2.171443 0.848849 
0.152152 1.070726 1.063924 0.630239 2.156584 0.847848 
0.153153 1.071034 1.063389 0.632587 2.141861 0.846847 
0.154154 1.071341 1.062855 0.634944 2.127272 0.845846 
0.155155 1.071645 1.062321 0.637308 2.112815 0.844845 
0.156156 1.071947 1.061787 0.639680 2.098488 0.843844 
0.157157 1.072248 1.061254 0.642060 2.084291 0.842843 
0.158158 1.072546 1.060722 0.644447 2.070222 0.841842 
0.159159 1.072842 1.060191 0.646842 2.056279 0.840841 
0.160160 1.073137 1.059659 0.649245 2.042461 0.839840 
0.161161 1.073429 1.059129 0.651656 2.028766 0.838839 
0.162162 1.073720 1.058599 0.654075 2.015194 0.837838 
0.163163 1.074008 1.058070 0.656501 2.001742 0.836837 
0.164164 1.074295 1.057541 0.658935 1.988410 0.835836 
0.165165 1.074579 1.057013 0.661378 1.975196 0.834835 
0.166166 1.074862 1.056485 0.663828 1.962098 0.833834 
0.167167 1.075142 1.055958 0.666286 1.949117 0.832833 
0.168168 1.075421 1.055432 0.668752 1.936249 0.831832 
0.169169 1.075697 1.054906 0.671226 1.923495 0.830831 
0.170170 1.075972 1.054380 0.673708 1.910852 0.829830 
0.171171 1.076245 1.053856 0.676198 1.898320 0.828829 
0.172172 1.076516 1.053331 0.678696 1.885897 0.827828 
0.173173 1.076784 1.052808 0.681202 1.873583 0.826827 
0.174174 1.077051 1.052285 0.683716 1.861375 0.825826 
0.175175 1.077316 1.051762 0.686239 1.849273 0.824825 
0.176176 1.077579 1.051240 0.688769 1.837276 0.823824 
0.177177 1.077840 1.050719 0.691308 1.825383 0.822823 
0.178178 1.078099 1.050198 0.693855 1.813592 0.821822 
0.179179 1.078357 1.049678 0.696410 1.801902 0.820821 
0.180180 1.078612 1.049158 0.698973 1.790312 0.819820 
0.181181 1.078865 1.048639 0.701544 1.778822 0.818819 
0.182182 1.079117 1.048120 0.704124 1.767430 0.817818 
0.183183 1.079366 1.047602 0.706712 1.756134 0.816817 
0.184184 1.079614 1.047085 0.709309 1.744935 0.815816 
0.185185 1.079859 1.046568 0.711913 1.733831 0.814815 
0.186186 1.080103 1.046052 0.714527 1.722821 0.813814 
0.187187 1.080345 1.045536 0.717148 1.711904 0.812813 
0.188188 1.080585 1.045021 0.719778 1.701079 0.811812 
0.189189 1.080823 1.044506 0.722416 1.690345 0.810811 
0.190190 1.081059 1.043992 0.725063 1.679701 0.809810 
0.191191 1.081293 1.043478 0.727718 1.669147 0.808809 
0.192192 1.081526 1.042965 0.730382 1.658680 0.807808 
0.193193 1.081756 1.042453 0.733055 1.648301 0.806807 
0.194194 1.081985 1.041941 0.735736 1.638009 0.805806 
0.195195 1.082212 1.041429 0.738425 1.627801 0.804805 
0.196196 1.082437 1.040919 0.741123 1.617679 0.803804 
0.197197 1.082660 1.040408 0.743830 1.607640 0.802803 
0.198198 1.082881 1.039899 0.746545 1.597684 0.801802 
0.199199 1.083100 1.039389 0.749269 1.587810 0.800801 
0.200200 1.083317 1.038881 0.752002 1.578018 0.799800 
0.201201 1.083533 1.038373 0.754743 1.568306 0.798799 
0.202202 1.083747 1.037865 0.757493 1.558673 0.797798 
0.203203 1.083959 1.037358 0.760252 1.549119 0.796797 
0.204204 1.084169 1.036851 0.763020 1.539643 0.795796 
0.205205 1.084377 1.036345 0.765796 1.530244 0.794795 
0.206206 1.084583 1.035840 0.768582 1.520921 0.793794 
0.207207 1.084788 1.035335 0.771376 1.511674 0.792793 
0.208208 1.084990 1.034831 0.774179 1.502502 0.791792 
0.209209 1.085191 1.034327 0.776991 1.493404 0.790791 
0.210210 1.085390 1.033824 0.779812 1.484379 0.789790 
0.211211 1.085588 1.033321 0.782642 1.475427 0.788789 
0.212212 1.085783 1.032819 0.785481 1.466546 0.787788 
0.213213 1.085977 1.032317 0.788329 1.457737 0.786787 
0.214214 1.086169 1.031816 0.791185 1.448998 0.785786 
0.215215 1.086359 1.031315 0.794051 1.440329 0.784785 
0.216216 1.086547 1.030815 0.796926 1.431729 0.783784 
0.217217 1.086733 1.030315 0.799811 1.423197 0.782783 
0.218218 1.086918 1.029816 0.802704 1.414732 0.781782 
0.219219 1.087101 1.029318 0.805606 1.406335 0.780781 
0.220220 1.087282 1.028820 0.808518 1.398004 0.779780 
0.221221 1.087461 1.028322 0.811439 1.389739 0.778779 
0.222222 1.087639 1.027825 0.814369 1.381539 0.777778 
0.223223 1.087815 1.027329 0.817308 1.373403 0.776777 
0.224224 1.087989 1.026833 0.820257 1.365331 0.775776 
0.225225 1.088161 1.026338 0.823215 1.357322 0.774775 
0.226226 1.088332 1.025843 0.826182 1.349376 0.773774 
0.227227 1.088501 1.025348 0.829158 1.341491 0.772773 
0.228228 1.088668 1.024855 0.832144 1.333668 0.771772 
0.229229 1.088833 1.024361 0.835140 1.325906 0.770771 
0.230230 1.088997 1.023868 0.838144 1.318203 0.769770 
0.231231 1.089158 1.023376 0.841159 1.310561 0.768769 
0.232232 1.089319 1.022884 0.844182 1.302977 0.767768 
0.233233 1.089477 1.022393 0.847215 1.295451 0.766767 
0.234234 1.089634 1.021902 0.850258 1.287984 0.765766 
0.235235 1.089789 1.021412 0.853311 1.280573 0.764765 
0.236236 1.089942 1.020922 0.856372 1.273220 0.763764 
0.237237 1.090094 1.020433 0.859444 1.265923 0.762763 
0.238238 1.090244 1.019945 0.862525 1.258681 0.761762 
0.239239 1.090392 1.019456 0.865616 1.251494 0.760761 
0.240240 1.090538 1.018969 0.868716 1.244362 0.759760 
0.241241 1.090683 1.018482 0.871827 1.237284 0.758759 
0.242242 1.090827 1.017995 0.874946 1.230260 0.757758 
0.243243 1.090968 1.017509 0.878076 1.223289 0.756757 
0.244244 1.091108 1.017023 0.881216 1.216370 0.755756 
0.245245 1.091246 1.016538 0.884365 1.209504 0.754755 
0.246246 1.091383 1.016053 0.887524 1.202689 0.753754 
0.247247 1.091518 1.015569 0.890693 1.195925 0.752753 
0.248248 1.091651 1.015085 0.893872 1.189211 0.751752 
0.249249 1.091783 1.014602 0.897061 1.182548 0.750751 
0.250250 1.091913 1.014120 0.900260 1.175935 0.749750 
0.251251 1.092041 1.013637 0.903468 1.169371 0.748749 
0.252252 1.092168 1.013156 0.906687 1.162855 0.747748 
0.253253 1.092293 1.012675 0.909916 1.156388 0.746747 
0.254254 1.092416 1.012194 0.913155 1.149969 0.745746 
0.255255 1.092538 1.011714 0.916404 1.143597 0.744745 
0.256256 1.092659 1.011234 0.919663 1.137272 0.743744 
0.257257 1.092777 1.010755 0.922932 1.130994 0.742743 
0.258258 1.092894 1.010276 0.926211 1.124762 0.741742 
0.259259 1.093010 1.009798 0.929501 1.118575 0.740741 
0.260260 1.093124 1.009321 0.932801 1.112434 0.739740 
0.261261 1.093236 1.008843 0.936111 1.106338 0.738739 
0.262262 1.093347 1.008367 0.939431 1.100286 0.737738 
0.263263 1.093456 1.007890 0.942761 1.094278 0.736737 
0.264264 1.093564 1.007415 0.946102 1.088314 0.735736 
0.265265 1.093670 1.006939 0.949454 1.082393 0.734735 
0.266266 1.093774 1.006465 0.952815 1.076515 0.733734 
0.267267 1.093877 1.005990 0.956187 1.070680 0.732733 
0.268268 1.093979 1.005517 0.959570 1.064886 0.731732 
0.269269 1.094079 1.005043 0.962963 1.059134 0.730731 
0.270270 1.094177 1.004571 0.966366 1.053424 0.729730 
0.271271 1.094274 1.004098 0.969780 1.047755 0.728729 
0.272272 1.094369 1.003626 0.973205 1.042126 0.727728 
0.273273 1.094463 1.003155 0.976640 1.036537 0.726727 
0.274274 1.094556 1.002684 0.980085 1.030989 0.725726 
0.275275 1.094646 1.002214 0.983542 1.025480 0.724725 
0.276276 1.094736 1.001744 0.987009 1.020010 0.723724 
0.277277 1.094823 1.001274 0.990486 1.014579 0.722723 
0.278278 1.094910 1.000805 0.993975 1.009186 0.721722 
0.279279 1.094995 1.000337 0.997474 1.003832 0.720721 
0.280280 1.095078 0.999869 1.000984 0.998515 0.719720 
0.281281 1.095160 0.999401 1.004505 0.993236 0.718719 
0.282282 1.095240 0.998934 1.008036 0.987994 0.717718 
0.283283 1.095319 0.998468 1.011579 0.982789 0.716717 
0.284284 1.095397 0.998002 1.015132 0.977620 0.715716 
0.285285 1.095473 0.997536 1.018696 0.972488 0.714715 
0.286286 1.095548 0.997071 1.022271 0.967391 0.713714 
0.287287 1.095621 0.996606 1.025857 0.962330 0.712713 
0.288288 1.095693 0.996142 1.029454 0.957304 0.711712 
0.289289 1.095763 0.995678 1.033063 0.952313 0.710711 
0.290290 1.095832 0.995215 1.036682 0.947357 0.709710 
0.291291 1.095900 0.994752 1.040312 0.942435 0.708709 
0.292292 1.095966 0.994290 1.043954 0.937547 0.707708 
0.293293 1.096031 0.993828 1.047606 0.932693 0.706707 
0.294294 1.096094 0.993367 1.051270 0.927872 0.705706 
0.295295 1.096156 0.992906 1.054945 0.923085 0.704705 
0.296296 1.096216 0.992445 1.058631 0.918330 0.703704 
0.297297 1.096276 0.991985 1.062329 0.913608 0.702703 
0.298298 1.096333 0.991526 1.066037 0.908918 0.701701 
0.299299 1.096390 0.991067 1.069757 0.904261 0.700700 
0.300300 1.096445 0.990608 1.073489 0.899635 0.699699 
0.301301 1.096499 0.990150 1.077232 0.895040 0.698698 
0.302302 1.096551 0.989692 1.080986 0.890477 0.697697 
0.303303 1.096602 0.989235 1.084752 0.885945 0.696696 
0.304304 1.096652 0.988778 1.088529 0.881443 0.695694 
0.305305 1.096700 0.988322 1.092317 0.876972 0.694693 
0.306306 1.096747 0.987866 1.096118 0.872531 0.693692 
0.307307 1.096793 0.987411 1.099929 0.868120 0.692690 
0.308308 1.096837 0.986956 1.103753 0.863739 0.691689 
0.309309 1.096880 0.986501 1.107588 0.859387 0.690687 
0.310310 1.096922 0.986047 1.111434 0.855065 0.689686 
0.311311 1.096963 0.985594 1.115292 0.850771 0.688684 
0.312312 1.097002 0.985140 1.119163 0.846506 0.687682 
0.313313 1.097040 0.984688 1.123044 0.842269 0.686680 
0.314314 1.097076 0.984236 1.126938 0.838061 0.685678 
0.315315 1.097112 0.983784 1.130843 0.833881 0.684677 
0.316316 1.097146 0.983332 1.134760 0.829728 0.683675 
0.317317 1.097179 0.982882 1.138689 0.825603 0.682672 
0.318318 1.097210 0.982431 1.142630 0.821505 0.681670 
0.319319 1.097241 0.981981 1.146583 0.817434 0.680668 
0.320320 1.097270 0.981532 1.150548 0.813391 0.679666 
0.321321 1.097298 0.981083 1.154525 0.809373 0.678663 
0.322322 1.097324 0.980634 1.158514 0.805383 0.677661 
0.323323 1.097350 0.980186 1.162515 0.801418 0.676658 
0.324324 1.097374 0.979738 1.166528 0.797479 0.675655 
0.325325 1.097397 0.979291 1.170553 0.793567 0.674653 
0.326326 1.097419 0.978844 1.174590 0.789679 0.673650 
0.327327 1.097439 0.978398 1.178639 0.785817 0.672647 
0.328328 1.097459 0.977952 1.182701 0.781980 0.671644 
0.329329 1.097477 0.977506 1.186775 0.778169 0.670640 
0.330330 1.097494 0.977061 1.190861 0.774381 0.669637 
0.331331 1.097510 0.976616 1.194960 0.770619 0.668633 
0.332332 1.097525 0.976172 1.199070 0.766881 0.667630 
0.333333 1.097538 0.975728 1.203194 0.763166 0.666626 
0.334334 1.097551 0.975285 1.207329 0.759476 0.665622 
0.335335 1.097562 0.974842 1.211477 0.755810 0.664618 
0.336336 1.097572 0.974400 1.215638 0.752167 0.663614 
0.337337 1.097581 0.973958 1.219811 0.748547 0.662610 
0.338338 1.097589 0.973516 1.223996 0.744951 0.661605 
0.339339 1.097595 0.973075 1.228194 0.741378 0.660601 
0.340340 1.097601 0.972634 1.232405 0.737827 0.659596 
0.341341 1.097605 0.972194 1.236628 0.734299 0.658591 
0.342342 1.097609 0.971754 1.240864 0.730794 0.657586 
0.343343 1.097611 0.971315 1.245113 0.727311 0.656581 
0.344344 1.097612 0.970876 1.249374 0.723850 0.655575 
0.345345 1.097612 0.970438 1.253648 0.720411 0.654570 
0.346346 1.097611 0.969999 1.257935 0.716993 0.653564 
0.347347 1.097609 0.969562 1.262235 0.713598 0.652558 
0.348348 1.097606 0.969125 1.266547 0.710223 0.651552 
0.349349 1.097602 0.968688 1.270873 0.706870 0.650546 
0.350350 1.097597 0.968251 1.275211 0.703538 0.649540 
0.351351 1.097590 0.967815 1.279562 0.700227 0.648533 
0.352352 1.097583 0.967380 1.283927 0.696937 0.647526 
0.353353 1.097575 0.966945 1.288304 0.693667 0.646520 
0.354354 1.097565 0.966510 1.292694 0.690417 0.645512 
0.355355 1.097555 0.966076 1.297098 0.687188 0.644505 
0.356356 1.097543 0.965642 1.301514 0.683979 0.643498 
0.357357 1.097531 0.965209 1.305944 0.680790 0.642490 
0.358358 1.097517 0.964776 1.310387 0.677621 0.641482 
0.359359 1.097503 0.964343 1.314843 0.674471 0.640474 
0.360360 1.097488 0.963911 1.319313 0.671341 0.639465 
0.361361 1.097471 0.963479 1.323795 0.668230 0.638457 
0.362362 1.097454 0.963048 1.328291 0.665139 0.637448 
0.363363 1.097435 0.962617 1.332801 0.662066 0.636439 
0.364364 1.097416 0.962187 1.337323 0.659013 0.635430 
0.365365 1.097396 0.961757 1.341860 0.655978 0.634421 
0.366366 1.097374 0.961327 1.346409 0.652961 0.633411 
0.367367 1.097352 0.960898 1.350972 0.649964 0.632401 
0.368368 1.097329 0.960469 1.355549 0.646984 0.631391 
0.369369 1.097305 0.960041 1.360139 0.644023 0.630381 
0.370370 1.097280 0.959613 1.364743 0.641079 0.629370 
0.371371 1.097254 0.959185 1.369361 0.638154 0.628359 
0.372372 1.097227 0.958758 1.373992 0.635246 0.627348 
0.373373 1.097199 0.958331 1.378636 0.632356 0.626337 
0.374374 1.097171 0.957905 1.383295 0.629484 0.625325 
0.375375 1.097141 0.957479 1.387967 0.626629 0.624313 
0.376376 1.097111 0.957054 1.392653 0.623791 0.623301 
0.377377 1.097079 0.956629 1.397353 0.620970 0.622289 
0.378378 1.097047 0.956204 1.402067 0.618166 0.621276 
0.379379 1.097014 0.955780 1.406795 0.615379 0.620264 
0.380380 1.096980 0.955356 1.411537 0.612609 0.619250 
0.381381 1.096945 0.954932 1.416292 0.609856 0.618237 
0.382382 1.096909 0.954509 1.421062 0.607119 0.617223 
0.383383 1.096873 0.954087 1.425846 0.604398 0.616209 
0.384384 1.096836 0.953665 1.430643 0.601693 0.615195 
0.385385 1.096797 0.953243 1.435455 0.599005 0.614181 
0.386386 1.096758 0.952821 1.440281 0.596332 0.613166 
0.387387 1.096719 0.952401 1.445122 0.593676 0.612151 
0.388388 1.096678 0.951980 1.449976 0.591035 0.611135 
0.389389 1.096637 0.951560 1.454845 0.588410 0.610120 
0.390390 1.096594 0.951140 1.459728 0.585800 0.609104 
0.391391 1.096551 0.950721 1.464625 0.583206 0.608087 
0.392392 1.096508 0.950302 1.469537 0.580627 0.607071 
0.393393 1.096463 0.949883 1.474463 0.578063 0.606054 
0.394394 1.096418 0.949465 1.479404 0.575515 0.605037 
0.395395 1.096371 0.949047 1.484359 0.572981 0.604019 
0.396396 1.096325 0.948630 1.489328 0.570462 0.603001 
0.397397 1.096277 0.948213 1.494313 0.567958 0.601983 
0.398398 1.096228 0.947796 1.499311 0.565469 0.600965 
0.399399 1.096179 0.947380 1.504325 0.562994 0.599946 
0.400400 1.096129 0.946964 1.509353 0.560533 0.598927 
0.401401 1.096079 0.946549 1.514395 0.558087 0.597907 
0.402402 1.096028 0.946134 1.519453 0.555655 0.596888 
0.403403 1.095976 0.945719 1.524525 0.553237 0.595867 
0.404404 1.095923 0.945305 1.529612 0.550833 0.594847 
0.405405 1.095869 0.944892 1.534714 0.548443 0.593826 
0.406406 1.095815 0.944478 1.539831 0.546067 0.592805 
0.407407 1.095760 0.944065 1.544963 0.543705 0.591783 
0.408408 1.095705 0.943653 1.550109 0.541356 0.590762 
0.409409 1.095649 0.943240 1.555271 0.539020 0.589739 
0.410410 1.095592 0.942828 1.560448 0.536698 0.588717 
0.411411 1.095534 0.942417 1.565639 0.534390 0.587694 
0.412412 1.095476 0.942006 1.570846 0.532094 0.586670 
0.413413 1.095417 0.941595 1.576068 0.529812 0.585647 
0.414414 1.095358 0.941185 1.581305 0.527543 0.584623 
0.415415 1.095298 0.940775 1.586558 0.525287 0.583598 
0.416416 1.095237 0.940366 1.591825 0.523043 0.582573 
0.417417 1.095176 0.939957 1.597108 0.520812 0.581548 
0.418418 1.095114 0.939548 1.602407 0.518594 0.580523 
0.419419 1.095051 0.939140 1.607720 0.516389 0.579497 
0.420420 1.094988 0.938732 1.613049 0.514196 0.578470 
0.421421 1.094924 0.938324 1.618394 0.512016 0.577444 
0.422422 1.094860 0.937917 1.623754 0.509847 0.576417 
0.423423 1.094795 0.937510 1.629130 0.507691 0.575389 
0.424424 1.094729 0.937104 1.634521 0.505547 0.574361 
0.425425 1.094663 0.936698 1.639927 0.503416 0.573333 
0.426426 1.094596 0.936292 1.645350 0.501296 0.572304 
0.427427 1.094529 0.935887 1.650788 0.499188 0.571275 
0.428428 1.094461 0.935482 1.656242 0.497092 0.570245 
0.429429 1.094393 0.935078 1.661711 0.495007 0.569215 
0.430430 1.094324 0.934673 1.667196 0.492934 0.568185 
0.431431 1.094254 0.934270 1.672698 0.490873 0.567154 
0.432432 1.094184 0.933866 1.678215 0.488823 0.566123 
0.433433 1.094114 0.933463 1.683748 0.486785 0.565091 
0.434434 1.094043 0.933061 1.689297 0.484758 0.564059 
0.435435 1.093971 0.932659 1.694861 0.482742 0.563026 
0.436436 1.093899 0.932257 1.700442 0.480737 0.561993 
0.437437 1.093827 0.931855 1.706039 0.478744 0.560960 
0.438438 1.093754 0.931454 1.711652 0.476761 0.559926 
0.439439 1.093680 0.931054 1.717282 0.474790 0.558892 
0.440440 1.093607 0.930653 1.722927 0.472829 0.557857 
0.441441 1.093532 0.930253 1.728589 0.470879 0.556822 
0.442442 1.093457 0.929854 1.734267 0.468940 0.555786 
0.443443 1.093382 0.929454 1.739961 0.467011 0.554750 
0.444444 1.093306 0.929056 1.745672 0.465093 0.553714 
0.445445 1.093230 0.928657 1.751399 0.463185 0.552677 
0.446446 1.093153 0.928259 1.757142 0.461288 0.551639 
0.447447 1.093076 0.927861 1.762902 0.459401 0.550601 
0.448448 1.092998 0.927464 1.768679 0.457525 0.549563 
0.449449 1.092921 0.927067 1.774472 0.455658 0.548524 
0.450450 1.092842 0.926670 1.780281 0.453802 0.547484 
0.451451 1.092763 0.926274 1.786108 0.451956 0.546444 
0.452452 1.092684 0.925878 1.791950 0.450120 0.545404 
0.453453 1.092605 0.925483 1.797810 0.448293 0.544363 
0.454454 1.092525 0.925088 1.803686 0.446477 0.543322 
0.455455 1.092444 0.924693 1.809580 0.444671 0.542280 
0.456456 1.092364 0.924298 1.815490 0.442874 0.541237 
0.457457 1.092283 0.923904 1.821417 0.441087 0.540195 
0.458458 1.092201 0.923511 1.827360 0.439309 0.539151 
0.459459 1.092119 0.923117 1.833321 0.437541 0.538107 
0.460460 1.092037 0.922724 1.839299 0.435783 0.537063 
0.461461 1.091955 0.922332 1.845294 0.434033 0.536018 
0.462462 1.091872 0.921940 1.851306 0.432294 0.534973 
0.463463 1.091789 0.921548 1.857335 0.430563 0.533927 
0.464464 1.091705 0.921156 1.863381 0.428842 0.532880 
0.465465 1.091622 0.920765 1.869445 0.427130 0.531833 
0.466466 1.091538 0.920374 1.875525 0.425427 0.530786 
0.467467 1.091453 0.919984 1.881623 0.423733 0.529738 
0.468468 1.091368 0.919594 1.887739 0.422048 0.528689 
0.469469 1.091283 0.919204 1.893872 0.420372 0.527640 
0.470470 1.091198 0.918815 1.900022 0.418705 0.526591 
0.471471 1.091113 0.918426 1.906189 0.417046 0.525540 
0.472472 1.091027 0.918037 1.912375 0.415397 0.524490 
0.473473 1.090941 0.917649 1.918577 0.413756 0.523438 
0.474474 1.090854 0.917261 1.924798 0.412123 0.522387 
0.475475 1.090768 0.916874 1.931035 0.410499 0.521334 
0.476476 1.090681 0.916486 1.937291 0.408884 0.520281 
0.477477 1.090594 0.916100 1.943564 0.407277 0.519228 
0.478478 1.090507 0.915713 1.949856 0.405679 0.518174 
0.479479 1.090419 0.915327 1.956164 0.404089 0.517119 
0.480480 1.090331 0.914941 1.962491 0.402507 0.516064 
0.481481 1.090243 0.914556 1.968836 0.400934 0.515008 
0.482482 1.090155 0.914171 1.975199 0.399369 0.513952 
0.483483 1.090067 0.913786 1.981579 0.397812 0.512895 
0.484484 1.089978 0.913402 1.987978 0.396263 0.511837 
0.485485 1.089889 0.913018 1.994395 0.394721 0.510779 
0.486486 1.089801 0.912634 2.000829 0.393188 0.509721 
0.487487 1.089711 0.912251 2.007282 0.391663 0.508661 
0.488488 1.089622 0.911868 2.013754 0.390146 0.507602 
0.489489 1.089533 0.911485 2.020243 0.388637 0.506541 
0.490490 1.089443 0.911103 2.026751 0.387135 0.505480 
0.491491 1.089353 0.910721 2.033277 0.385641 0.504418 
0.492492 1.089263 0.910340 2.039821 0.384155 0.503356 
0.493493 1.089173 0.909958 2.046384 0.382676 0.502293 
0.494494 1.089083 0.909578 2.052965 0.381205 0.501230 
0.495495 1.088993 0.909197 2.059565 0.379742 0.500166 
0.496496 1.088902 0.908817 2.066184 0.378286 0.499101 
0.497497 1.088812 0.908437 2.072821 0.376837 0.498036 
0.498498 1.088721 0.908058 2.079476 0.375396 0.496970 
0.499499 1.088630 0.907678 2.086151 0.373962 0.495903 
0.500501 1.088539 0.907300 2.092844 0.372536 0.494836 
0.501502 1.088448 0.906921 2.099556 0.371116 0.493768 
0.502503 1.088357 0.906543 2.106286 0.369704 0.492699 
0.503504 1.088266 0.906165 2.113036 0.368299 0.491630 
0.504505 1.088175 0.905788 2.119804 0.366901 0.490561 
0.505506 1.088084 0.905411 2.126592 0.365511 0.489490 
0.506507 1.087993 0.905034 2.133398 0.364127 0.488419 
0.507508 1.087901 0.904658 2.140224 0.362750 0.487347 
0.508509 1.087810 0.904282 2.147068 0.361380 0.486275 
0.509510 1.087718 0.903906 2.153932 0.360017 0.485202 
0.510511 1.087627 0.903531 2.160815 0.358661 0.484128 
0.511512 1.087535 0.903156 2.167717 0.357312 0.483054 
0.512513 1.087444 0.902781 2.174639 0.355969 0.481979 
0.513514 1.087352 0.902407 2.181579 0.354633 0.480903 
0.514515 1.087261 0.902033 2.188540 0.353304 0.479827 
0.515516 1.087169 0.901659 2.195519 0.351982 0.478750 
0.516517 1.087078 0.901286 2.202518 0.350666 0.477672 
0.517518 1.086986 0.900913 2.209537 0.349356 0.476594 
0.518519 1.086895 0.900540 2.216575 0.348054 0.475515 
0.519520 1.086803 0.900168 2.223633 0.346757 0.474435 
0.520521 1.086712 0.899796 2.230710 0.345467 0.473355 
0.521522 1.086620 0.899424 2.237807 0.344184 0.472273 
0.522523 1.086529 0.899053 2.244924 0.342906 0.471192 
0.523524 1.086437 0.898682 2.252061 0.341635 0.470109 
0.524525 1.086346 0.898311 2.259217 0.340371 0.469026 
0.525526 1.086255 0.897941 2.266394 0.339112 0.467942 
0.526527 1.086164 0.897571 2.273590 0.337860 0.466857 
0.527528 1.086073 0.897201 2.280806 0.336614 0.465772 
0.528529 1.085982 0.896832 2.288043 0.335374 0.464686 
0.529530 1.085891 0.896463 2.295299 0.334140 0.463599 
0.530531 1.085800 0.896094 2.302575 0.332913 0.462512 
0.531532 1.085709 0.895726 2.309872 0.331691 0.461423 
0.532533 1.085618 0.895357 2.317189 0.330475 0.460334 
0.533534 1.085528 0.894990 2.324526 0.329265 0.459245 
0.534535 1.085437 0.894622 2.331884 0.328061 0.458154 
0.535536 1.085347 0.894255 2.339262 0.326863 0.457063 
0.536537 1.085257 0.893889 2.346660 0.325671 0.455971 
0.537538 1.085167 0.893522 2.354079 0.324484 0.454879 
0.538539 1.085077 0.893156 2.361518 0.323303 0.453785 
0.539540 1.084987 0.892791 2.368978 0.322128 0.452691 
0.540541 1.084898 0.892425 2.376459 0.320959 0.451596 
0.541542 1.084808 0.892060 2.383960 0.319795 0.450501 
0.542543 1.084719 0.891695 2.391482 0.318637 0.449404 
0.543544 1.084630 0.891331 2.399024 0.317485 0.448307 
0.544545 1.084541 0.890967 2.406588 0.316338 0.447209 
0.545546 1.084452 0.890603 2.414172 0.315196 0.446110 
0.546547 1.084363 0.890240 2.421777 0.314060 0.445011 
0.547548 1.084275 0.889876 2.429403 0.312930 0.443911 
0.548549 1.084187 0.889514 2.437050 0.311805 0.442810 
0.549550 1.084099 0.889151 2.444719 0.310685 0.441708 
0.550551 1.084011 0.888789 2.452408 0.309571 0.440606 
0.551552 1.083923 0.888427 2.460118 0.308462 0.439502 
0.552553 1.083836 0.888066 2.467850 0.307358 0.438398 
0.553554 1.083749 0.887705 2.475603 0.306260 0.437293 
0.554555 1.083662 0.887344 2.483377 0.305166 0.436187 
0.555556 1.083575 0.886984 2.491173 0.304078 0.435081 
0.556557 1.083489 0.886624 2.498990 0.302995 0.433974 
0.557558 1.083403 0.886265 2.506828 0.301918 0.432866 
0.558559 1.083317 0.885906 2.514688 0.300845 0.431757 
0.559560 1.083231 0.885547 2.522570 0.299778 0.430647 
0.560561 1.083146 0.885190 2.530473 0.298715 0.429537 
0.561562 1.083061 0.884833 2.538397 0.297658 0.428425 
0.562563 1.082976 0.884476 2.546344 0.296605 0.427313 
0.563564 1.082892 0.884120 2.554312 0.295558 0.426200 
0.564565 1.082807 0.883765 2.562302 0.294515 0.425086 
0.565566 1.082724 0.883410 2.570314 0.293477 0.423972 
0.566567 1.082640 0.883056 2.578348 0.292444 0.422856 
0.567568 1.082557 0.882703 2.586403 0.291416 0.421740 
0.568569 1.082474 0.882350 2.594481 0.290393 0.420623 
0.569570 1.082391 0.881998 2.602581 0.289375 0.419505 
0.570571 1.082309 0.881647 2.610703 0.288361 0.418386 
0.571572 1.082227 0.881297 2.618847 0.287352 0.417267 
0.572573 1.082145 0.880948 2.627014 0.286348 0.416146 
0.573574 1.082064 0.880599 2.635202 0.285348 0.415025 
0.574575 1.081983 0.880252 2.643413 0.284353 0.413903 
0.575576 1.081902 0.879905 2.651646 0.283363 0.412780 
0.576577 1.081822 0.879559 2.659902 0.282377 0.411656 
0.577578 1.081742 0.879214 2.668180 0.281396 0.410531 
0.578579 1.081663 0.878871 2.676481 0.280420 0.409405 
0.579580 1.081584 0.878528 2.684804 0.279448 0.408279 
0.580581 1.081505 0.878186 2.693150 0.278480 0.407152 
0.581582 1.081427 0.877845 2.701519 0.277517 0.406023 
0.582583 1.081349 0.877505 2.709911 0.276558 0.404894 
0.583584 1.081272 0.877167 2.718325 0.275604 0.403764 
0.584585 1.081194 0.876829 2.726762 0.274654 0.402633 
0.585586 1.081118 0.876493 2.735222 0.273709 0.401502 
0.586587 1.081042 0.876157 2.743705 0.272767 0.400369 
0.587588 1.080966 0.875823 2.752211 0.271831 0.399235 
0.588589 1.080891 0.875491 2.760740 0.270898 0.398101 
0.589590 1.080816 0.875159 2.769292 0.269970 0.396966 
0.590591 1.080741 0.874829 2.777867 0.269046 0.395830 
0.591592 1.080667 0.874500 2.786466 0.268126 0.394692 
0.592593 1.080594 0.874172 2.795088 0.267210 0.393554 
0.593594 1.080521 0.873845 2.803733 0.266298 0.392415 
0.594595 1.080448 0.873520 2.812401 0.265391 0.391276 
0.595596 1.080376 0.873197 2.821093 0.264488 0.390135 
0.596597 1.080304 0.872874 2.829809 0.263589 0.388993 
0.597598 1.080233 0.872553 2.838548 0.262693 0.387851 
0.598599 1.080162 0.872234 2.847310 0.261802 0.386707 
0.599600 1.080092 0.871916 2.856097 0.260915 0.385563 
0.600601 1.080023 0.871599 2.864907 0.260032 0.384417 
0.601602 1.079954 0.871284 2.873741 0.259153 0.383271 
0.602603 1.079885 0.870971 2.882598 0.258278 0.382124 
0.603604 1.079817 0.870659 2.891480 0.257407 0.380975 
0.604605 1.079749 0.870349 2.900385 0.256540 0.379826 
0.605606 1.079682 0.870040 2.909314 0.255676 0.378676 
0.606607 1.079616 0.869733 2.918268 0.254817 0.377525 
0.607608 1.079550 0.869428 2.927245 0.253961 0.376373 
0.608609 1.079485 0.869124 2.936247 0.253109 0.375220 
0.609610 1.079420 0.868822 2.945273 0.252261 0.374066 
0.610611 1.079356 0.868522 2.954323 0.251417 0.372911 
0.611612 1.079292 0.868223 2.963398 0.250577 0.371756 
0.612613 1.079229 0.867927 2.972497 0.249740 0.370599 
0.613614 1.079166 0.867632 2.981620 0.248907 0.369441 
0.614615 1.079105 0.867339 2.990768 0.248078 0.368282 
0.615616 1.079043 0.867047 2.999940 0.247252 0.367123 
0.616617 1.078983 0.866758 3.009137 0.246430 0.365962 
0.617618 1.078923 0.866470 3.018359 0.245612 0.364800 
0.618619 1.078863 0.866185 3.027605 0.244797 0.363638 
0.619620 1.078804 0.865901 3.036876 0.243986 0.362474 
0.620621 1.078746 0.865620 3.046172 0.243179 0.361309 
0.621622 1.078688 0.865340 3.055493 0.242375 0.360144 
0.622623 1.078631 0.865062 3.064839 0.241574 0.358977 
0.623624 1.078575 0.864787 3.074210 0.240777 0.357809 
0.624625 1.078519 0.864513 3.083606 0.239984 0.356641 
0.625626 1.078464 0.864242 3.093027 0.239194 0.355471 
0.626627 1.078410 0.863972 3.102473 0.238408 0.354301 
0.627628 1.078356 0.863705 3.111944 0.237625 0.353129 
0.628629 1.078303 0.863440 3.121441 0.236845 0.351956 
0.629630 1.078251 0.863177 3.130963 0.236069 0.350783 
0.630631 1.078199 0.862917 3.140510 0.235296 0.349608 
0.631632 1.078148 0.862658 3.150083 0.234527 0.348432 
0.632633 1.078098 0.862402 3.159681 0.233760 0.347255 
0.633634 1.078049 0.862148 3.169305 0.232998 0.346078 
0.634635 1.078000 0.861896 3.178955 0.232238 0.344899 
0.635636 1.077952 0.861647 3.188630 0.231482 0.343719 
0.636637 1.077904 0.861400 3.198332 0.230729 0.342538 
0.637638 1.077858 0.861155 3.208058 0.229980 0.341356 
0.638639 1.077812 0.860913 3.217811 0.229233 0.340173 
0.639640 1.077766 0.860673 3.227590 0.228490 0.338989 
0.640641 1.077722 0.860436 3.237395 0.227750 0.337804 
0.641642 1.077678 0.860201 3.247225 0.227014 0.336618 
0.642643 1.077635 0.859969 3.257082 0.226280 0.335431 
0.643644 1.077593 0.859739 3.266965 0.225550 0.334242 
0.644645 1.077552 0.859512 3.276875 0.224823 0.333053 
0.645646 1.077511 0.859287 3.286810 0.224098 0.331863 
0.646647 1.077471 0.859065 3.296772 0.223377 0.330671 
0.647648 1.077432 0.858845 3.306760 0.222659 0.329479 
0.648649 1.077394 0.858628 3.316775 0.221945 0.328285 
0.649650 1.077356 0.858414 3.326817 0.221233 0.327090 
0.650651 1.077319 0.858202 3.336884 0.220524 0.325895 
0.651652 1.077283 0.857993 3.346979 0.219818 0.324698 
0.652653 1.077248 0.857787 3.357100 0.219116 0.323500 
0.653654 1.077214 0.857584 3.367248 0.218416 0.322301 
0.654655 1.077181 0.857383 3.377423 0.217719 0.321101 
0.655656 1.077148 0.857185 3.387625 0.217025 0.319900 
0.656657 1.077116 0.856990 3.397854 0.216334 0.318697 
0.657658 1.077085 0.856798 3.408109 0.215647 0.317494 
0.658659 1.077055 0.856608 3.418392 0.214962 0.316289 
0.659660 1.077026 0.856422 3.428702 0.214279 0.315084 
0.660661 1.076998 0.856238 3.439039 0.213600 0.313877 
0.661662 1.076970 0.856058 3.449404 0.212924 0.312669 
0.662663 1.076943 0.855880 3.459795 0.212250 0.311460 
0.663664 1.076918 0.855705 3.470214 0.211580 0.310250 
0.664665 1.076893 0.855534 3.480661 0.210912 0.309039 
0.665666 1.076869 0.855365 3.491135 0.210247 0.307826 
0.666667 1.076846 0.855199 3.501637 0.209585 0.306613 
0.667668 1.076824 0.855037 3.512166 0.208925 0.305398 
0.668669 1.076802 0.854878 3.522723 0.208268 0.304183 
0.669670 1.076782 0.854721 3.533308 0.207614 0.302966 
0.670671 1.076762 0.854568 3.543920 0.206963 0.301748 
0.671672 1.076744 0.854418 3.554560 0.206315 0.300529 
0.672673 1.076726 0.854271 3.565229 0.205669 0.299308 
0.673674 1.076710 0.854128 3.575925 0.205026 0.298087 
0.674675 1.076694 0.853988 3.586650 0.204385 0.296864 
0.675676 1.076679 0.853851 3.597402 0.203748 0.295641 
0.676677 1.076665 0.853717 3.608183 0.203113 0.294416 
0.677678 1.076653 0.853587 3.618992 0.202480 0.293190 
0.678679 1.076641 0.853460 3.629829 0.201850 0.291962 
0.679680 1.076630 0.853336 3.640695 0.201223 0.290734 
0.680681 1.076620 0.853216 3.651589 0.200598 0.289504 
0.681682 1.076611 0.853099 3.662512 0.199976 0.288273 
0.682683 1.076603 0.852985 3.673463 0.199357 0.287042 
0.683684 1.076596 0.852875 3.684443 0.198740 0.285808 
0.684685 1.076590 0.852769 3.695451 0.198126 0.284574 
0.685686 1.076585 0.852666 3.706489 0.197514 0.283339 
0.686687 1.076581 0.852566 3.717555 0.196904 0.282102 
0.687688 1.076579 0.852470 3.728650 0.196298 0.280864 
0.688689 1.076577 0.852378 3.739774 0.195693 0.279625 
0.689690 1.076576 0.852289 3.750927 0.195091 0.278385 
0.690691 1.076576 0.852204 3.762110 0.194492 0.277143 
0.691692 1.076577 0.852123 3.773321 0.193895 0.275901 
0.692693 1.076580 0.852045 3.784561 0.193300 0.274657 
0.693694 1.076583 0.851971 3.795831 0.192708 0.273412 
0.694695 1.076588 0.851900 3.807130 0.192119 0.272165 
0.695696 1.076593 0.851834 3.818459 0.191531 0.270918 
0.696697 1.076600 0.851771 3.829817 0.190947 0.269669 
0.697698 1.076607 0.851712 3.841205 0.190364 0.268419 
0.698699 1.076616 0.851657 3.852622 0.189784 0.267168 
0.699700 1.076626 0.851605 3.864069 0.189206 0.265915 
0.700701 1.076637 0.851557 3.875546 0.188631 0.264662 
0.701702 1.076649 0.851514 3.887052 0.188058 0.263407 
0.702703 1.076662 0.851474 3.898589 0.187487 0.262151 
0.703704 1.076676 0.851438 3.910155 0.186918 0.260893 
0.704705 1.076692 0.851406 3.921752 0.186352 0.259635 
0.705706 1.076708 0.851378 3.933378 0.185788 0.258375 
0.706707 1.076726 0.851354 3.945035 0.185227 0.257114 
0.707708 1.076745 0.851334 3.956721 0.184667 0.255852 
0.708709 1.076765 0.851319 3.968439 0.184110 0.254588 
0.709710 1.076786 0.851307 3.980186 0.183555 0.253323 
0.710711 1.076808 0.851299 3.991964 0.183003 0.252057 
0.711712 1.076832 0.851296 4.003772 0.182452 0.250790 
0.712713 1.076857 0.851296 4.015611 0.181904 0.249521 
0.713714 1.076882 0.851301 4.027481 0.181358 0.248251 
0.714715 1.076909 0.851310 4.039381 0.180814 0.246980 
0.715716 1.076938 0.851323 4.051312 0.180273 0.245707 
0.716717 1.076967 0.851340 4.063274 0.179733 0.244433 
0.717718 1.076998 0.851362 4.075266 0.179196 0.243158 
0.718719 1.077029 0.851388 4.087290 0.178660 0.241882 
0.719720 1.077062 0.851418 4.099345 0.178127 0.240604 
0.720721 1.077097 0.851452 4.111430 0.177596 0.239326 
0.721722 1.077132 0.851491 4.123547 0.177068 0.238045 
0.722723 1.077169 0.851534 4.135695 0.176541 0.236764 
0.723724 1.077207 0.851582 4.147875 0.176016 0.235481 
0.724725 1.077246 0.851634 4.160086 0.175494 0.234197 
0.725726 1.077287 0.851691 4.172328 0.174973 0.232912 
0.726727 1.077328 0.851752 4.184602 0.174455 0.231625 
0.727728 1.077371 0.851817 4.196907 0.173938 0.230337 
0.728729 1.077416 0.851887 4.209244 0.173424 0.229047 
0.729730 1.077461 0.851961 4.221613 0.172911 0.227757 
0.730731 1.077508 0.852041 4.234014 0.172401 0.226465 
0.731732 1.077556 0.852124 4.246446 0.171893 0.225171 
0.732733 1.077606 0.852212 4.258910 0.171386 0.223877 
0.733734 1.077657 0.852305 4.271407 0.170882 0.222581 
0.734735 1.077709 0.852403 4.283935 0.170380 0.221283 
0.735736 1.077762 0.852505 4.296496 0.169879 0.219985 
0.736737 1.077817 0.852612 4.309088 0.169381 0.218685 
0.737738 1.077873 0.852723 4.321713 0.168884 0.217383 
0.738739 1.077930 0.852839 4.334371 0.168390 0.216081 
0.739740 1.077989 0.852960 4.347061 0.167897 0.214777 
0.740741 1.078049 0.853086 4.359783 0.167406 0.213471 
0.741742 1.078111 0.853217 4.372538 0.166917 0.212165 
0.742743 1.078173 0.853352 4.385325 0.166431 0.210857 
0.743744 1.078238 0.853493 4.398146 0.165946 0.209547 
0.744745 1.078303 0.853638 4.410999 0.165462 0.208236 
0.745746 1.078370 0.853788 4.423884 0.164981 0.206924 
0.746747 1.078438 0.853943 4.436803 0.164502 0.205611 
0.747748 1.078508 0.854103 4.449755 0.164024 0.204296 
0.748749 1.078579 0.854267 4.462740 0.163548 0.202979 
0.749750 1.078652 0.854437 4.475758 0.163075 0.201662 
0.750751 1.078726 0.854612 4.488809 0.162603 0.200343 
0.751752 1.078801 0.854792 4.501894 0.162132 0.199022 
0.752753 1.078878 0.854977 4.515012 0.161664 0.197700 
0.753754 1.078956 0.855167 4.528163 0.161197 0.196377 
0.754755 1.079036 0.855362 4.541348 0.160733 0.195052 
0.755756 1.079117 0.855562 4.554566 0.160270 0.193726 
0.756757 1.079200 0.855767 4.567818 0.159808 0.192399 
0.757758 1.079284 0.855977 4.581104 0.159349 0.191070 
0.758759 1.079370 0.856193 4.594423 0.158891 0.189740 
0.759760 1.079457 0.856414 4.607777 0.158435 0.188408 
0.760761 1.079545 0.856639 4.621164 0.157981 0.187075 
0.761762 1.079635 0.856871 4.634586 0.157528 0.185741 
0.762763 1.079727 0.857107 4.648041 0.157078 0.184405 
0.763764 1.079820 0.857349 4.661531 0.156629 0.183068 
0.764765 1.079914 0.857595 4.675055 0.156181 0.181729 
0.765766 1.080010 0.857848 4.688613 0.155736 0.180389 
0.766767 1.080108 0.858105 4.702206 0.155292 0.179047 
0.767768 1.080207 0.858368 4.715833 0.154850 0.177704 
0.768769 1.080308 0.858636 4.729494 0.154409 0.176360 
0.769770 1.080410 0.858910 4.743191 0.153970 0.175014 
0.770771 1.080514 0.859189 4.756922 0.153533 0.173666 
0.771772 1.080619 0.859473 4.770687 0.153097 0.172318 
0.772773 1.080726 0.859763 4.784488 0.152663 0.170967 
0.773774 1.080834 0.860058 4.798323 0.152231 0.169616 
0.774775 1.080945 0.860359 4.812194 0.151800 0.168263 
0.775776 1.081056 0.860665 4.826100 0.151371 0.166908 
0.776777 1.081169 0.860977 4.840040 0.150944 0.165552 
0.777778 1.081284 0.861294 4.854016 0.150518 0.164194 
0.778779 1.081401 0.861617 4.868027 0.150094 0.162835 
0.779780 1.081519 0.861945 4.882074 0.149671 0.161475 
0.780781 1.081638 0.862279 4.896156 0.149250 0.160113 
0.781782 1.081760 0.862619 4.910274 0.148831 0.158750 
0.782783 1.081883 0.862964 4.924427 0.148413 0.157385 
0.783784 1.082007 0.863315 4.938616 0.147996 0.156018 
0.784785 1.082134 0.863671 4.952840 0.147582 0.154651 
0.785786 1.082262 0.864033 4.967101 0.147168 0.153281 
0.786787 1.082391 0.864401 4.981397 0.146757 0.151910 
0.787788 1.082522 0.864774 4.995729 0.146347 0.150538 
0.788789 1.082655 0.865153 5.010098 0.145938 0.149164 
0.789790 1.082790 0.865538 5.024503 0.145531 0.147789 
0.790791 1.082926 0.865928 5.038943 0.145125 0.146412 
0.791792 1.083064 0.866324 5.053420 0.144721 0.145034 
0.792793 1.083204 0.866726 5.067934 0.144319 0.143654 
0.793794 1.083346 0.867134 5.082484 0.143918 0.142273 
0.794795 1.083489 0.867547 5.097070 0.143518 0.140890 
0.795796 1.083634 0.867966 5.111693 0.143120 0.139505 
0.796797 1.083780 0.868391 5.126353 0.142723 0.138120 
0.797798 1.083929 0.868822 5.141050 0.142328 0.136732 
0.798799 1.084079 0.869258 5.155783 0.141934 0.135343 
0.799800 1.084231 0.869701 5.170554 0.141542 0.133953 
0.800801 1.084385 0.870149 5.185361 0.141151 0.132561 
0.801802 1.084540 0.870603 5.200205 0.140762 0.131167 
0.802803 1.084698 0.871063 5.215087 0.140374 0.129772 
0.803804 1.084857 0.871529 5.230006 0.139987 0.128376 
0.804805 1.085018 0.872000 5.244962 0.139602 0.126977 
0.805806 1.085180 0.872477 5.259956 0.139218 0.125578 
0.806807 1.085345 0.872961 5.274987 0.138836 0.124176 
0.807808 1.085511 0.873450 5.290056 0.138455 0.122774 
0.808809 1.085679 0.873945 5.305162 0.138076 0.121369 
0.809810 1.085849 0.874446 5.320306 0.137697 0.119963 
0.810811 1.086021 0.874953 5.335488 0.137321 0.118556 
0.811812 1.086195 0.875465 5.350708 0.136945 0.117147 
0.812813 1.086371 0.875984 5.365966 0.136571 0.115736 
0.813814 1.086548 0.876508 5.381261 0.136199 0.114324 
0.814815 1.086727 0.877039 5.396595 0.135827 0.112910 
0.815816 1.086909 0.877575 5.411967 0.135457 0.111495 
0.816817 1.087092 0.878117 5.427378 0.135089 0.110078 
0.817818 1.087277 0.878665 5.442827 0.134721 0.108659 
0.818819 1.087464 0.879219 5.458314 0.134355 0.107239 
0.819820 1.087653 0.879779 5.473840 0.133991 0.105818 
0.820821 1.087844 0.880344 5.489404 0.133628 0.104394 
0.821822 1.088036 0.880916 5.505008 0.133266 0.102969 
0.822823 1.088231 0.881493 5.520650 0.132905 0.101543 
0.823824 1.088428 0.882077 5.536330 0.132545 0.100115 
0.824825 1.088626 0.882666 5.552050 0.132187 0.098685 
0.825826 1.088827 0.883261 5.567809 0.131831 0.097254 
0.826827 1.089029 0.883861 5.583607 0.131475 0.095821 
0.827828 1.089234 0.884468 5.599444 0.131121 0.094386 
0.828829 1.089441 0.885081 5.615321 0.130768 0.092950 
0.829830 1.089649 0.885699 5.631237 0.130416 0.091513 
0.830831 1.089860 0.886323 5.647192 0.130066 0.090073 
0.831832 1.090072 0.886953 5.663187 0.129716 0.088632 
0.832833 1.090287 0.887588 5.679221 0.129369 0.087190 
0.833834 1.090504 0.888230 5.695296 0.129022 0.085745 
0.834835 1.090722 0.888877 5.711410 0.128676 0.084299 
0.835836 1.090943 0.889530 5.727564 0.128332 0.082852 
0.836837 1.091166 0.890188 5.743757 0.127989 0.081403 
0.837838 1.091391 0.890852 5.759991 0.127647 0.079952 
0.838839 1.091618 0.891522 5.776265 0.127307 0.078499 
0.839840 1.091847 0.892198 5.792580 0.126967 0.077045 
0.840841 1.092078 0.892879 5.808934 0.126629 0.075590 
0.841842 1.092311 0.893565 5.825329 0.126292 0.074132 
0.842843 1.092547 0.894257 5.841764 0.125957 0.072673 
0.843844 1.092784 0.894955 5.858240 0.125622 0.071212 
0.844845 1.093024 0.895658 5.874757 0.125289 0.069750 
0.845846 1.093266 0.896367 5.891314 0.124956 0.068286 
0.846847 1.093510 0.897081 5.907913 0.124625 0.066820 
0.847848 1.093756 0.897800 5.924552 0.124296 0.065353 
0.848849 1.094004 0.898525 5.941232 0.123967 0.063884 
0.849850 1.094254 0.899255 5.957953 0.123639 0.062413 
0.850851 1.094507 0.899991 5.974715 0.123313 0.060940 
0.851852 1.094762 0.900731 5.991519 0.122988 0.059466 
0.852853 1.095019 0.901477 6.008363 0.122664 0.057990 
0.853854 1.095278 0.902228 6.025250 0.122341 0.056513 
0.854855 1.095540 0.902984 6.042178 0.122019 0.055034 
0.855856 1.095804 0.903745 6.059147 0.121698 0.053553 
0.856857 1.096070 0.904511 6.076158 0.121378 0.052070 
0.857858 1.096338 0.905282 6.093211 0.121060 0.050586 
0.858859 1.096608 0.906058 6.110306 0.120743 0.049100 
0.859860 1.096881 0.906838 6.127442 0.120426 0.047612 
0.860861 1.097156 0.907624 6.144621 0.120111 0.046122 
0.861862 1.097434 0.908414 6.161842 0.119797 0.044631 
0.862863 1.097713 0.909209 6.179105 0.119484 0.043138 
0.863864 1.097995 0.910008 6.196410 0.119172 0.041644 
0.864865 1.098280 0.910812 6.213758 0.118862 0.040147 
0.865866 1.098566 0.911620 6.231149 0.118552 0.038649 
0.866867 1.098855 0.912433 6.248581 0.118243 0.037150 
0.867868 1.099146 0.913250 6.266057 0.117936 0.035648 
0.868869 1.099440 0.914071 6.283575 0.117629 0.034145 
0.869870 1.099736 0.914896 6.301136 0.117324 0.032640 
0.870871 1.100035 0.915726 6.318740 0.117020 0.031133 
0.871872 1.100335 0.916559 6.336387 0.116716 0.029625 
0.872873 1.100639 0.917396 6.354077 0.116414 0.028114 
0.873874 1.100944 0.918237 6.371811 0.116113 0.026602 
0.874875 1.101252 0.919082 6.389587 0.115813 0.025089 
0.875876 1.101563 0.919930 6.407407 0.115513 0.023573 
0.876877 1.101876 0.920781 6.425271 0.115215 0.022056 
0.877878 1.102191 0.921636 6.443178 0.114918 0.020537 
0.878879 1.102509 0.922495 6.461128 0.114622 0.019016 
0.879880 1.102829 0.923356 6.479123 0.114327 0.017493 
0.880881 1.103152 0.924221 6.497161 0.114033 0.015969 
0.881882 1.103478 0.925088 6.515243 0.113740 0.014443 
0.882883 1.103805 0.925958 6.533369 0.113448 0.012915 
0.883884 1.104136 0.926831 6.551540 0.113157 0.011385 
0.884885 1.104469 0.927707 6.569754 0.112867 0.009854 
0.885886 1.104804 0.928585 6.588013 0.112578 0.008321 
0.886887 1.105142 0.929465 6.606316 0.112290 0.006785 
0.887888 1.105482 0.930347 6.624664 0.112003 0.005249 
0.888889 1.105825 0.931232 6.643056 0.111717 0.003710 
0.889890 1.106171 0.932118 6.661493 0.111432 0.002170 
0.890891 1.106519 0.933006 6.679975 0.111147 0.000627 
0.891892 1.106870 0.933895 6.698501 0.110864 -0.000917 
0.892893 1.107224 0.934786 6.717073 0.110582 -0.002463 
0.893894 1.107580 0.935678 6.735689 0.110301 -0.004010 
0.894895 1.107938 0.936571 6.754351 0.110020 -0.005560 
0.895896 1.108300 0.937466 6.773058 0.109741 -0.007111 
0.896897 1.108664 0.938360 6.791810 0.109463 -0.008664 
0.897898 1.109031 0.939256 6.810608 0.109185 -0.010219 
0.898899 1.109400 0.940151 6.829451 0.108908 -0.011776 
0.899900 1.109772 0.941047 6.848339 0.108633 -0.013335 
0.900901 1.110147 0.941943 6.867274 0.108358 -0.014895 
0.901902 1.110524 0.942838 6.886254 0.108084 -0.016457 
0.902903 1.110905 0.943733 6.905280 0.107812 -0.018021 
0.903904 1.111288 0.944628 6.924352 0.107540 -0.019587 
0.904905 1.111673 0.945521 6.943470 0.107269 -0.021155 
0.905906 1.112062 0.946414 6.962635 0.106999 -0.022725 
0.906907 1.112453 0.947305 6.981845 0.106729 -0.024296 
0.907908 1.112847 0.948194 7.001102 0.106461 -0.025870 
0.908909 1.113244 0.949082 7.020406 0.106194 -0.027445 
0.909910 1.113644 0.949968 7.039755 0.105927 -0.029022 
0.910911 1.114046 0.950851 7.059152 0.105662 -0.030601 
0.911912 1.114451 0.951732 7.078595 0.105397 -0.032182 
0.912913 1.114860 0.952610 7.098086 0.105133 -0.033764 
0.913914 1.115271 0.953484 7.117623 0.104870 -0.035349 
0.914915 1.115685 0.954356 7.137207 0.104608 -0.036935 
0.915916 1.116101 0.955224 7.156838 0.104347 -0.038524 
0.916917 1.116521 0.956087 7.176517 0.104086 -0.040114 
0.917918 1.116944 0.956947 7.196243 0.103827 -0.041706 
0.918919 1.117369 0.957802 7.216016 0.103568 -0.043300 
0.919920 1.117798 0.958652 7.235837 0.103311 -0.044896 
0.920921 1.118229 0.959497 7.255705 0.103054 -0.046493 
0.921922 1.118664 0.960336 7.275621 0.102798 -0.048093 
0.922923 1.119101 0.961170 7.295585 0.102542 -0.049695 
0.923924 1.119541 0.961997 7.315597 0.102288 -0.051298 
0.924925 1.119985 0.962818 7.335657 0.102035 -0.052903 
0.925926 1.120431 0.963632 7.355765 0.101782 -0.054511 
0.926927 1.120880 0.964438 7.375921 0.101530 -0.056120 
0.927928 1.121333 0.965237 7.396126 0.101279 -0.057731 
0.928929 1.121788 0.966028 7.416379 0.101029 -0.059344 
0.929930 1.122247 0.966810 7.436680 0.100779 -0.060959 
0.930931 1.122709 0.967584 7.457030 0.100531 -0.062576 
0.931932 1.123173 0.968348 7.477429 0.100283 -0.064194 
0.932933 1.123641 0.969103 7.497876 0.100036 -0.065815 
0.933934 1.124112 0.969847 7.518373 0.099790 -0.067438 
0.934935 1.124586 0.970581 7.538918 0.099545 -0.069062 
0.935936 1.125064 0.971304 7.559513 0.099300 -0.070689 
0.936937 1.125544 0.972016 7.580157 0.099057 -0.072317 
0.937938 1.126028 0.972715 7.600850 0.098814 -0.073948 
0.938939 1.126515 0.973402 7.621593 0.098572 -0.075580 
0.939940 1.127005 0.974076 7.642385 0.098330 -0.077214 
0.940941 1.127498 0.974737 7.663226 0.098090 -0.078851 
0.941942 1.127995 0.975384 7.684118 0.097850 -0.080489 
0.942943 1.128494 0.976017 7.705059 0.097611 -0.082129 
0.943944 1.128997 0.976634 7.726050 0.097373 -0.083771 
0.944945 1.129504 0.977236 7.747091 0.097136 -0.085415 
0.945946 1.130013 0.977822 7.768182 0.096899 -0.087061 
0.946947 1.130526 0.978392 7.789324 0.096663 -0.088709 
0.947948 1.131043 0.978944 7.810516 0.096428 -0.090359 
0.948949 1.131562 0.979478 7.831758 0.096194 -0.092011 
0.949950 1.132085 0.979994 7.853051 0.095960 -0.093665 
0.950951 1.132611 0.980490 7.874394 0.095727 -0.095321 
0.951952 1.133141 0.980967 7.895788 0.095495 -0.096979 
0.952953 1.133674 0.981424 7.917233 0.095264 -0.098639 
0.953954 1.134211 0.981860 7.938729 0.095033 -0.100301 
0.954955 1.134751 0.982274 7.960276 0.094803 -0.101965 
0.955956 1.135294 0.982666 7.981874 0.094574 -0.103631 
0.956957 1.135841 0.983035 8.003524 0.094346 -0.105299 
0.957958 1.136392 0.983379 8.025225 0.094118 -0.106969 
0.958959 1.136945 0.983700 8.046977 0.093891 -0.108641 
0.959960 1.137503 0.983995 8.068781 0.093665 -0.110315 
0.960961 1.138064 0.984264 8.090636 0.093440 -0.111990 
0.961962 1.138628 0.984507 8.112544 0.093215 -0.113668 
0.962963 1.139196 0.984722 8.134503 0.092991 -0.115348 
0.963964 1.139768 0.984908 8.156514 0.092768 -0.117030 
0.964965 1.140343 0.985065 8.178577 0.092545 -0.118714 
0.965966 1.140922 0.985193 8.200693 0.092323 -0.120401 
0.966967 1.141505 0.985289 8.222860 0.092102 -0.122089 
0.967968 1.142091 0.985353 8.245080 0.091882 -0.123779 
0.968969 1.142681 0.985385 8.267353 0.091662 -0.125471 
0.969970 1.143274 0.985384 8.289679 0.091443 -0.127165 
0.970971 1.143871 0.985347 8.312057 0.091225 -0.128861 
0.971972 1.144472 0.985276 8.334487 0.091007 -0.130560 
0.972973 1.145077 0.985168 8.356971 0.090790 -0.132260 
0.973974 1.145685 0.985022 8.379508 0.090574 -0.133962 
0.974975 1.146298 0.984838 8.402098 0.090358 -0.135667 
0.975976 1.146913 0.984615 8.424742 0.090143 -0.137373 
0.976977 1.147533 0.984351 8.447438 0.089929 -0.139082 
0.977978 1.148157 0.984046 8.470189 0.089715 -0.140793 
0.978979 1.148784 0.983698 8.492992 0.089503 -0.142505 
0.979980 1.149416 0.983306 8.515850 0.089290 -0.144220 
0.980981 1.150051 0.982870 8.538761 0.089079 -0.145937 
0.981982 1.150690 0.982387 8.561726 0.088868 -0.147656 
0.982983 1.151333 0.981858 8.584746 0.088658 -0.149377 
0.983984 1.151980 0.981280 8.607819 0.088448 -0.151100 
0.984985 1.152631 0.980652 8.630947 0.088240 -0.152825 
0.985986 1.153286 0.979974 8.654129 0.088031 -0.154553 
0.986987 1.153945 0.979243 8.677365 0.087824 -0.156282 
0.987988 1.154608 0.978460 8.700656 0.087617 -0.158013 
0.988989 1.155274 0.977621 8.724002 0.087411 -0.159747 
0.989990 1.155945 0.976727 8.747402 0.087205 -0.161483 
0.990991 1.156620 0.975775 8.770858 0.087000 -0.163220 
0.991992 1.157300 0.974764 8.794368 0.086796 -0.164960 
0.992993 1.157983 0.973694 8.817934 0.086592 -0.166702 
0.993994 1.158670 0.972561 8.841554 0.086389 -0.168446 
0.994995 1.159362 0.971366 8.865230 0.086187 -0.170193 
0.995996 1.160058 0.970106 8.888962 0.085985 -0.171941 
0.996997 1.160758 0.968780 8.912749 0.085784 -0.173691 
0.997998 1.161462 0.967387 8.936592 0.085583 -0.175444 
0.998999 1.162170 0.965924 8.960491 0.085383 -0.177199 
1.000000 1.162883 0.964391 8.984445 0.085184 -0.178955 
