0.000000 1.000000 1.126750 0.418390 1.000000 1.000000 
0.001001 1.000875 1.126017 0.420738 1.000000 0.998999 
0.002002 1.001751 1.125286 0.423094 1.000000 0.997998 
0.003003 1.002627 1.124555 0.425455 1.000000 0.996997 
0.004004 1.003503 1.123825 0.427824 1.000000 0.995996 
0.005005 1.004380 1.123096 0.430199 1.000000 0.994995 
0.006006 1.005258 1.122368 0.432580 1.000000 0.993994 
0.007007 1.006136 1.121641 0.434968 1.000000 0.992993 
0.008008 1.007014 1.120915 0.437363 1.000000 0.991992 
0.009009 1.007893 1.120190 0.439764 1.000000 0.990991 
0.010010 1.008773 1.119466 0.442172 1.000000 0.989990 
0.011011 1.009653 1.118743 0.444586 1.000000 0.988989 
0.012012 1.010533 1.118021 0.447007 1.000000 0.987988 
0.013013 1.011414 1.117299 0.449434 1.000000 0.986987 
0.014014 1.012295 1.116579 0.451869 1.000000 0.985986 
0.015015 1.013177 1.115859 0.454309 1.000000 0.984985 
0.016016 1.014060 1.115141 0.456756 1.000000 0.983984 
0.017017 1.014943 1.114423 0.459210 1.000000 0.982983 
0.018018 1.015826 1.113707 0.461671 1.000000 0.981982 
0.019019 1.016710 1.112991 0.464137 1.000000 0.980981 
0.020020 1.017594 1.112276 0.466611 1.000000 0.979980 
0.021021 1.018479 1.111562 0.469091 1.000000 0.978979 
0.022022 1.019364 1.110849 0.471578 1.000000 0.977978 
0.023023 1.020250 1.110137 0.474071 1.000000 0.976977 
0.024024 1.021136 1.109426 0.476571 1.000000 0.975976 
0.025025 1.022023 1.108715 0.479077 1.000000 0.974975 
0.026026 1.022910 1.108006 0.481590 1.000000 0.973974 
0.027027 1.023797 1.107297 0.484110 1.000000 0.972973 
0.028028 1.024685 1.106590 0.486636 1.000000 0.971972 
0.029029 1.025574 1.105883 0.489168 1.000000 0.970971 
0.030030 1.026463 1.105177 0.491708 1.000000 0.969970 
0.031031 1.027352 1.104473 0.494253 1.000000 0.968969 
0.032032 1.028242 1.103769 0.496806 1.000000 0.967968 
0.033033 1.029132 1.103066 0.499365 1.000000 0.966967 
0.034034 1.030023 1.102363 0.501930 1.000000 0.965966 
0.035035 1.030914 1.101662 0.504502 1.000000 0.964965 
0.036036 1.031806 1.100962 0.507081 1.000000 0.963964 
0.037037 1.032698 1.100262 0.509666 1.000000 0.962963 
0.038038 1.033591 1.099564 0.512258 1.000000 0.961962 
0.039039 1.034484 1.098866 0.514857 1.000000 0.960961 
0.040040 1.035377 1.098169 0.517462 1.000000 0.959960 
0.041041 1.036271 1.097473 0.520073 1.000000 0.958959 
0.042042 1.037166 1.096778 0.522691 1.000000 0.957958 
0.043043 1.038060 1.096084 0.525316 1.000000 0.956957 
0.044044 1.038956 1.095390 0.527947 1.000000 0.955956 
0.045045 1.039851 1.094698 0.530585 1.000000 0.954955 
0.046046 1.040747 1.094006 0.533230 1.000000 0.953954 
0.047047 1.041644 1.093316 0.535881 1.000000 0.952953 
0.048048 1.042541 1.092626 0.538538 1.000000 0.951952 
0.049049 1.043438 1.091937 0.541202 1.000000 0.950951 
0.050050 1.044336 1.091249 0.543873 1.000000 0.949950 
0.051051 1.045234 1.090562 0.546550 1.000000 0.948949 
0.052052 1.046133 1.089875 0.549234 1.000000 0.947948 
0.053053 1.047032 1.089190 0.551925 1.000000 0.946947 
0.054054 1.047932 1.088505 0.554622 1.000000 0.945946 
0.055055 1.048831 1.087821 0.557325 1.000000 0.944945 
0.056056 1.049732 1.087139 0.560035 1.000000 0.943944 
0.057057 1.050633 1.086456 0.562752 1.000000 0.942943 
0.058058 1.051534 1.085775 0.565475 1.000000 0.941942 
0.059059 1.052435 1.085095 0.568205 1.000000 0.940941 
0.060060 1.053337 1.084415 0.570942 1.000000 0.939940 
0.061061 1.054240 1.083737 0.573685 1.000000 0.938939 
0.062062 1.055142 1.083059 0.576434 1.000000 0.937938 
0.063063 1.056046 1.082382 0.579190 1.000000 0.936937 
0.064064 1.056949 1.081706 0.581953 1.000000 0.935936 
0.065065 1.057853 1.081031 0.584723 1.000000 0.934935 
0.066066 1.058757 1.080356 0.587498 1.000000 0.933934 
0.067067 1.059662 1.079683 0.590281 1.000000 0.932933 
0.068068 1.060567 1.079010 0.593070 1.000000 0.931932 
0.069069 1.061473 1.078338 0.595866 1.000000 0.930931 
0.070070 1.062379 1.077667 0.598668 1.000000 0.929930 
0.071071 1.063285 1.076997 0.601476 1.000000 0.928929 
0.072072 1.064192 1.076327 0.604292 1.000000 0.927928 
0.073073 1.065099 1.075659 0.607114 1.000000 0.926927 
0.074074 1.066006 1.074991 0.609942 1.000000 0.925926 
0.075075 1.066914 1.074324 0.612777 1.000000 0.924925 
0.076076 1.067822 1.073658 0.615619 1.000000 0.923924 
0.077077 1.068731 1.072993 0.618467 1.000000 0.922923 
0.078078 1.069640 1.072329 0.621322 1.000000 0.921922 
0.079079 1.070549 1.071665 0.624183 1.000000 0.920921 
0.080080 1.071459 1.071002 0.627051 1.000000 0.919920 
0.081081 1.072369 1.070340 0.629926 1.000000 0.918919 
0.082082 1.073280 1.069679 0.632807 1.000000 0.917918 
0.083083 1.074190 1.069019 0.635694 1.000000 0.916917 
0.084084 1.075102 1.068359 0.638589 1.000000 0.915916 
0.085085 1.076013 1.067700 0.641489 1.000000 0.914915 
0.086086 1.076925 1.067043 0.644397 1.000000 0.913914 
0.087087 1.077837 1.066386 0.647311 1.000000 0.912913 
0.088088 1.078750 1.065729 0.650231 1.000000 0.911912 
0.089089 1.079663 1.065074 0.653158 1.000000 0.910911 
0.090090 1.080576 1.064419 0.656092 1.000000 0.909910 
0.091091 1.081489 1.063765 0.659032 1.000000 0.908909 
0.092092 1.082403 1.063112 0.661979 1.000000 0.907908 
0.093093 1.083318 1.062460 0.664932 1.000000 0.906907 
0.094094 1.084232 1.061809 0.667892 1.000000 0.905906 
0.095095 1.085147 1.061158 0.670859 1.000000 0.904905 
0.096096 1.086063 1.060508 0.673832 1.000000 0.903904 
0.097097 1.086978 1.059859 0.676812 1.000000 0.902903 
0.098098 1.087894 1.059211 0.679798 1.000000 0.901902 
0.099099 1.088811 1.058563 0.682791 1.000000 0.900901 
0.100100 1.089727 1.057917 0.685790 1.000000 0.899900 
0.101101 1.090644 1.057271 0.688796 1.000000 0.898899 
0.102102 1.091561 1.056626 0.691808 1.000000 0.897898 
0.103103 1.092479 1.055981 0.694828 1.000000 0.896897 
0.104104 1.093397 1.055338 0.697853 1.000000 0.895896 
0.105105 1.094315 1.054695 0.700886 1.000000 0.894895 
0.106106 1.095234 1.054053 0.703924 1.000000 0.893894 
0.107107 1.096152 1.053412 0.706970 1.000000 0.892893 
0.108108 1.097071 1.052771 0.710022 1.000000 0.891892 
0.109109 1.097991 1.052132 0.713080 1.000000 0.890891 
0.110110 1.098911 1.051493 0.716145 1.000000 0.889890 
0.111111 1.099831 1.050855 0.719217 1.000000 0.888889 
0.112112 1.100751 1.050218 0.722295 1.000000 0.887888 
0.113113 1.101672 1.049581 0.725380 1.000000 0.886887 
0.114114 1.102593 1.048945 0.728472 1.000000 0.885886 
0.115115 1.103514 1.048310 0.731570 1.000000 0.884885 
0.116116 1.104435 1.047676 0.734674 1.000000 0.883884 
0.117117 1.105357 1.047043 0.737785 1.000000 0.882883 
0.118118 1.106279 1.046410 0.740903 1.000000 0.881882 
0.119119 1.107201 1.045778 0.744027 1.000000 0.880881 
0.120120 1.108124 1.045147 0.747158 1.000000 0.879880 
0.121121 1.109047 1.044517 0.750296 1.000000 0.878879 
0.122122 1.109970 1.043887 0.753440 1.000000 0.877878 
0.123123 1.110894 1.043258 0.756590 1.000000 0.876877 
0.124124 1.111817 1.042630 0.759747 1.000000 0.875876 
0.125125 1.112741 1.042003 0.762911 1.000000 0.874875 
0.126126 1.113665 1.041376 0.766081 1.000000 0.873874 
0.127127 1.114590 1.040750 0.769258 1.000000 0.872873 
0.128128 1.115515 1.040125 0.772442 1.000000 0.871872 
0.129129 1.116440 1.039501 0.775632 1.000000 0.870871 
0.130130 1.117365 1.038877 0.778828 1.000000 0.869870 
0.131131 1.118290 1.038254 0.782032 1.000000 0.868869 
0.132132 1.119216 1.037632 0.785241 1.000000 0.867868 
0.133133 1.120142 1.037011 0.788458 1.000000 0.866867 
0.134134 1.121068 1.036390 0.791680 1.000000 0.865866 
0.135135 1.121995 1.035770 0.794910 1.000000 0.864865 
0.136136 1.122922 1.035151 0.798146 1.000000 0.863864 
0.137137 1.123849 1.034533 0.801389 1.000000 0.862863 
0.138138 1.124776 1.033915 0.804638 1.000000 0.861862 
0.139139 1.125703 1.033298 0.807894 1.000000 0.860861 
0.140140 1.126631 1.032682 0.811156 1.000000 0.859860 
0.141141 1.127559 1.032066 0.814425 1.000000 0.858859 
0.142142 1.128487 1.031452 0.817700 1.000000 0.857858 
0.143143 1.129415 1.030838 0.820982 1.000000 0.856857 
0.144144 1.130344 1.030224 0.824271 1.000000 0.855856 
0.145145 1.131272 1.029612 0.827566 1.000000 0.854855 
0.146146 1.132201 1.029000 0.830868 1.000000 0.853854 
0.147147 1.133131 1.028389 0.834176 1.000000 0.852853 
0.148148 1.134060 1.027779 0.837491 1.000000 0.851852 
0.149149 1.134989 1.027169 0.840813 1.000000 0.850851 
0.150150 1.135919 1.026560 0.844141 1.000000 0.849850 
0.151151 1.136849 1.025952 0.847475 1.000000 0.848849 
0.152152 1.137779 1.025345 0.850817 1.000000 0.847848 
0.153153 1.138710 1.024738 0.854164 1.000000 0.846847 
0.154154 1.139640 1.024132 0.857519 1.000000 0.845846 
0.155155 1.140571 1.023526 0.860880 1.000000 0.844845 
0.156156 1.141502 1.022922 0.864247 1.000000 0.843844 
0.157157 1.142433 1.022318 0.867621 1.000000 0.842843 
0.158158 1.143364 1.021715 0.871002 1.000000 0.841842 
0.159159 1.144296 1.021112 0.874389 1.000000 0.840841 
0.160160 1.145227 1.020511 0.877783 1.000000 0.839840 
0.161161 1.146159 1.019910 0.881183 1.000000 0.838839 
0.162162 1.147091 1.019309 0.884590 1.000000 0.837838 
0.163163 1.148023 1.018710 0.888004 1.000000 0.836837 
0.164164 1.148955 1.018111 0.891424 1.000000 0.835836 
0.165165 1.149888 1.017513 0.894850 1.000000 0.834835 
0.166166 1.150820 1.016915 0.898284 1.000000 0.833834 
0.167167 1.151753 1.016318 0.901724 1.000000 0.832833 
0.168168 1.152686 1.015722 0.905170 1.000000 0.831832 
0.169169 1.153619 1.015127 0.908623 1.000000 0.830831 
0.170170 1.154552 1.014532 0.912082 1.000000 0.829830 
0.171171 1.155485 1.013938 0.915549 1.000000 0.828829 
0.172172 1.156419 1.013345 0.919021 1.000000 0.827828 
0.173173 1.157352 1.012752 0.922500 1.000000 0.826827 
0.174174 1.158286 1.012160 0.925986 1.000000 0.825826 
0.175175 1.159220 1.011569 0.929479 1.000000 0.824825 
0.176176 1.160154 1.010978 0.932978 1.000000 0.823824 
0.177177 1.161088 1.010388 0.936483 1.000000 0.822823 
0.178178 1.162022 1.009799 0.939995 1.000000 0.821822 
0.179179 1.162956 1.009211 0.943514 1.000000 0.820821 
0.180180 1.163891 1.008623 0.947039 1.000000 0.819820 
0.181181 1.164825 1.008036 0.950571 1.000000 0.818819 
0.182182 1.165760 1.007449 0.954110 1.000000 0.817818 
0.183183 1.166694 1.006864 0.957655 1.000000 0.816817 
0.184184 1.167629 1.006279 0.961206 1.000000 0.815816 
0.185185 1.168564 1.005694 0.964764 1.000000 0.814815 
0.186186 1.169499 1.005111 0.968329 1.000000 0.813814 
0.187187 1.170434 1.004527 0.971900 1.000000 0.812813 
0.188188 1.171370 1.003945 0.975478 1.000000 0.811812 
0.189189 1.172305 1.003363 0.979063 1.000000 0.810811 
0.190190 1.173240 1.002782 0.982654 1.000000 0.809810 
0.191191 1.174176 1.002202 0.986251 1.000000 0.808809 
0.192192 1.175111 1.001622 0.989855 1.000000 0.807808 
0.193193 1.176047 1.001043 0.993466 1.000000 0.806807 
0.194194 1.176982 1.000465 0.997083 1.000000 0.805806 
0.195195 1.177918 0.999887 1.000707 1.000000 0.804805 
0.196196 1.178854 0.999310 1.004338 1.000000 0.803804 
0.197197 1.179790 0.998734 1.007975 1.000000 0.802803 
0.198198 1.180725 0.998158 1.011618 1.000000 0.801802 
0.199199 1.181661 0.997583 1.015268 1.000000 0.800801 
0.200200 1.182597 0.997009 1.018925 1.000000 0.799800 
0.201201 1.183533 0.996435 1.022588 1.000000 0.798799 
0.202202 1.184469 0.995862 1.026258 1.000000 0.797798 
0.203203 1.185406 0.995290 1.029935 1.000000 0.796797 
0.204204 1.186342 0.994718 1.033618 1.000000 0.795796 
0.205205 1.187278 0.994147 1.037307 1.000000 0.794795 
0.206206 1.188214 0.993577 1.041004 1.000000 0.793794 
0.207207 1.189150 0.993007 1.044706 1.000000 0.792793 
0.208208 1.190087 0.992438 1.048416 1.000000 0.791792 
0.209209 1.191023 0.991870 1.052132 1.000000 0.790791 
0.210210 1.191959 0.991302 1.055854 1.000000 0.789790 
0.211211 1.192895 0.990735 1.059583 1.000000 0.788789 
0.212212 1.193832 0.990168 1.063319 1.000000 0.787788 
0.213213 1.194768 0.989602 1.067061 1.000000 0.786787 
0.214214 1.195704 0.989037 1.070810 1.000000 0.785786 
0.215215 1.196641 0.988473 1.074565 1.000000 0.784785 
0.216216 1.197577 0.987909 1.078327 1.000000 0.783784 
0.217217 1.198513 0.987346 1.082095 1.000000 0.782783 
0.218218 1.199449 0.986783 1.085871 1.000000 0.781782 
0.219219 1.200386 0.986221 1.089652 1.000000 0.780781 
0.220220 1.201322 0.985660 1.093440 1.000000 0.779780 
0.221221 1.202258 0.985099 1.097235 1.000000 0.778779 
0.222222 1.203194 0.984539 1.101036 1.000000 0.777778 
0.223223 1.204130 0.983979 1.104844 1.000000 0.776777 
0.224224 1.205067 0.983421 1.108659 1.000000 0.775776 
0.225225 1.206003 0.982862 1.112480 1.000000 0.774775 
0.226226 1.206939 0.982305 1.116308 1.000000 0.773774 
0.227227 1.207875 0.981748 1.120142 1.000000 0.772773 
0.228228 1.208811 0.981192 1.123983 1.000000 0.771772 
0.229229 1.209747 0.980636 1.127830 1.000000 0.770771 
0.230230 1.210682 0.980081 1.131684 1.000000 0.769770 
0.231231 1.211618 0.979527 1.135545 1.000000 0.768769 
0.232232 1.212554 0.978973 1.139412 1.000000 0.767768 
0.233233 1.213490 0.978420 1.143285 1.000000 0.766767 
0.234234 1.214425 0.977867 1.147165 1.000000 0.765766 
0.235235 1.215361 0.977316 1.151052 1.000000 0.764765 
0.236236 1.216296 0.976764 1.154946 1.000000 0.763764 
0.237237 1.217231 0.976214 1.158846 1.000000 0.762763 
0.238238 1.218167 0.975664 1.162752 1.000000 0.761762 
0.239239 1.219102 0.975114 1.166665 1.000000 0.760761 
0.240240 1.220037 0.974566 1.170585 1.000000 0.759760 
0.241241 1.220972 0.974017 1.174511 1.000000 0.758759 
0.242242 1.221907 0.973470 1.178444 1.000000 0.757758 
0.243243 1.222842 0.972923 1.182383 1.000000 0.756757 
0.244244 1.223776 0.972377 1.186329 1.000000 0.755756 
0.245245 1.224711 0.971831 1.190282 1.000000 0.754755 
0.246246 1.225645 0.971286 1.194241 1.000000 0.753754 
0.247247 1.226580 0.970741 1.198207 1.000000 0.752753 
0.248248 1.227514 0.970198 1.202179 1.000000 0.751752 
0.249249 1.228448 0.969654 1.206158 1.000000 0.750751 
0.250250 1.229382 0.969112 1.210143 1.000000 0.749750 
0.251251 1.230316 0.968570 1.214135 1.000000 0.748749 
0.252252 1.231249 0.968028 1.218134 1.000000 0.747748 
0.253253 1.232183 0.967487 1.222139 1.000000 0.746747 
0.254254 1.233116 0.966947 1.226151 1.000000 0.745746 
0.255255 1.234049 0.966408 1.230169 1.000000 0.744745 
0.256256 1.234983 0.965869 1.234194 1.000000 0.743744 
0.257257 1.235915 0.965330 1.238225 1.000000 0.742743 
0.258258 1.236848 0.964792 1.242263 1.000000 0.741742 
0.259259 1.237781 0.964255 1.246308 1.000000 0.740741 
0.260260 1.238713 0.963719 1.250359 1.000000 0.739740 
0.261261 1.239646 0.963183 1.254417 1.000000 0.738739 
0.262262 1.240578 0.962647 1.258481 1.000000 0.737738 
0.263263 1.241510 0.962112 1.262552 1.000000 0.736737 
0.264264 1.242441 0.961578 1.266629 1.000000 0.735736 
0.265265 1.243373 0.961044 1.270713 1.000000 0.734735 
0.266266 1.244304 0.960511 1.274804 1.000000 0.733734 
0.267267 1.245235 0.959979 1.278901 1.000000 0.732733 
0.268268 1.246166 0.959447 1.283005 1.000000 0.731732 
0.269269 1.247097 0.958916 1.287115 1.000000 0.730731 
0.270270 1.248027 0.958385 1.291232 1.000000 0.729730 
0.271271 1.248958 0.957855 1.295355 1.000000 0.728729 
0.272272 1.249888 0.957325 1.299486 1.000000 0.727728 
0.273273 1.250818 0.956797 1.303622 1.000000 0.726727 
0.274274 1.251747 0.956268 1.307765 1.000000 0.725726 
0.275275 1.252677 0.955740 1.311915 1.000000 0.724725 
0.276276 1.253606 0.955213 1.316071 1.000000 0.723724 
0.277277 1.254535 0.954687 1.320234 1.000000 0.722723 
0.278278 1.255464 0.954161 1.324404 1.000000 0.721722 
0.279279 1.256392 0.953635 1.328580 1.000000 0.720721 
0.280280 1.257320 0.953110 1.332762 1.000000 0.719720 
0.281281 1.258248 0.952586 1.336952 1.000000 0.718719 
0.282282 1.259176 0.952062 1.341147 1.000000 0.717718 
0.283283 1.260103 0.951539 1.345350 1.000000 0.716717 
0.284284 1.261031 0.951017 1.349559 1.000000 0.715716 
0.285285 1.261957 0.950495 1.353774 1.000000 0.714715 
0.286286 1.262884 0.949973 1.357996 1.000000 0.713714 
0.287287 1.263810 0.949452 1.362225 1.000000 0.712713 
0.288288 1.264736 0.948932 1.366460 1.000000 0.711712 
0.289289 1.265662 0.948412 1.370702 1.000000 0.710711 
0.290290 1.266588 0.947893 1.374950 1.000000 0.709710 
0.291291 1.267513 0.947375 1.379205 1.000000 0.708709 
0.292292 1.268438 0.946857 1.383467 1.000000 0.707708 
0.293293 1.269362 0.946339 1.387735 1.000000 0.706707 
0.294294 1.270287 0.945822 1.392009 1.000000 0.705706 
0.295295 1.271211 0.945306 1.396290 1.000000 0.704705 
0.296296 1.272134 0.944790 1.400578 1.000000 0.703704 
0.297297 1.273058 0.944275 1.404873 1.000000 0.702703 
0.298298 1.273981 0.943761 1.409174 1.000000 0.701702 
0.299299 1.274903 0.943247 1.413481 1.000000 0.700701 
0.300300 1.275826 0.942733 1.417795 1.000000 0.699700 
0.301301 1.276747 0.942220 1.422116 1.000000 0.698699 
0.302302 1.277669 0.941708 1.426443 1.000000 0.697698 
0.303303 1.278590 0.941196 1.430777 1.000000 0.696697 
0.304304 1.279511 0.940685 1.435117 1.000000 0.695696 
0.305305 1.280432 0.940174 1.439464 1.000000 0.694695 
0.306306 1.281352 0.939664 1.443818 1.000000 0.693694 
0.307307 1.282272 0.939154 1.448178 1.000000 0.692693 
0.308308 1.283192 0.938645 1.452545 1.000000 0.691692 
0.309309 1.284111 0.938137 1.456918 1.000000 0.690691 
0.310310 1.285029 0.937629 1.461298 1.000000 0.689690 
0.311311 1.285948 0.937121 1.465684 1.000000 0.688689 
0.312312 1.286866 0.936614 1.470077 1.000000 0.687688 
0.313313 1.287783 0.936108 1.474477 1.000000 0.686687 
0.314314 1.288700 0.935602 1.478883 1.000000 0.685686 
0.315315 1.289617 0.935097 1.483295 1.000000 0.684685 
0.316316 1.290534 0.934593 1.487715 1.000000 0.683684 
0.317317 1.291450 0.934088 1.492140 1.000000 0.682683 
0.318318 1.292365 0.933585 1.496573 1.000000 0.681682 
0.319319 1.293280 0.933082 1.501012 1.000000 0.680681 
0.320320 1.294195 0.932579 1.505457 1.000000 0.679680 
0.321321 1.295109 0.932077 1.509910 1.000000 0.678679 
0.322322 1.296023 0.931576 1.514368 1.000000 0.677678 
0.323323 1.296936 0.931075 1.518834 1.000000 0.676677 
0.324324 1.297849 0.930575 1.523305 1.000000 0.675676 
0.325325 1.298762 0.930075 1.527784 1.000000 0.674675 
0.326326 1.299674 0.929576 1.532269 1.000000 0.673674 
0.327327 1.300585 0.929077 1.536760 1.000000 0.672673 
0.328328 1.301497 0.928579 1.541259 1.000000 0.671672 
0.329329 1.302407 0.928081 1.545763 1.000000 0.670671 
0.330330 1.303318 0.927584 1.550275 1.000000 0.669670 
0.331331 1.304227 0.927087 1.554792 1.000000 0.668669 
0.332332 1.305136 0.926591 1.559317 1.000000 0.667668 
0.333333 1.306045 0.926096 1.563848 1.000000 0.666667 
0.334334 1.306954 0.925601 1.568385 1.000000 0.665666 
0.335335 1.307861 0.925106 1.572930 1.000000 0.664665 
0.336336 1.308769 0.924612 1.577480 1.000000 0.663664 
0.337337 1.309675 0.924119 1.582038 1.000000 0.662663 
0.338338 1.310582 0.923626 1.586602 1.000000 0.661662 
0.339339 1.311487 0.923134 1.591172 1.000000 0.660661 
0.340340 1.312393 0.922642 1.595749 1.000000 0.659660 
0.341341 1.313297 0.922151 1.600333 1.000000 0.658659 
0.342342 1.314202 0.921660 1.604923 1.000000 0.657658 
0.343343 1.315105 0.921170 1.609520 1.000000 0.656657 
0.344344 1.316008 0.920680 1.614123 1.000000 0.655656 
0.345345 1.316911 0.920191 1.618733 1.000000 0.654655 
0.346346 1.317813 0.919702 1.623349 1.000000 0.653654 
0.347347 1.318715 0.919214 1.627972 1.000000 0.652653 
0.348348 1.319615 0.918726 1.632602 1.000000 0.651652 
0.349349 1.320516 0.918239 1.637238 1.000000 0.650651 
0.350350 1.321416 0.917752 1.641881 1.000000 0.649650 
0.351351 1.322315 0.917266 1.646530 1.000000 0.648649 
0.352352 1.323214 0.916781 1.651186 1.000000 0.647648 
0.353353 1.324112 0.916296 1.655849 1.000000 0.646647 
0.354354 1.325009 0.915811 1.660518 1.000000 0.645646 
0.355355 1.325906 0.915327 1.665193 1.000000 0.644645 
0.356356 1.326802 0.914843 1.669875 1.000000 0.643644 
0.357357 1.327698 0.914360 1.674564 1.000000 0.642643 
0.358358 1.328593 0.913878 1.679260 1.000000 0.641642 
0.359359 1.329488 0.913396 1.683962 1.000000 0.640641 
0.360360 1.330382 0.912914 1.688670 1.000000 0.639640 
0.361361 1.331275 0.912433 1.693385 1.000000 0.638639 
0.362362 1.332168 0.911953 1.698107 1.000000 0.637638 
0.363363 1.333060 0.911473 1.702835 1.000000 0.636637 
0.364364 1.333951 0.910993 1.707570 1.000000 0.635636 
0.365365 1.334842 0.910514 1.712311 1.000000 0.634635 
0.366366 1.335732 0.910036 1.717059 1.000000 0.633634 
0.367367 1.336622 0.909558 1.721814 1.000000 0.632633 
0.368368 1.337510 0.909080 1.726575 1.000000 0.631632 
0.369369 1.338398 0.908603 1.731342 1.000000 0.630631 
0.370370 1.339286 0.908127 1.736117 1.000000 0.629630 
0.371371 1.340173 0.907651 1.740897 1.000000 0.628629 
0.372372 1.341059 0.907175 1.745685 1.000000 0.627628 
0.373373 1.341944 0.906700 1.750479 1.000000 0.626627 
0.374374 1.342829 0.906226 1.755279 1.000000 0.625626 
0.375375 1.343713 0.905752 1.760086 1.000000 0.624625 
0.376376 1.344597 0.905278 1.764900 1.000000 0.623624 
0.377377 1.345480 0.904805 1.769720 1.000000 0.622623 
0.378378 1.346362 0.904333 1.774547 1.000000 0.621622 
0.379379 1.347243 0.903861 1.779380 1.000000 0.620621 
0.380380 1.348123 0.903389 1.784220 1.000000 0.619620 
0.381381 1.349003 0.902918 1.789067 1.000000 0.618619 
0.382382 1.349883 0.902448 1.793920 1.000000 0.617618 
0.383383 1.350761 0.901978 1.798780 1.000000 0.616617 
0.384384 1.351639 0.901508 1.803646 1.000000 0.615616 
0.385385 1.352516 0.901039 1.808519 1.000000 0.614615 
0.386386 1.353392 0.900571 1.813398 1.000000 0.613614 
0.387387 1.354267 0.900103 1.818284 1.000000 0.612613 
0.388388 1.355142 0.899635 1.823177 1.000000 0.611612 
0.389389 1.356016 0.899168 1.828076 1.000000 0.610611 
0.390390 1.356889 0.898701 1.832982 1.000000 0.609610 
0.391391 1.357762 0.898235 1.837894 1.000000 0.608609 
0.392392 1.358633 0.897769 1.842813 1.000000 0.607608 
0.393393 1.359504 0.897304 1.847738 1.000000 0.606607 
0.394394 1.360374 0.896839 1.852670 1.000000 0.605606 
0.395395 1.361244 0.896375 1.857609 1.000000 0.604605 
0.396396 1.362112 0.895912 1.862554 1.000000 0.603604 
0.397397 1.362980 0.895448 1.867506 1.000000 0.602603 
0.398398 1.363847 0.894985 1.872464 1.000000 0.601602 
0.399399 1.364713 0.894523 1.877429 1.000000 0.600601 
0.400400 1.365578 0.894061 1.882400 1.000000 0.599600 
0.401401 1.366442 0.893600 1.887378 1.000000 0.598599 
0.402402 1.367306 0.893139 1.892363 1.000000 0.597598 
0.403403 1.368169 0.892679 1.897354 1.000000 0.596597 
0.404404 1.369031 0.892219 1.902352 1.000000 0.595596 
0.405405 1.369892 0.891759 1.907356 1.000000 0.594595 
0.406406 1.370752 0.891300 1.912367 1.000000 0.593594 
0.407407 1.371612 0.890842 1.917384 1.000000 0.592593 
0.408408 1.372470 0.890384 1.922408 1.000000 0.591592 
0.409409 1.373328 0.889926 1.927439 1.000000 0.590591 
0.410410 1.374185 0.889469 1.932476 1.000000 0.589590 
0.411411 1.375041 0.889013 1.937520 1.000000 0.588589 
0.412412 1.375896 0.888556 1.942570 1.000000 0.587588 
0.413413 1.376750 0.888101 1.947627 1.000000 0.586587 
0.414414 1.377603 0.887645 1.952691 1.000000 0.585586 
0.415415 1.378456 0.887191 1.957761 1.000000 0.584585 
0.416416 1.379307 0.886736 1.962837 1.000000 0.583584 
0.417417 1.380158 0.886283 1.967920 1.000000 0.582583 
0.418418 1.381008 0.885829 1.973010 1.000000 0.581582 
0.419419 1.381856 0.885376 1.978106 1.000000 0.580581 
0.420420 1.382704 0.884924 1.983209 1.000000 0.579580 
0.421421 1.383551 0.884472 1.988319 1.000000 0.578579 
0.422422 1.384397 0.884020 1.993435 1.000000 0.577578 
0.423423 1.385242 0.883569 1.998558 1.000000 0.576577 
0.424424 1.386086 0.883119 2.003687 1.000000 0.575576 
0.425425 1.386930 0.882669 2.008823 1.000000 0.574575 
0.426426 1.387772 0.882219 2.013965 1.000000 0.573574 
0.427427 1.388613 0.881770 2.019114 1.000000 0.572573 
0.428428 1.389453 0.881321 2.024269 1.000000 0.571572 
0.429429 1.390293 0.880873 2.029431 1.000000 0.570571 
0.430430 1.391131 0.880425 2.034600 1.000000 0.569570 
0.431431 1.391968 0.879978 2.039775 1.000000 0.568569 
0.432432 1.392805 0.879531 2.044957 1.000000 0.567568 
0.433433 1.393640 0.879084 2.050145 1.000000 0.566567 
0.434434 1.394475 0.878638 2.055340 1.000000 0.565566 
0.435435 1.395308 0.878193 2.060542 1.000000 0.564565 
0.436436 1.396141 0.877747 2.065750 1.000000 0.563564 
0.437437 1.396972 0.877303 2.070965 1.000000 0.562563 
0.438438 1.397802 0.876858 2.076186 1.000000 0.561562 
0.439439 1.398632 0.876415 2.081414 1.000000 0.560561 
0.440440 1.399460 0.875971 2.086648 1.000000 0.559560 
0.441441 1.400287 0.875529 2.091889 1.000000 0.558559 
0.442442 1.401114 0.875086 2.097136 1.000000 0.557558 
0.443443 1.401939 0.874644 2.102391 1.000000 0.556557 
0.444444 1.402763 0.874203 2.107651 1.000000 0.555556 
0.445445 1.403586 0.873761 2.112918 1.000000 0.554555 
0.446446 1.404408 0.873321 2.118192 1.000000 0.553554 
0.447447 1.405229 0.872881 2.123473 1.000000 0.552553 
0.448448 1.406049 0.872441 2.128760 1.000000 0.551552 
0.449449 1.406868 0.872002 2.134053 1.000000 0.550551 
0.450450 1.407686 0.871563 2.139353 1.000000 0.549550 
0.451451 1.408502 0.871124 2.144660 1.000000 0.548549 
0.452452 1.409318 0.870686 2.149973 1.000000 0.547548 
0.453453 1.410133 0.870249 2.155293 1.000000 0.546547 
0.454454 1.410946 0.869812 2.160619 1.000000 0.545546 
0.455455 1.411758 0.869375 2.165952 1.000000 0.544545 
0.456456 1.412569 0.868939 2.171292 1.000000 0.543544 
0.457457 1.413379 0.868503 2.176638 1.000000 0.542543 
0.458458 1.414188 0.868068 2.181991 1.000000 0.541542 
0.459459 1.414996 0.867633 2.187350 1.000000 0.540541 
0.460460 1.415803 0.867198 2.192716 1.000000 0.539540 
0.461461 1.416608 0.866764 2.198088 1.000000 0.538539 
0.462462 1.417413 0.866331 2.203467 1.000000 0.537538 
0.463463 1.418216 0.865897 2.208853 1.000000 0.536537 
0.464464 1.419018 0.865465 2.214245 1.000000 0.535536 
0.465465 1.419819 0.865032 2.219644 1.000000 0.534535 
0.466466 1.420619 0.864600 2.225049 1.000000 0.533534 
0.467467 1.421417 0.864169 2.230461 1.000000 0.532533 
0.468468 1.422214 0.863738 2.235879 1.000000 0.531532 
0.469469 1.423011 0.863307 2.241304 1.000000 0.530531 
0.470470 1.423806 0.862877 2.246736 1.000000 0.529530 
0.471471 1.424599 0.862447 2.252174 1.000000 0.528529 
0.472472 1.425392 0.862018 2.257619 1.000000 0.527528 
0.473473 1.426183 0.861589 2.263070 1.000000 0.526527 
0.474474 1.426974 0.861161 2.268528 1.000000 0.525526 
0.475475 1.427762 0.860733 2.273992 1.000000 0.524525 
0.476476 1.428550 0.860305 2.279463 1.000000 0.523524 
0.477477 1.429337 0.859878 2.284941 1.000000 0.522523 
0.478478 1.430122 0.859451 2.290425 1.000000 0.521522 
0.479479 1.430906 0.859025 2.295916 1.000000 0.520521 
0.480480 1.431689 0.858599 2.301413 1.000000 0.519520 
0.481481 1.432470 0.858173 2.306917 1.000000 0.518519 
0.482482 1.433251 0.857748 2.312428 1.000000 0.517518 
0.483483 1.434030 0.857324 2.317945 1.000000 0.516517 
0.484484 1.434807 0.856900 2.323468 1.000000 0.515516 
0.485485 1.435584 0.856476 2.328999 1.000000 0.514515 
0.486486 1.436359 0.856052 2.334535 1.000000 0.513514 
0.487487 1.437133 0.855629 2.340079 1.000000 0.512513 
0.488488 1.437905 0.855207 2.345628 1.000000 0.511512 
0.489489 1.438677 0.854785 2.351185 1.000000 0.510511 
0.490490 1.439447 0.854363 2.356748 1.000000 0.509510 
0.491491 1.440216 0.853942 2.362318 1.000000 0.508509 
0.492492 1.440983 0.853521 2.367894 1.000000 0.507508 
0.493493 1.441749 0.853100 2.373477 1.000000 0.506507 
0.494494 1.442514 0.852680 2.379066 1.000000 0.505506 
0.495495 1.443277 0.852261 2.384662 1.000000 0.504505 
0.496496 1.444039 0.851841 2.390264 1.000000 0.503504 
0.497497 1.444800 0.851423 2.395873 1.000000 0.502503 
0.498498 1.445559 0.851004 2.401489 1.000000 0.501502 
0.499499 1.446317 0.850586 2.407111 1.000000 0.500501 
0.500501 1.447074 0.850169 2.412740 1.000000 0.499499 
0.501502 1.447830 0.849751 2.418375 1.000000 0.498498 
0.502503 1.448584 0.849335 2.424017 1.000000 0.497497 
0.503504 1.449336 0.848918 2.429666 1.000000 0.496496 
0.504505 1.450087 0.848502 2.435321 1.000000 0.495495 
0.505506 1.450837 0.848087 2.440983 1.000000 0.494494 
0.506507 1.451586 0.847672 2.446651 1.000000 0.493493 
0.507508 1.452333 0.847257 2.452326 1.000000 0.492492 
0.508509 1.453078 0.846843 2.458007 1.000000 0.491491 
0.509510 1.453823 0.846429 2.463695 1.000000 0.490490 
0.510511 1.454565 0.846015 2.469389 1.000000 0.489489 
0.511512 1.455307 0.845602 2.475091 1.000000 0.488488 
0.512513 1.456047 0.845189 2.480798 1.000000 0.487487 
0.513514 1.456785 0.844777 2.486513 1.000000 0.486486 
0.514515 1.457523 0.844365 2.492233 1.000000 0.485485 
0.515516 1.458258 0.843954 2.497961 1.000000 0.484484 
0.516517 1.458993 0.843543 2.503695 1.000000 0.483483 
0.517518 1.459725 0.843132 2.509435 1.000000 0.482482 
0.518519 1.460457 0.842722 2.515182 1.000000 0.481481 
0.519520 1.461187 0.842312 2.520936 1.000000 0.480480 
0.520521 1.461915 0.841902 2.526696 1.000000 0.479479 
0.521522 1.462642 0.841493 2.532463 1.000000 0.478478 
0.522523 1.463367 0.841084 2.538236 1.000000 0.477477 
0.523524 1.464091 0.840676 2.544016 1.000000 0.476476 
0.524525 1.464814 0.840268 2.549803 1.000000 0.475475 
0.525526 1.465535 0.839861 2.555596 1.000000 0.474474 
0.526527 1.466254 0.839454 2.561396 1.000000 0.473473 
0.527528 1.466972 0.839047 2.567202 1.000000 0.472472 
0.528529 1.467689 0.838640 2.573015 1.000000 0.471471 
0.529530 1.468404 0.838235 2.578834 1.000000 0.470470 
0.530531 1.469117 0.837829 2.584660 1.000000 0.469469 
0.531532 1.469829 0.837424 2.590493 1.000000 0.468468 
0.532533 1.470540 0.837019 2.596332 1.000000 0.467467 
0.533534 1.471249 0.836615 2.602178 1.000000 0.466466 
0.534535 1.471956 0.836211 2.608030 1.000000 0.465465 
0.535536 1.472662 0.835807 2.613889 1.000000 0.464464 
0.536537 1.473366 0.835404 2.619754 1.000000 0.463463 
0.537538 1.474069 0.835001 2.625626 1.000000 0.462462 
0.538539 1.474770 0.834599 2.631505 1.000000 0.461461 
0.539540 1.475469 0.834197 2.637390 1.000000 0.460460 
0.540541 1.476167 0.833795 2.643282 1.000000 0.459459 
0.541542 1.476864 0.833394 2.649180 1.000000 0.458458 
0.542543 1.477558 0.832993 2.655085 1.000000 0.457457 
0.543544 1.478252 0.832592 2.660996 1.000000 0.456456 
0.544545 1.478943 0.832192 2.666914 1.000000 0.455455 
0.545546 1.479633 0.831793 2.672839 1.000000 0.454454 
0.546547 1.480322 0.831393 2.678770 1.000000 0.453453 
0.547548 1.481008 0.830994 2.684708 1.000000 0.452452 
0.548549 1.481694 0.830596 2.690652 1.000000 0.451451 
0.549550 1.482377 0.830197 2.696603 1.000000 0.450450 
0.550551 1.483059 0.829800 2.702561 1.000000 0.449449 
0.551552 1.483739 0.829402 2.708525 1.000000 0.448448 
0.552553 1.484418 0.829005 2.714495 1.000000 0.447447 
0.553554 1.485095 0.828609 2.720472 1.000000 0.446446 
0.554555 1.485770 0.828212 2.726456 1.000000 0.445445 
0.555556 1.486444 0.827816 2.732447 1.000000 0.444444 
0.556557 1.487116 0.827421 2.738443 1.000000 0.443443 
0.557558 1.487786 0.827026 2.744447 1.000000 0.442442 
0.558559 1.488455 0.826631 2.750457 1.000000 0.441441 
0.559560 1.489122 0.826236 2.756474 1.000000 0.440440 
0.560561 1.489787 0.825842 2.762497 1.000000 0.439439 
0.561562 1.490451 0.825449 2.768527 1.000000 0.438438 
0.562563 1.491113 0.825056 2.774563 1.000000 0.437437 
0.563564 1.491773 0.824663 2.780606 1.000000 0.436436 
0.564565 1.492432 0.824270 2.786655 1.000000 0.435435 
0.565566 1.493089 0.823878 2.792711 1.000000 0.434434 
0.566567 1.493744 0.823486 2.798774 1.000000 0.433433 
0.567568 1.494397 0.823095 2.804843 1.000000 0.432432 
0.568569 1.495049 0.822704 2.810919 1.000000 0.431431 
0.569570 1.495699 0.822313 2.817001 1.000000 0.430430 
0.570571 1.496347 0.821923 2.823090 1.000000 0.429429 
0.571572 1.496994 0.821533 2.829186 1.000000 0.428428 
0.572573 1.497638 0.821143 2.835288 1.000000 0.427427 
0.573574 1.498281 0.820754 2.841397 1.000000 0.426426 
0.574575 1.498923 0.820365 2.847512 1.000000 0.425425 
0.575576 1.499562 0.819977 2.853634 1.000000 0.424424 
0.576577 1.500200 0.819589 2.859762 1.000000 0.423423 
0.577578 1.500836 0.819201 2.865897 1.000000 0.422422 
0.578579 1.501470 0.818814 2.872038 1.000000 0.421421 
0.579580 1.502102 0.818427 2.878186 1.000000 0.420420 
0.580581 1.502733 0.818040 2.884341 1.000000 0.419419 
0.581582 1.503361 0.817654 2.890502 1.000000 0.418418 
0.582583 1.503988 0.817268 2.896670 1.000000 0.417417 
0.583584 1.504614 0.816883 2.902845 1.000000 0.416416 
0.584585 1.505237 0.816497 2.909026 1.000000 0.415415 
0.585586 1.505859 0.816113 2.915213 1.000000 0.414414 
0.586587 1.506478 0.815728 2.921407 1.000000 0.413413 
0.587588 1.507096 0.815344 2.927608 1.000000 0.412412 
0.588589 1.507712 0.814960 2.933815 1.000000 0.411411 
0.589590 1.508327 0.814577 2.940029 1.000000 0.410410 
0.590591 1.508939 0.814194 2.946249 1.000000 0.409409 
0.591592 1.509550 0.813811 2.952476 1.000000 0.408408 
0.592593 1.510158 0.813429 2.958710 1.000000 0.407407 
0.593594 1.510765 0.813047 2.964950 1.000000 0.406406 
0.594595 1.511370 0.812666 2.971197 1.000000 0.405405 
0.595596 1.511973 0.812285 2.977450 1.000000 0.404404 
0.596597 1.512575 0.811904 2.983710 1.000000 0.403403 
0.597598 1.513174 0.811523 2.989976 1.000000 0.402402 
0.598599 1.513772 0.811143 2.996249 1.000000 0.401401 
0.599600 1.514367 0.810763 3.002529 1.000000 0.400400 
0.600601 1.514961 0.810384 3.008815 1.000000 0.399399 
0.601602 1.515553 0.810005 3.015108 1.000000 0.398398 
0.602603 1.516143 0.809626 3.021407 1.000000 0.397397 
0.603604 1.516731 0.809248 3.027713 1.000000 0.396396 
0.604605 1.517317 0.808870 3.034025 1.000000 0.395395 
0.605606 1.517901 0.808492 3.040344 1.000000 0.394394 
0.606607 1.518484 0.808115 3.046670 1.000000 0.393393 
0.607608 1.519064 0.807738 3.053002 1.000000 0.392392 
0.608609 1.519642 0.807361 3.059341 1.000000 0.391391 
0.609610 1.520219 0.806985 3.065686 1.000000 0.390390 
0.610611 1.520794 0.806609 3.072038 1.000000 0.389389 
0.611612 1.521366 0.806234 3.078396 1.000000 0.388388 
0.612613 1.521937 0.805859 3.084761 1.000000 0.387387 
0.613614 1.522506 0.805484 3.091133 1.000000 0.386386 
0.614615 1.523072 0.805109 3.097511 1.000000 0.385385 
0.615616 1.523637 0.804735 3.103896 1.000000 0.384384 
0.616617 1.524200 0.804361 3.110287 1.000000 0.383383 
0.617618 1.524761 0.803988 3.116685 1.000000 0.382382 
0.618619 1.525320 0.803615 3.123089 1.000000 0.381381 
0.619620 1.525877 0.803242 3.129500 1.000000 0.380380 
0.620621 1.526432 0.802870 3.135918 1.000000 0.379379 
0.621622 1.526985 0.802498 3.142342 1.000000 0.378378 
0.622623 1.527536 0.802126 3.148773 1.000000 0.377377 
0.623624 1.528085 0.801755 3.155210 1.000000 0.376376 
0.624625 1.528632 0.801383 3.161654 1.000000 0.375375 
0.625626 1.529177 0.801013 3.168105 1.000000 0.374374 
0.626627 1.529719 0.800642 3.174562 1.000000 0.373373 
0.627628 1.530260 0.800272 3.181025 1.000000 0.372372 
0.628629 1.530799 0.799903 3.187496 1.000000 0.371371 
0.629630 1.531336 0.799534 3.193972 1.000000 0.370370 
0.630631 1.531871 0.799165 3.200456 1.000000 0.369369 
0.631632 1.532404 0.798796 3.206946 1.000000 0.368368 
0.632633 1.532934 0.798428 3.213442 1.000000 0.367367 
0.633634 1.533463 0.798060 3.219945 1.000000 0.366366 
0.634635 1.533990 0.797692 3.226455 1.000000 0.365365 
0.635636 1.534514 0.797325 3.232971 1.000000 0.364364 
0.636637 1.535037 0.796958 3.239494 1.000000 0.363363 
0.637638 1.535557 0.796591 3.246023 1.000000 0.362362 
0.638639 1.536076 0.796225 3.252559 1.000000 0.361361 
0.639640 1.536592 0.795859 3.259102 1.000000 0.360360 
0.640641 1.537106 0.795493 3.265651 1.000000 0.359359 
0.641642 1.537618 0.795128 3.272206 1.000000 0.358358 
0.642643 1.538128 0.794763 3.278768 1.000000 0.357357 
0.643644 1.538636 0.794399 3.285337 1.000000 0.356356 
0.644645 1.539142 0.794034 3.291913 1.000000 0.355355 
0.645646 1.539646 0.793671 3.298495 1.000000 0.354354 
0.646647 1.540147 0.793307 3.305083 1.000000 0.353353 
0.647648 1.540647 0.792944 3.311678 1.000000 0.352352 
0.648649 1.541144 0.792581 3.318280 1.000000 0.351351 
0.649650 1.541640 0.792218 3.324888 1.000000 0.350350 
0.650651 1.542133 0.791856 3.331503 1.000000 0.349349 
0.651652 1.542624 0.791494 3.338124 1.000000 0.348348 
0.652653 1.543113 0.791132 3.344752 1.000000 0.347347 
0.653654 1.543599 0.790771 3.351387 1.000000 0.346346 
0.654655 1.544084 0.790410 3.358028 1.000000 0.345345 
0.655656 1.544566 0.790050 3.364676 1.000000 0.344344 
0.656657 1.545047 0.789689 3.371330 1.000000 0.343343 
0.657658 1.545525 0.789329 3.377991 1.000000 0.342342 
0.658659 1.546001 0.788970 3.384658 1.000000 0.341341 
0.659660 1.546475 0.788611 3.391332 1.000000 0.340340 
0.660661 1.546946 0.788252 3.398013 1.000000 0.339339 
0.661662 1.547416 0.787893 3.404700 1.000000 0.338338 
0.662663 1.547883 0.787535 3.411393 1.000000 0.337337 
0.663664 1.548348 0.787177 3.418094 1.000000 0.336336 
0.664665 1.548811 0.786819 3.424800 1.000000 0.335335 
0.665666 1.549272 0.786462 3.431514 1.000000 0.334334 
0.666667 1.549731 0.786105 3.438234 1.000000 0.333333 
0.667668 1.550187 0.785748 3.444960 1.000000 0.332332 
0.668669 1.550641 0.785392 3.451694 1.000000 0.331331 
0.669670 1.551093 0.785036 3.458433 1.000000 0.330330 
0.670671 1.551543 0.784680 3.465180 1.000000 0.329329 
0.671672 1.551990 0.784324 3.471932 1.000000 0.328328 
0.672673 1.552436 0.783969 3.478692 1.000000 0.327327 
0.673674 1.552879 0.783615 3.485458 1.000000 0.326326 
0.674675 1.553320 0.783260 3.492230 1.000000 0.325325 
0.675676 1.553758 0.782906 3.499010 1.000000 0.324324 
0.676677 1.554195 0.782552 3.505795 1.000000 0.323323 
0.677678 1.554629 0.782199 3.512588 1.000000 0.322322 
0.678679 1.555061 0.781846 3.519386 1.000000 0.321321 
0.679680 1.555491 0.781493 3.526192 1.000000 0.320320 
0.680681 1.555918 0.781140 3.533004 1.000000 0.319319 
0.681682 1.556343 0.780788 3.539822 1.000000 0.318318 
0.682683 1.556766 0.780436 3.546648 1.000000 0.317317 
0.683684 1.557187 0.780085 3.553479 1.000000 0.316316 
0.684685 1.557605 0.779733 3.560318 1.000000 0.315315 
0.685686 1.558021 0.779383 3.567163 1.000000 0.314314 
0.686687 1.558435 0.779032 3.574014 1.000000 0.313313 
0.687688 1.558847 0.778682 3.580872 1.000000 0.312312 
0.688689 1.559256 0.778332 3.587737 1.000000 0.311311 
0.689690 1.559663 0.777982 3.594608 1.000000 0.310310 
0.690691 1.560068 0.777633 3.601486 1.000000 0.309309 
0.691692 1.560470 0.777284 3.608370 1.000000 0.308308 
0.692693 1.560870 0.776935 3.615261 1.000000 0.307307 
0.693694 1.561268 0.776586 3.622158 1.000000 0.306306 
0.694695 1.561664 0.776238 3.629062 1.000000 0.305305 
0.695696 1.562057 0.775891 3.635973 1.000000 0.304304 
0.696697 1.562448 0.775543 3.642890 1.000000 0.303303 
0.697698 1.562837 0.775196 3.649814 1.000000 0.302302 
0.698699 1.563223 0.774849 3.656744 1.000000 0.301301 
0.699700 1.563607 0.774503 3.663681 1.000000 0.300300 
0.700701 1.563988 0.774156 3.670625 1.000000 0.299299 
0.701702 1.564368 0.773810 3.677575 1.000000 0.298298 
0.702703 1.564745 0.773465 3.684531 1.000000 0.297297 
0.703704 1.565119 0.773119 3.691495 1.000000 0.296296 
0.704705 1.565492 0.772774 3.698464 1.000000 0.295295 
0.705706 1.565862 0.772430 3.705441 1.000000 0.294294 
0.706707 1.566229 0.772085 3.712424 1.000000 0.293293 
0.707708 1.566595 0.771741 3.719413 1.000000 0.292292 
0.708709 1.566958 0.771398 3.726409 1.000000 0.291291 
0.709710 1.567318 0.771054 3.733412 1.000000 0.290290 
0.710711 1.567676 0.770711 3.740421 1.000000 0.289289 
0.711712 1.568032 0.770368 3.747437 1.000000 0.288288 
0.712713 1.568386 0.770025 3.754459 1.000000 0.287287 
0.713714 1.568737 0.769683 3.761488 1.000000 0.286286 
0.714715 1.569085 0.769341 3.768524 1.000000 0.285285 
0.715716 1.569432 0.769000 3.775566 1.000000 0.284284 
0.716717 1.569776 0.768658 3.782614 1.000000 0.283283 
0.717718 1.570117 0.768317 3.789670 1.000000 0.282282 
0.718719 1.570457 0.767977 3.796731 1.000000 0.281281 
0.719720 1.570793 0.767636 3.803800 1.000000 0.280280 
0.720721 1.571128 0.767296 3.810875 1.000000 0.279279 
0.721722 1.571460 0.766956 3.817956 1.000000 0.278278 
0.722723 1.571790 0.766617 3.825044 1.000000 0.277277 
0.723724 1.572117 0.766277 3.832139 1.000000 0.276276 
0.724725 1.572442 0.765939 3.839240 1.000000 0.275275 
0.725726 1.572764 0.765600 3.846348 1.000000 0.274274 
0.726727 1.573084 0.765262 3.853463 1.000000 0.273273 
0.727728 1.573402 0.764924 3.860584 1.000000 0.272272 
0.728729 1.573717 0.764586 3.867711 1.000000 0.271271 
0.729730 1.574030 0.764248 3.874845 1.000000 0.270270 
0.730731 1.574340 0.763911 3.881986 1.000000 0.269269 
0.731732 1.574648 0.763574 3.889133 1.000000 0.268268 
0.732733 1.574953 0.763238 3.896287 1.000000 0.267267 
0.733734 1.575256 0.762902 3.903447 1.000000 0.266266 
0.734735 1.575557 0.762566 3.910614 1.000000 0.265265 
0.735736 1.575855 0.762230 3.917788 1.000000 0.264264 
0.736737 1.576151 0.761895 3.924968 1.000000 0.263263 
0.737738 1.576444 0.761560 3.932155 1.000000 0.262262 
0.738739 1.576735 0.761225 3.939348 1.000000 0.261261 
0.739740 1.577024 0.760890 3.946548 1.000000 0.260260 
0.740741 1.577310 0.760556 3.953754 1.000000 0.259259 
0.741742 1.577593 0.760222 3.960967 1.000000 0.258258 
0.742743 1.577874 0.759889 3.968187 1.000000 0.257257 
0.743744 1.578153 0.759555 3.975413 1.000000 0.256256 
0.744745 1.578429 0.759222 3.982646 1.000000 0.255255 
0.745746 1.578703 0.758890 3.989885 1.000000 0.254254 
0.746747 1.578974 0.758557 3.997131 1.000000 0.253253 
0.747748 1.579243 0.758225 4.004383 1.000000 0.252252 
0.748749 1.579509 0.757893 4.011642 1.000000 0.251251 
0.749750 1.579773 0.757562 4.018908 1.000000 0.250250 
0.750751 1.580034 0.757231 4.026180 1.000000 0.249249 
0.751752 1.580293 0.756900 4.033459 1.000000 0.248248 
0.752753 1.580549 0.756569 4.040744 1.000000 0.247247 
0.753754 1.580803 0.756239 4.048036 1.000000 0.246246 
0.754755 1.581054 0.755908 4.055334 1.000000 0.245245 
0.755756 1.581303 0.755579 4.062639 1.000000 0.244244 
0.756757 1.581550 0.755249 4.069951 1.000000 0.243243 
0.757758 1.581794 0.754920 4.077269 1.000000 0.242242 
0.758759 1.582035 0.754591 4.084594 1.000000 0.241241 
0.759760 1.582274 0.754262 4.091925 1.000000 0.240240 
0.760761 1.582510 0.753934 4.099263 1.000000 0.239239 
0.761762 1.582744 0.753606 4.106608 1.000000 0.238238 
0.762763 1.582976 0.753278 4.113959 1.000000 0.237237 
0.763764 1.583205 0.752950 4.121316 1.000000 0.236236 
0.764765 1.583431 0.752623 4.128681 1.000000 0.235235 
0.765766 1.583655 0.752296 4.136051 1.000000 0.234234 
0.766767 1.583876 0.751970 4.143429 1.000000 0.233233 
0.767768 1.584095 0.751643 4.150813 1.000000 0.232232 
0.768769 1.584311 0.751317 4.158203 1.000000 0.231231 
0.769770 1.584525 0.750991 4.165600 1.000000 0.230230 
0.770771 1.584736 0.750666 4.173004 1.000000 0.229229 
0.771772 1.584945 0.750340 4.180414 1.000000 0.228228 
0.772773 1.585151 0.750015 4.187831 1.000000 0.227227 
0.773774 1.585355 0.749691 4.195254 1.000000 0.226226 
0.774775 1.585556 0.749366 4.202684 1.000000 0.225225 
0.775776 1.585755 0.749042 4.210120 1.000000 0.224224 
0.776777 1.585951 0.748718 4.217564 1.000000 0.223223 
0.777778 1.586145 0.748395 4.225013 1.000000 0.222222 
0.778779 1.586336 0.748072 4.232469 1.000000 0.221221 
0.779780 1.586524 0.747749 4.239932 1.000000 0.220220 
0.780781 1.586710 0.747426 4.247402 1.000000 0.219219 
0.781782 1.586893 0.747103 4.254877 1.000000 0.218218 
0.782783 1.587074 0.746781 4.262360 1.000000 0.217217 
0.783784 1.587253 0.746459 4.269849 1.000000 0.216216 
0.784785 1.587428 0.746138 4.277345 1.000000 0.215215 
0.785786 1.587602 0.745816 4.284847 1.000000 0.214214 
0.786787 1.587772 0.745495 4.292356 1.000000 0.213213 
0.787788 1.587940 0.745174 4.299871 1.000000 0.212212 
0.788789 1.588106 0.744854 4.307393 1.000000 0.211211 
0.789790 1.588269 0.744534 4.314922 1.000000 0.210210 
0.790791 1.588429 0.744214 4.322457 1.000000 0.209209 
0.791792 1.588587 0.743894 4.329998 1.000000 0.208208 
0.792793 1.588742 0.743575 4.337547 1.000000 0.207207 
0.793794 1.588895 0.743255 4.345101 1.000000 0.206206 
0.794795 1.589045 0.742937 4.352663 1.000000 0.205205 
0.795796 1.589193 0.742618 4.360231 1.000000 0.204204 
0.796797 1.589338 0.742300 4.367805 1.000000 0.203203 
0.797798 1.589481 0.741982 4.375386 1.000000 0.202202 
0.798799 1.589620 0.741664 4.382974 1.000000 0.201201 
0.799800 1.589758 0.741346 4.390568 1.000000 0.200200 
0.800801 1.589893 0.741029 4.398169 1.000000 0.199199 
0.801802 1.590025 0.740712 4.405777 1.000000 0.198198 
0.802803 1.590154 0.740395 4.413391 1.000000 0.197197 
0.803804 1.590281 0.740079 4.421011 1.000000 0.196196 
0.804805 1.590406 0.739763 4.428638 1.000000 0.195195 
0.805806 1.590528 0.739447 4.436272 1.000000 0.194194 
0.806807 1.590647 0.739131 4.443912 1.000000 0.193193 
0.807808 1.590764 0.738816 4.451559 1.000000 0.192192 
0.808809 1.590878 0.738501 4.459213 1.000000 0.191191 
0.809810 1.590989 0.738186 4.466873 1.000000 0.190190 
0.810811 1.591098 0.737872 4.474539 1.000000 0.189189 
0.811812 1.591205 0.737557 4.482212 1.000000 0.188188 
0.812813 1.591308 0.737243 4.489892 1.000000 0.187187 
0.813814 1.591410 0.736930 4.497578 1.000000 0.186186 
0.814815 1.591508 0.736616 4.505271 1.000000 0.185185 
0.815816 1.591604 0.736303 4.512971 1.000000 0.184184 
0.816817 1.591698 0.735990 4.520677 1.000000 0.183183 
0.817818 1.591789 0.735677 4.528389 1.000000 0.182182 
0.818819 1.591877 0.735365 4.536108 1.000000 0.181181 
0.819820 1.591962 0.735053 4.543834 1.000000 0.180180 
0.820821 1.592046 0.734741 4.551566 1.000000 0.179179 
0.821822 1.592126 0.734429 4.559305 1.000000 0.178178 
0.822823 1.592204 0.734118 4.567051 1.000000 0.177177 
0.823824 1.592279 0.733807 4.574803 1.000000 0.176176 
0.824825 1.592352 0.733496 4.582561 1.000000 0.175175 
0.825826 1.592422 0.733186 4.590327 1.000000 0.174174 
0.826827 1.592489 0.732875 4.598098 1.000000 0.173173 
0.827828 1.592554 0.732565 4.605877 1.000000 0.172172 
0.828829 1.592616 0.732256 4.613661 1.000000 0.171171 
0.829830 1.592676 0.731946 4.621453 1.000000 0.170170 
0.830831 1.592733 0.731637 4.629251 1.000000 0.169169 
0.831832 1.592788 0.731328 4.637056 1.000000 0.168168 
0.832833 1.592839 0.731019 4.644867 1.000000 0.167167 
0.833834 1.592889 0.730711 4.652685 1.000000 0.166166 
0.834835 1.592935 0.730402 4.660509 1.000000 0.165165 
0.835836 1.592979 0.730095 4.668340 1.000000 0.164164 
0.836837 1.593021 0.729787 4.676177 1.000000 0.163163 
0.837838 1.593060 0.729479 4.684021 1.000000 0.162162 
0.838839 1.593096 0.729172 4.691872 1.000000 0.161161 
0.839840 1.593129 0.728865 4.699729 1.000000 0.160160 
0.840841 1.593160 0.728559 4.707593 1.000000 0.159159 
0.841842 1.593189 0.728252 4.715463 1.000000 0.158158 
0.842843 1.593215 0.727946 4.723340 1.000000 0.157157 
0.843844 1.593238 0.727640 4.731224 1.000000 0.156156 
0.844845 1.593258 0.727335 4.739114 1.000000 0.155155 
0.845846 1.593276 0.727029 4.747010 1.000000 0.154154 
0.846847 1.593292 0.726724 4.754914 1.000000 0.153153 
0.847848 1.593305 0.726419 4.762823 1.000000 0.152152 
0.848849 1.593315 0.726115 4.770740 1.000000 0.151151 
0.849850 1.593322 0.725811 4.778663 1.000000 0.150150 
0.850851 1.593327 0.725506 4.786592 1.000000 0.149149 
0.851852 1.593330 0.725203 4.794528 1.000000 0.148148 
0.852853 1.593329 0.724899 4.802471 1.000000 0.147147 
0.853854 1.593326 0.724596 4.810420 1.000000 0.146146 
0.854855 1.593321 0.724293 4.818376 1.000000 0.145145 
0.855856 1.593313 0.723990 4.826338 1.000000 0.144144 
0.856857 1.593302 0.723687 4.834307 1.000000 0.143143 
0.857858 1.593289 0.723385 4.842283 1.000000 0.142142 
0.858859 1.593273 0.723083 4.850265 1.000000 0.141141 
0.859860 1.593254 0.722781 4.858254 1.000000 0.140140 
0.860861 1.593233 0.722480 4.866249 1.000000 0.139139 
0.861862 1.593209 0.722178 4.874251 1.000000 0.138138 
0.862863 1.593183 0.721877 4.882259 1.000000 0.137137 
0.863864 1.593154 0.721576 4.890274 1.000000 0.136136 
0.864865 1.593122 0.721276 4.898296 1.000000 0.135135 
0.865866 1.593088 0.720976 4.906324 1.000000 0.134134 
0.866867 1.593052 0.720676 4.914358 1.000000 0.133133 
0.867868 1.593012 0.720376 4.922400 1.000000 0.132132 
0.868869 1.592970 0.720076 4.930447 1.000000 0.131131 
0.869870 1.592926 0.719777 4.938502 1.000000 0.130130 
0.870871 1.592878 0.719478 4.946563 1.000000 0.129129 
0.871872 1.592828 0.719179 4.954630 1.000000 0.128128 
0.872873 1.592776 0.718881 4.962704 1.000000 0.127127 
0.873874 1.592721 0.718582 4.970785 1.000000 0.126126 
0.874875 1.592663 0.718284 4.978872 1.000000 0.125125 
0.875876 1.592603 0.717986 4.986966 1.000000 0.124124 
0.876877 1.592540 0.717689 4.995067 1.000000 0.123123 
0.877878 1.592475 0.717392 5.003174 1.000000 0.122122 
0.878879 1.592407 0.717095 5.011287 1.000000 0.121121 
0.879880 1.592336 0.716798 5.019407 1.000000 0.120120 
0.880881 1.592263 0.716501 5.027534 1.000000 0.119119 
0.881882 1.592187 0.716205 5.035667 1.000000 0.118118 
0.882883 1.592109 0.715909 5.043807 1.000000 0.117117 
0.883884 1.592028 0.715613 5.051954 1.000000 0.116116 
0.884885 1.591944 0.715317 5.060107 1.000000 0.115115 
0.885886 1.591858 0.715022 5.068266 1.000000 0.114114 
0.886887 1.591769 0.714727 5.076432 1.000000 0.113113 
0.887888 1.591678 0.714432 5.084605 1.000000 0.112112 
0.888889 1.591584 0.714137 5.092784 1.000000 0.111111 
0.889890 1.591487 0.713843 5.100970 1.000000 0.110110 
0.890891 1.591388 0.713549 5.109163 1.000000 0.109109 
0.891892 1.591286 0.713255 5.117362 1.000000 0.108108 
0.892893 1.591182 0.712961 5.125567 1.000000 0.107107 
0.893894 1.591075 0.712668 5.133780 1.000000 0.106106 
0.894895 1.590966 0.712375 5.141998 1.000000 0.105105 
0.895896 1.590854 0.712082 5.150224 1.000000 0.104104 
0.896897 1.590739 0.711789 5.158456 1.000000 0.103103 
0.897898 1.590622 0.711497 5.166694 1.000000 0.102102 
0.898899 1.590502 0.711204 5.174939 1.000000 0.101101 
0.899900 1.590379 0.710912 5.183191 1.000000 0.100100 
0.900901 1.590254 0.710621 5.191449 1.000000 0.099099 
0.901902 1.590127 0.710329 5.199714 1.000000 0.098098 
0.902903 1.589997 0.710038 5.207985 1.000000 0.097097 
0.903904 1.589864 0.709747 5.216263 1.000000 0.096096 
0.904905 1.589728 0.709456 5.224547 1.000000 0.095095 
0.905906 1.589591 0.709166 5.232838 1.000000 0.094094 
0.906907 1.589450 0.708875 5.241136 1.000000 0.093093 
0.907908 1.589307 0.708585 5.249440 1.000000 0.092092 
0.908909 1.589162 0.708296 5.257751 1.000000 0.091091 
0.909910 1.589013 0.708006 5.266068 1.000000 0.090090 
0.910911 1.588863 0.707717 5.274392 1.000000 0.089089 
0.911912 1.588709 0.707427 5.282723 1.000000 0.088088 
0.912913 1.588553 0.707139 5.291060 1.000000 0.087087 
0.913914 1.588395 0.706850 5.299403 1.000000 0.086086 
0.914915 1.588234 0.706562 5.307754 1.000000 0.085085 
0.915916 1.588071 0.706273 5.316110 1.000000 0.084084 
0.916917 1.587904 0.705985 5.324474 1.000000 0.083083 
0.917918 1.587736 0.705698 5.332844 1.000000 0.082082 
0.918919 1.587565 0.705410 5.341220 1.000000 0.081081 
0.919920 1.587391 0.705123 5.349603 1.000000 0.080080 
0.920921 1.587214 0.704836 5.357993 1.000000 0.079079 
0.921922 1.587036 0.704549 5.366389 1.000000 0.078078 
0.922923 1.586854 0.704263 5.374792 1.000000 0.077077 
0.923924 1.586670 0.703977 5.383201 1.000000 0.076076 
0.924925 1.586484 0.703690 5.391617 1.000000 0.075075 
0.925926 1.586295 0.703405 5.400040 1.000000 0.074074 
0.926927 1.586103 0.703119 5.408469 1.000000 0.073073 
0.927928 1.585909 0.702834 5.416905 1.000000 0.072072 
0.928929 1.585712 0.702549 5.425347 1.000000 0.071071 
0.929930 1.585513 0.702264 5.433796 1.000000 0.070070 
0.930931 1.585312 0.701979 5.442251 1.000000 0.069069 
0.931932 1.585107 0.701695 5.450713 1.000000 0.068068 
0.932933 1.584900 0.701410 5.459182 1.000000 0.067067 
0.933934 1.584691 0.701126 5.467657 1.000000 0.066066 
0.934935 1.584479 0.700843 5.476138 1.000000 0.065065 
0.935936 1.584265 0.700559 5.484627 1.000000 0.064064 
0.936937 1.584048 0.700276 5.493121 1.000000 0.063063 
0.937938 1.583829 0.699993 5.501623 1.000000 0.062062 
0.938939 1.583607 0.699710 5.510131 1.000000 0.061061 
0.939940 1.583382 0.699427 5.518645 1.000000 0.060060 
0.940941 1.583156 0.699145 5.527166 1.000000 0.059059 
0.941942 1.582926 0.698863 5.535694 1.000000 0.058058 
0.942943 1.582694 0.698581 5.544228 1.000000 0.057057 
0.943944 1.582460 0.698299 5.552769 1.000000 0.056056 
0.944945 1.582223 0.698018 5.561317 1.000000 0.055055 
0.945946 1.581983 0.697736 5.569871 1.000000 0.054054 
0.946947 1.581741 0.697455 5.578431 1.000000 0.053053 
0.947948 1.581497 0.697175 5.586998 1.000000 0.052052 
0.948949 1.581250 0.696894 5.595572 1.000000 0.051051 
0.949950 1.581001 0.696614 5.604152 1.000000 0.050050 
0.950951 1.580749 0.696334 5.612739 1.000000 0.049049 
0.951952 1.580494 0.696054 5.621333 1.000000 0.048048 
0.952953 1.580237 0.695774 5.629933 1.000000 0.047047 
0.953954 1.579978 0.695495 5.638539 1.000000 0.046046 
0.954955 1.579716 0.695215 5.647152 1.000000 0.045045 
0.955956 1.579452 0.694936 5.655772 1.000000 0.044044 
0.956957 1.579185 0.694658 5.664398 1.000000 0.043043 
0.957958 1.578916 0.694379 5.673031 1.000000 0.042042 
0.958959 1.578644 0.694101 5.681671 1.000000 0.041041 
0.959960 1.578370 0.693823 5.690317 1.000000 0.040040 
0.960961 1.578093 0.693545 5.698969 1.000000 0.039039 
0.961962 1.577814 0.693267 5.707628 1.000000 0.038038 
0.962963 1.577532 0.692990 5.716294 1.000000 0.037037 
0.963964 1.577248 0.692713 5.724967 1.000000 0.036036 
0.964965 1.576962 0.692436 5.733645 1.000000 0.035035 
0.965966 1.576673 0.692159 5.742331 1.000000 0.034034 
0.966967 1.576382 0.691882 5.751023 1.000000 0.033033 
0.967968 1.576088 0.691606 5.759722 1.000000 0.032032 
0.968969 1.575791 0.691330 5.768427 1.000000 0.031031 
0.969970 1.575493 0.691054 5.777138 1.000000 0.030030 
0.970971 1.575192 0.690778 5.785857 1.000000 0.029029 
0.971972 1.574888 0.690503 5.794582 1.000000 0.028028 
0.972973 1.574582 0.690228 5.803313 1.000000 0.027027 
0.973974 1.574274 0.689953 5.812051 1.000000 0.026026 
0.974975 1.573963 0.689678 5.820796 1.000000 0.025025 
0.975976 1.573649 0.689403 5.829547 1.000000 0.024024 
0.976977 1.573334 0.689129 5.838305 1.000000 0.023023 
0.977978 1.573016 0.688855 5.847069 1.000000 0.022022 
0.978979 1.572695 0.688581 5.855840 1.000000 0.021021 
0.979980 1.572372 0.688307 5.864618 1.000000 0.020020 
0.980981 1.572047 0.688034 5.873402 1.000000 0.019019 
0.981982 1.571719 0.687761 5.882192 1.000000 0.018018 
0.982983 1.571389 0.687487 5.890989 1.000000 0.017017 
0.983984 1.571056 0.687215 5.899793 1.000000 0.016016 
0.984985 1.570721 0.686942 5.908604 1.000000 0.015015 
0.985986 1.570384 0.686670 5.917421 1.000000 0.014014 
0.986987 1.570044 0.686397 5.926244 1.000000 0.013013 
0.987988 1.569702 0.686126 5.935074 1.000000 0.012012 
0.988989 1.569358 0.685854 5.943911 1.000000 0.011011 
0.989990 1.569011 0.685582 5.952754 1.000000 0.010010 
0.990991 1.568661 0.685311 5.961604 1.000000 0.009009 
0.991992 1.568310 0.685040 5.970460 1.000000 0.008008 
0.992993 1.567956 0.684769 5.979323 1.000000 0.007007 
0.993994 1.567600 0.684498 5.988193 1.000000 0.006006 
0.994995 1.567241 0.684228 5.997069 1.000000 0.005005 
0.995996 1.566880 0.683958 6.005951 1.000000 0.004004 
0.996997 1.566516 0.683688 6.014841 1.000000 0.003003 
0.997998 1.566151 0.683418 6.023736 1.000000 0.002002 
0.998999 1.565782 0.683148 6.032639 1.000000 0.001001 
1.000000 1.565412 0.682879 6.041548 1.000000 0.000000 
