1.013E+001          1.984E+000
1.039E+001          2.008E+000
1.076E+001          2.008E+000
1.111E+001          2.000E+000
1.145E+001          1.957E+000
1.174E+001          1.901E+000
1.196E+001          1.830E+000
1.215E+001          1.751E+000
1.231E+001          1.664E+000
1.243E+001          1.573E+000
1.255E+001          1.474E+000
1.262E+001          1.383E+000
1.271E+001          1.289E+000
1.274E+001          1.190E+000
1.280E+001          1.087E+000
1.283E+001          1.000E+000
1.286E+001          9.051E-001
1.289E+001          8.103E-001
1.292E+001          7.075E-001
1.298E+001          6.166E-001
1.309E+001          5.178E-001
1.327E+001          4.387E-001
1.353E+001          3.715E-001
1.384E+001          3.202E-001
1.418E+001          2.885E-001
1.453E+001          2.648E-001
1.488E+001          2.451E-001
1.524E+001          2.332E-001
1.562E+001          2.174E-001
1.594E+001          2.055E-001
1.629E+001          1.976E-001
1.668E+001          1.897E-001