0.250006 0.677129
0.299887 0.686754
0.349769 0.697964
0.399650 0.710793
0.449531 0.725295
0.499412 0.741540
0.549293 0.759614
0.599174 0.779613
0.649055 0.801641
0.698936 0.825809
0.748817 0.852232
0.798698 0.881013
0.848579 0.912233
0.898460 0.945993
0.948341 0.982373
0.998223 1.021436
1.048104 1.063437
1.097985 1.109072
1.147866 1.158658
1.197747 1.212491
1.247628 1.270861
1.297509 1.334039
1.347390 1.402263
1.397271 1.475723
1.447152 1.554543
1.497033 1.638766
1.546914 1.728344
1.596795 1.823129
1.646677 1.922871
1.696558 2.027223
1.746439 2.135756
1.796320 2.247971
1.846201 2.363324
1.896082 2.481242
1.945963 2.601150
1.995844 2.722481
2.045725 2.844698
2.095606 2.967299
2.145487 3.091363
2.195368 3.219840
2.245250 3.353085
2.295131 3.491405
2.345012 3.635135
2.394893 3.784626
2.444774 3.940241
2.494655 4.102340
2.544536 4.271266
2.594417 4.447321
2.644298 4.630741
2.694179 4.821670
2.744060 5.020128
2.793941 5.225985
2.843822 5.438938
2.893704 5.658500
2.943585 5.884006
2.993466 6.114629
3.043347 6.349415
3.093228 6.587326
3.143109 6.827288
3.192990 7.068241
3.242871 7.309173
3.292752 7.549159
3.342633 7.787375
3.392514 8.023107
3.442395 8.255758
3.492276 8.484839
3.542158 8.709962
3.592039 8.930828
3.641920 9.147218
3.691801 9.358978
3.741682 9.566011
3.791563 9.768265
3.841444 9.965728
3.891325 10.158416
3.941206 10.346371
3.991087 10.529653
4.040968 10.708018
4.090849 10.875743
4.140730 11.023724
4.190612 11.146110
4.240493 11.240402
4.290374 11.306397
4.340255 11.345267
4.390136 11.358948
4.440017 11.349770
4.489898 11.320229
4.539779 11.272839
4.589660 11.210041
4.639541 11.134144
4.689422 11.047289
4.739303 10.951429
4.789185 10.848322
4.839066 10.739532
4.888947 10.626437
4.938828 10.510238
4.988709 10.391971
5.038590 10.272526
5.088471 10.152657
5.138352 10.033000
5.188233 9.914084
5.238114 9.796347
5.287995 9.680144
5.337876 9.565765
5.387757 9.453434
5.437639 9.343329
5.487520 9.235582
5.537401 9.130287
5.587282 9.027511
5.637163 8.927291
5.687044 8.829645
5.736925 8.734571
5.786806 8.642054
5.836687 8.552066
5.886568 8.464572
5.936449 8.379525
5.986330 8.296876
6.036211 8.216570
6.086093 8.138548
6.135974 8.062750
6.185855 7.989113
6.235736 7.917574
6.285617 7.848069
6.335498 7.780537
6.385379 7.714913
6.435260 7.651135
6.485141 7.589143
6.535022 7.528878
6.584903 7.470280
6.634784 7.413294
6.684665 7.357863
6.734547 7.303935
6.784428 7.251457
6.834309 7.200379
6.884190 7.150653
6.934071 7.102232
6.983952 7.055071
7.033833 7.009125
7.083714 6.964353
7.133595 6.920715
7.183476 6.878172
7.233357 6.836685
7.283238 6.796219
7.333120 6.756739
7.383001 6.718212
7.432882 6.680605
7.482763 6.643888
7.532644 6.608032
7.582525 6.573006
7.632406 6.538785
7.682287 6.505342
7.732168 6.472651
7.782049 6.440687
7.831930 6.409428
7.881811 6.378851
7.931692 6.348934
7.981574 6.319656
8.031455 6.290998
8.081336 6.262939
8.131217 6.235461
8.181098 6.208547
8.230979 6.182178
8.280860 6.156339
8.330741 6.131014
8.380622 6.106186
8.430503 6.081842
8.480384 6.057966
8.530265 6.034546
8.580146 6.011567
8.630028 5.989017
8.679909 5.966883
8.729790 5.945154
8.779671 5.923818
8.829552 5.902864
8.879433 5.882282
8.929314 5.862060
8.979195 5.842189
9.029076 5.822659
9.078957 5.803461
9.128838 5.784586
9.178719 5.766025
9.228600 5.747770
9.278482 5.729812
9.328363 5.712144
9.378244 5.694758
9.428125 5.677647
9.478006 5.660803
9.527887 5.644220
9.577768 5.627891
9.627649 5.611809
9.677530 5.595968
9.727411 5.580363
9.777292 5.564986
9.827173 5.549833
9.877054 5.534899
9.926936 5.520176
9.976817 5.505662
10.026698 5.491349
10.076579 5.477234
10.126460 5.463312
10.176341 5.449578
10.226222 5.436028
10.276103 5.422657
10.325984 5.409461
10.375865 5.396436
10.425746 5.383578
10.475627 5.370884
10.525509 5.358349
10.575390 5.345970
10.625271 5.333743
10.675152 5.321665
10.725033 5.309732
10.774914 5.297942
10.824795 5.286291
10.874676 5.274776
10.924557 5.263394
10.974438 5.252142
11.024319 5.241018
11.074200 5.230018
11.124081 5.219140
11.173963 5.208381
11.223844 5.197739
11.273725 5.187211
11.323606 5.176795
11.373487 5.166488
11.423368 5.156289
11.473249 5.146195
11.523130 5.136203
11.573011 5.126312
11.622892 5.116520
11.672773 5.106824
11.722654 5.097223
11.772535 5.087715
11.822417 5.078298
11.872298 5.068969
11.922179 5.059728
11.972060 5.050573
12.021941 5.041501
12.071822 5.032511
12.121703 5.023603
12.171584 5.014773
12.221465 5.006020
12.271346 4.997344
12.321227 4.988742
12.371108 4.980213
12.420989 4.971756
12.470871 4.963369
12.520752 4.955051
12.570633 4.946801
12.620514 4.938617
12.670395 4.930498
12.720276 4.922444
12.770157 4.914452
12.820038 4.906522
12.869919 4.898652
12.919800 4.890841
12.969681 4.883089
13.019562 4.875394
13.069444 4.867755
13.119325 4.860172
13.169206 4.852642
13.219087 4.845166
13.268968 4.837742
13.318849 4.830369
13.368730 4.823047
13.418611 4.815774
13.468492 4.808550
13.518373 4.801374
13.568254 4.794244
13.618135 4.787161
13.668016 4.780123
13.717898 4.773129
13.767779 4.766179
13.817660 4.759272
13.867541 4.752408
13.917422 4.745585
13.967303 4.738802
14.017184 4.732060
14.067065 4.725357
14.116946 4.718694
14.166827 4.712068
14.216708 4.705479
14.266589 4.698928
14.316470 4.692412
14.366352 4.685933
14.416233 4.679488
14.466114 4.673078
14.515995 4.666701
14.565876 4.660358
14.615757 4.654048
14.665638 4.647770
14.715519 4.641523
14.765400 4.635308
14.815281 4.629123
14.865162 4.622969
14.915043 4.616844
14.964924 4.610748
15.014806 4.604681
15.064687 4.598642
15.114568 4.592631
15.164449 4.586647
15.214330 4.580691
15.264211 4.574760
15.314092 4.568856
15.363973 4.562977
15.413854 4.557124
15.463735 4.551295
15.513616 4.545491
15.563497 4.539710
15.613379 4.533954
15.663260 4.528220
15.713141 4.522510
15.763022 4.516822
15.812903 4.511156
15.862784 4.505512
15.912665 4.499890
15.962546 4.494288
16.012427 4.488708
16.062308 4.483148
16.112189 4.477608
16.162070 4.472088
16.211951 4.466587
16.261833 4.461106
16.311714 4.455644
16.361595 4.450200
16.411476 4.444774
16.461357 4.439367
16.511238 4.433977
16.561119 4.428605
16.611000 4.423250
16.660881 4.417912
16.710762 4.412591
16.760643 4.407286
16.810524 4.401998
16.860405 4.396725
16.910287 4.391468
16.960168 4.386226
17.010049 4.381000
17.059930 4.375788
17.109811 4.370591
17.159692 4.365409
17.209573 4.360241
17.259454 4.355087
17.309335 4.349947
17.359216 4.344820
17.409097 4.339707
17.458978 4.334607
17.508859 4.329520
17.558741 4.324446
17.608622 4.319384
17.658503 4.314334
17.708384 4.309297
17.758265 4.304272
17.808146 4.299259
17.858027 4.294257
17.907908 4.289266
17.957789 4.284287
18.007670 4.279319
18.057551 4.274362
18.107432 4.269416
18.157314 4.264480
18.207195 4.259554
18.257076 4.254639
18.306957 4.249733
18.356838 4.244838
18.406719 4.239952
18.456600 4.235076
18.506481 4.230209
18.556362 4.225352
18.606243 4.220503
18.656124 4.215664
18.706005 4.210833
18.755886 4.206011
18.805768 4.201198
18.855649 4.196393
18.905530 4.191596
18.955411 4.186807
19.005292 4.182026
19.055173 4.177253
19.105054 4.172488
19.154935 4.167730
19.204816 4.162980
19.254697 4.158237
19.304578 4.153501
19.354459 4.148772
19.404340 4.144050
19.454222 4.139335
19.504103 4.134627
19.553984 4.129925
19.603865 4.125230
19.653746 4.120541
19.703627 4.115858
19.753508 4.111181
19.803389 4.106510
19.853270 4.101846
19.903151 4.097187
19.953032 4.092533
20.002913 4.087885
20.052794 4.083243
20.102676 4.078606
20.152557 4.073974
20.202438 4.069347
20.252319 4.064726
20.302200 4.060109
20.352081 4.055497
20.401962 4.050890
20.451843 4.046287
20.501724 4.041689
20.551605 4.037096
20.601486 4.032507
20.651367 4.027922
20.701249 4.023341
20.751130 4.018764
20.801011 4.014192
20.850892 4.009623
20.900773 4.005058
20.950654 4.000497
21.000535 3.995939
21.050416 3.991385
21.100297 3.986835
21.150178 3.982287
21.200059 3.977743
21.249940 3.973203
21.299821 3.968665
21.349703 3.964131
21.399584 3.959599
21.449465 3.955071
21.499346 3.950545
21.549227 3.946022
21.599108 3.941501
21.648989 3.936983
21.698870 3.932468
21.748751 3.927955
21.798632 3.923444
21.848513 3.918936
21.898394 3.914430
21.948275 3.909926
21.998157 3.905424
22.048038 3.900924
22.097919 3.896426
22.147800 3.891930
22.197681 3.887436
22.247562 3.882943
22.297443 3.878452
22.347324 3.873962
22.397205 3.869474
22.447086 3.864988
22.496967 3.860503
22.546848 3.856019
22.596729 3.851536
22.646611 3.847054
22.696492 3.842574
22.746373 3.838095
22.796254 3.833616
22.846135 3.829139
22.896016 3.824662
22.945897 3.820186
22.995778 3.815711
23.045659 3.811236
23.095540 3.806762
23.145421 3.802289
23.195302 3.797816
23.245184 3.793343
23.295065 3.788871
23.344946 3.784399
23.394827 3.779928
23.444708 3.775456
23.494589 3.770985
23.544470 3.766513
23.594351 3.762042
23.644232 3.757570
23.694113 3.753099
23.743994 3.748627
23.793875 3.744155
23.843756 3.739682
23.893638 3.735209
23.943519 3.730736
23.993400 3.726263
24.043281 3.721788
24.093162 3.717314
24.143043 3.712838
24.192924 3.708362
24.242805 3.703885
24.292686 3.699407
24.342567 3.694929
24.392448 3.690449
24.442329 3.685969
24.492210 3.681487
24.542092 3.677004
24.591973 3.672521
24.641854 3.668036
24.691735 3.663549
24.741616 3.659062
24.791497 3.654573
24.841378 3.650082
24.891259 3.645590
24.941140 3.641097
24.991021 3.636602
25.040902 3.632105
25.090783 3.627607
25.140664 3.623107
25.190546 3.618605
25.240427 3.614101
25.290308 3.609596
25.340189 3.605088
25.390070 3.600579
25.439951 3.596067
25.489832 3.591553
25.539713 3.587037
25.589594 3.582519
25.639475 3.577999
25.689356 3.573476
25.739237 3.568951
25.789119 3.564423
25.839000 3.559893
25.888881 3.555360
25.938762 3.550825
25.988643 3.546287
26.038524 3.541746
26.088405 3.537203
26.138286 3.532656
26.188167 3.528107
26.238048 3.523555
26.287929 3.519000
26.337810 3.514442
26.387691 3.509881
26.437573 3.505317
26.487454 3.500749
26.537335 3.496179
26.587216 3.491605
26.637097 3.487027
26.686978 3.482446
26.736859 3.477862
26.786740 3.473274
26.836621 3.468683
26.886502 3.464088
26.936383 3.459489
26.986264 3.454887
27.036145 3.450280
27.086027 3.445670
27.135908 3.441056
27.185789 3.436438
27.235670 3.431816
27.285551 3.427190
27.335432 3.422560
27.385313 3.417925
27.435194 3.413287
27.485075 3.408644
27.534956 3.403996
27.584837 3.399344
27.634718 3.394688
27.684599 3.390027
27.734481 3.385362
27.784362 3.380692
27.834243 3.376017
27.884124 3.371337
27.934005 3.366652
27.983886 3.361963
28.033767 3.357269
28.083648 3.352569
28.133529 3.347865
28.183410 3.343155
28.233291 3.338440
28.283172 3.333720
28.333054 3.328994
28.382935 3.324263
28.432816 3.319527
28.482697 3.314785
28.532578 3.310037
28.582459 3.305284
28.632340 3.300525
28.682221 3.295760
28.732102 3.290989
28.781983 3.286213
28.831864 3.281430
28.881745 3.276641
28.931626 3.271846
28.981508 3.267045
29.031389 3.262238
29.081270 3.257424
29.131151 3.252604
29.181032 3.247777
29.230913 3.242944
29.280794 3.238104
29.330675 3.233258
29.380556 3.228404
29.430437 3.223544
29.480318 3.218677
29.530199 3.213803
29.580080 3.208921
29.629962 3.204033
29.679843 3.199137
29.729724 3.194234
29.779605 3.189323
29.829486 3.184405
29.879367 3.179480
29.929248 3.174546
29.979129 3.169605
30.029010 3.164656
30.078891 3.159700
30.128772 3.154735
30.178653 3.149762
30.228534 3.144781
30.278416 3.139791
30.328297 3.134794
30.378178 3.129788
30.428059 3.124773
30.477940 3.119750
30.527821 3.114717
30.577702 3.109677
30.627583 3.104627
30.677464 3.099568
30.727345 3.094500
30.777226 3.089423
30.827107 3.084336
30.876989 3.079240
30.926870 3.074135
30.976751 3.069020
31.026632 3.063895
31.076513 3.058760
31.126394 3.053616
31.176275 3.048461
31.226156 3.043296
31.276037 3.038121
31.325918 3.032935
31.375799 3.027739
31.425680 3.022533
31.475561 3.017315
31.525443 3.012087
31.575324 3.006847
31.625205 3.001597
31.675086 2.996335
31.724967 2.991062
31.774848 2.985777
31.824729 2.980481
31.874610 2.975173
31.924491 2.969852
31.974372 2.964520
32.024253 2.959176
32.074134 2.953819
32.124015 2.948450
32.173897 2.943068
32.223778 2.937674
32.273659 2.932266
32.323540 2.926846
32.373421 2.921412
32.423302 2.915964
32.473183 2.910504
32.523064 2.905029
32.572945 2.899540
32.622826 2.894038
32.672707 2.888521
32.722588 2.882990
32.772469 2.877444
32.822351 2.871883
32.872232 2.866307
32.922113 2.860717
32.971994 2.855110
33.021875 2.849489
33.071756 2.843851
33.121637 2.838198
33.171518 2.832528
33.221399 2.826842
33.271280 2.821139
33.321161 2.815420
33.371042 2.809683
33.420924 2.803930
33.470805 2.798158
33.520686 2.792369
33.570567 2.786562
33.620448 2.780737
33.670329 2.774893
33.720210 2.769031
33.770091 2.763149
33.819972 2.757249
33.869853 2.751328
33.919734 2.745388
33.969615 2.739428
34.019496 2.733447
34.069378 2.727446
34.119259 2.721423
34.169140 2.715380
34.219021 2.709314
34.268902 2.703227
34.318783 2.697117
34.368664 2.690984
34.418545 2.684829
34.468426 2.678650
34.518307 2.672447
34.568188 2.666220
34.618069 2.659969
34.667950 2.653693
34.717832 2.647391
34.767713 2.641064
34.817594 2.634710
34.867475 2.628330
34.917356 2.621923
34.967237 2.615488
35.017118 2.609025
35.066999 2.602534
35.116880 2.596013
35.166761 2.589463
35.216642 2.582883
35.266523 2.576272
35.316404 2.569630
35.366286 2.562956
35.416167 2.556250
35.466048 2.549511
35.515929 2.542738
35.565810 2.535930
35.615691 2.529088
35.665572 2.522210
35.715453 2.515295
35.765334 2.508343
35.815215 2.501353
35.865096 2.494325
35.914977 2.487257
35.964858 2.480148
36.014740 2.472998
36.064621 2.465805
36.114502 2.458569
36.164383 2.451289
36.214264 2.443964
36.264145 2.436592
36.314026 2.429173
36.363907 2.421705
36.413788 2.414187
36.463669 2.406618
36.513550 2.398997
36.563431 2.391322
36.613313 2.383591
36.663194 2.375804
36.713075 2.367959
36.762956 2.360054
36.812837 2.352087
36.862718 2.344056
36.912599 2.335961
36.962480 2.327798
37.012361 2.319566
37.062242 2.311262
37.112123 2.302885
37.162004 2.294431
37.211885 2.285899
37.261767 2.277286
37.311648 2.268588
37.361529 2.259803
37.411410 2.250928
37.461291 2.241959
37.511172 2.232893
37.561053 2.223726
37.610934 2.214453
37.660815 2.205071
37.710696 2.195574
37.760577 2.185959
37.810458 2.176218
37.860339 2.166348
37.910221 2.156340
37.960102 2.146189
38.009983 2.135888
38.059864 2.125428
38.109745 2.114800
38.159626 2.103995
38.209507 2.093003
38.259388 2.081812
38.309269 2.070410
38.359150 2.058781
38.409031 2.046911
38.458912 2.034781
38.508793 2.022372
38.558675 2.009660
38.608556 1.996620
38.658437 1.983221
38.708318 1.969430
38.758199 1.955204
38.808080 1.940495
38.857961 1.925246
38.907842 1.909385
38.957723 1.892824
39.007604 1.875451
39.057485 1.857123
39.107366 1.837644
39.157248 1.816748
39.207129 1.794041
39.257010 1.768905
39.306891 1.740262
39.356772 1.705880
39.406653 1.659108
39.456534 1.576219
39.506415 1.577882
39.556296 1.579616
39.606177 1.581133
39.656058 1.582784
39.705939 1.584474
39.755820 1.586086
39.805702 1.587786
39.855583 1.589449
39.905464 1.591019
39.955345 1.592713
40.005226 1.594320
40.055107 1.595965
40.104988 1.597589
40.154869 1.599227
40.204750 1.600863
40.254631 1.602419
40.304512 1.604059
40.354393 1.605802
40.404274 1.607348
40.454156 1.609011
40.504037 1.610644
40.553918 1.612267
40.603799 1.613889
40.653680 1.615511
40.703561 1.617106
40.753442 1.618742
40.803323 1.620358
40.853204 1.621980
40.903085 1.623609
40.952966 1.625208
41.002847 1.626825
41.052728 1.628447
41.102610 1.630037
41.152491 1.631643
41.202372 1.633258
41.252253 1.634865
41.302134 1.636460
41.352015 1.638072
41.401896 1.639661
41.451777 1.641273
41.501658 1.642874
41.551539 1.644465
41.601420 1.646065
41.651301 1.647657
41.701183 1.649259
41.751064 1.650834
41.800945 1.652468
41.850826 1.654038
41.900707 1.655616
41.950588 1.657218
42.000469 1.658790
42.050350 1.660357
42.100231 1.661972
42.150112 1.663551
42.199993 1.665126
42.249874 1.666737
42.299755 1.668288
42.349637 1.669852
42.399518 1.671435
42.449399 1.673021
42.499280 1.674603
42.549161 1.676178
42.599042 1.677699
42.648923 1.679237
42.698804 1.680876
42.748685 1.682421
42.798566 1.683975
42.848447 1.685562
42.898328 1.687138
42.948209 1.688672
42.998091 1.690249
43.047972 1.691795
43.097853 1.693358
43.147734 1.694922
43.197615 1.696510
43.247496 1.698035
43.297377 1.699601
43.347258 1.701145
43.397139 1.702694
43.447020 1.704236
43.496901 1.705783
43.546782 1.707345
43.596663 1.708897
43.646545 1.710462
43.696426 1.711986
43.746307 1.713562
43.796188 1.715049
43.846069 1.716604
43.895950 1.718127
43.945831 1.719681
43.995712 1.721203
44.045593 1.722750
44.095474 1.724250
44.145355 1.725831
44.195236 1.727353
44.245118 1.728890
44.294999 1.730384
44.344880 1.731922
44.394761 1.733468
44.444642 1.734946
44.494523 1.736525
44.544404 1.738029
44.594285 1.739615
44.644166 1.741049
44.694047 1.742597
44.743928 1.744096
44.793809 1.745616
44.843690 1.747154
44.893572 1.748634
44.943453 1.750172
44.993334 1.751697
45.043215 1.753192
45.093096 1.754711
45.142977 1.756221
45.192858 1.757673
45.242739 1.759236
45.292620 1.760750
45.342501 1.762261
45.392382 1.763736
45.442263 1.765251
45.492144 1.766781
45.542026 1.768263
45.591907 1.769757
45.641788 1.771239
45.691669 1.772740
45.741550 1.774221
45.791431 1.775753
45.841312 1.777217
45.891193 1.778679
45.941074 1.780193
45.990955 1.781712
46.040836 1.783196
46.090717 1.784687
46.140598 1.786201
46.190480 1.787646
46.240361 1.789121
46.290242 1.790587
46.340123 1.792103
46.390004 1.793566
46.439885 1.795048
46.489766 1.796573
46.539647 1.798017
46.589528 1.799456
46.639409 1.800972
46.689290 1.802418
46.739171 1.803913
46.789053 1.805388
46.838934 1.806835
46.888815 1.808308
46.938696 1.809793
46.988577 1.811235
47.038458 1.812697
47.088339 1.814176
47.138220 1.815670
47.188101 1.817166
47.237982 1.818567
47.287863 1.820076
47.337744 1.821473
47.387625 1.822932
47.437507 1.824375
47.487388 1.825844
47.537269 1.827288
47.587150 1.828755
47.637031 1.830185
47.686912 1.831654
47.736793 1.833092
47.786674 1.834473
47.836555 1.836004
47.886436 1.837462
47.936317 1.838908
47.986198 1.840372
48.036079 1.841771
48.085961 1.843177
48.135842 1.844668
48.185723 1.846039
48.235604 1.847568
48.285485 1.848961
48.335366 1.850394
48.385247 1.851872
48.435128 1.853260
48.485009 1.854736
48.534890 1.856164
48.584771 1.857575
48.634652 1.859097
48.684533 1.860472
48.734415 1.861926
48.784296 1.863306
48.834177 1.864826
48.884058 1.866151
48.933939 1.867522
48.983820 1.869058
49.033701 1.870450
49.083582 1.871838
49.133463 1.873218
49.183344 1.874672
49.233225 1.876100
49.283106 1.877488
49.332988 1.878916
49.382869 1.880393
49.432750 1.881853
49.482631 1.883081
49.532512 1.884575
49.582393 1.885983
49.632274 1.887394
49.682155 1.888797
49.732036 1.890187
49.781917 1.891597
49.831798 1.893106
49.881679 1.894380
49.931560 1.895807
49.981442 1.897216
50.031323 1.898603
