0.219686  0.989954   0.010046   
0.239248  0.988724   0.011276   
0.258809  0.987476   0.012524   
0.278370  0.986214   0.013786   
0.297931  0.984945   0.015055   
0.317492  0.983673   0.016327   
0.337053  0.982402   0.017598   
0.356614  0.981132   0.018868   
0.376175  0.979876   0.020124   
0.395736  0.978632   0.021368   
0.415298  0.977403   0.022597   
0.434859  0.976191   0.023809   
0.454420  0.975000   0.025000   
0.473981  0.973830   0.026170   
0.493542  0.972683   0.027317   
0.513103  0.971562   0.028438   
0.532664  0.970466   0.029534   
0.552225  0.969398   0.030602   
0.571787  0.968357   0.031643   
0.591348  0.967345   0.032655   
0.610909  0.966362   0.033638   
0.630470  0.965408   0.034592   
0.650031  0.964484   0.035516   
0.669592  0.963589   0.036411   
0.689153  0.962723   0.037277   
0.708714  0.961887   0.038113   
0.728275  0.961079   0.038921   
0.747837  0.960301   0.039699   
0.767398  0.959550   0.040450   
0.786959  0.958785   0.041215   
0.806520  0.957897   0.042103   
0.826081  0.956970   0.043030   
0.845642  0.956032   0.043968   
0.865203  0.955095   0.044905   
0.884764  0.954167   0.045833   
0.904326  0.953255   0.046745   
0.923887  0.952361   0.047639   
0.943448  0.951487   0.048513   
0.963009  0.950636   0.049364   
0.982570  0.949809   0.050191   
1.002131  0.949005   0.050995   
1.021692  0.948226   0.051774   
1.041253  0.947471   0.052529   
1.060815  0.946741   0.053259   
1.080376  0.946034   0.053966   
1.099937  0.945351   0.054649   
1.119498  0.944691   0.055309   
1.139059  0.944054   0.055946   
1.158620  0.943439   0.056561   
1.178181  0.942845   0.057155   
1.197742  0.942271   0.057729   
1.217303  0.941718   0.058282   
1.236865  0.941183   0.058817   
1.256426  0.940668   0.059332   
1.275987  0.940170   0.059830   
1.295548  0.939689   0.060311   
1.315109  0.939225   0.060775   
1.334670  0.938776   0.061224   
1.354231  0.938343   0.061657   
1.373792  0.937924   0.062076   
1.393354  0.937519   0.062481   
1.412915  0.937127   0.062873   
1.432476  0.936748   0.063252   
1.452037  0.936380   0.063620   
1.471598  0.936024   0.063976   
1.491159  0.935679   0.064321   
1.510720  0.935345   0.064655   
1.530281  0.935020   0.064980   
1.549842  0.934704   0.065296   
1.569404  0.934397   0.065603   
1.588965  0.934099   0.065901   
1.608526  0.933809   0.066191   
1.628087  0.933526   0.066474   
1.647648  0.933250   0.066750   
1.667209  0.932981   0.067019   
1.686770  0.932719   0.067281   
1.706331  0.932462   0.067538   
1.725893  0.932212   0.067788   
1.745454  0.931966   0.068034   
1.765015  0.931726   0.068274   
1.784576  0.931490   0.068510   
1.804137  0.931259   0.068741   
1.823698  0.931032   0.068968   
1.843259  0.930809   0.069191   
1.862820  0.930589   0.069411   
1.882381  0.930373   0.069627   
1.901943  0.930160   0.069840   
1.921504  0.929951   0.070049   
1.941065  0.929744   0.070256   
1.960626  0.929540   0.070460   
1.980187  0.929338   0.070662   
1.999748  0.929138   0.070862   
2.019309  0.928941   0.071059   
2.038870  0.928745   0.071255   
2.058432  0.928552   0.071448   
2.077993  0.928360   0.071640   
2.097554  0.928170   0.071830   
2.117115  0.927981   0.072019   
2.136676  0.927793   0.072207   
2.156237  0.927607   0.072393   
2.175798  0.927422   0.072578   
2.195359  0.927237   0.072763   
2.214921  0.927054   0.072946   
2.234482  0.926872   0.073128   
2.254043  0.926690   0.073310   
2.273604  0.926509   0.073491   
2.293165  0.926329   0.073671   
2.312726  0.926149   0.073851   
2.332287  0.925969   0.074031   
2.351848  0.925790   0.074210   
2.371409  0.925612   0.074388   
2.390971  0.925434   0.074566   
2.410532  0.925256   0.074744   
2.430093  0.925078   0.074922   
2.449654  0.924900   0.075100   
2.469215  0.924723   0.075277   
2.488776  0.924546   0.075454   
2.508337  0.924369   0.075631   
2.527898  0.924192   0.075808   
2.547460  0.924015   0.075985   
2.567021  0.923838   0.076162   
2.586582  0.923661   0.076339   
2.606143  0.923484   0.076516   
2.625704  0.923307   0.076693   
2.645265  0.923130   0.076870   
2.664826  0.922952   0.077048   
2.684387  0.922775   0.077225   
2.703948  0.922598   0.077402   
2.723510  0.922420   0.077580   
2.743071  0.922243   0.077757   
2.762632  0.922065   0.077935   
2.782193  0.921887   0.078113   
2.801754  0.921709   0.078291   
2.821315  0.921531   0.078469   
2.840876  0.921353   0.078647   
2.860437  0.921175   0.078825   
2.879999  0.920996   0.079004   
2.899560  0.920818   0.079182   
2.919121  0.920639   0.079361   
2.938682  0.920460   0.079540   
2.958243  0.920281   0.079719   
2.977804  0.920102   0.079898   
2.997365  0.919923   0.080077   
3.016926  0.919743   0.080257   
3.036487  0.919564   0.080436   
3.056049  0.919384   0.080616   
3.075610  0.919204   0.080796   
3.095171  0.919025   0.080975   
3.114732  0.918845   0.081155   
3.134293  0.918665   0.081335   
3.153854  0.918485   0.081515   
3.173415  0.918305   0.081695   
3.192976  0.918125   0.081875   
3.212538  0.917944   0.082056   
3.232099  0.917764   0.082236   
3.251660  0.917584   0.082416   
3.271221  0.917404   0.082596   
3.290782  0.917223   0.082777   
3.310343  0.917043   0.082957   
3.329904  0.916863   0.083137   
3.349465  0.916682   0.083318   
3.369027  0.916502   0.083498   
3.388588  0.916322   0.083678   
3.408149  0.916142   0.083858   
3.427710  0.915962   0.084038   
3.447271  0.915782   0.084218   
3.466832  0.915602   0.084398   
3.486393  0.915422   0.084578   
3.505954  0.915242   0.084758   
3.525515  0.915062   0.084938   
3.545077  0.914883   0.085117   
3.564638  0.914703   0.085297   
3.584199  0.914524   0.085476   
3.603760  0.914344   0.085656   
3.623321  0.914165   0.085835   
3.642882  0.913986   0.086014   
3.662443  0.913808   0.086192   
3.682004  0.913629   0.086371   
3.701566  0.913451   0.086549   
3.721127  0.913273   0.086727   
3.740688  0.913095   0.086905   
3.760249  0.912917   0.087083   
3.779810  0.912739   0.087261   
3.799371  0.912562   0.087438   
3.818932  0.912385   0.087615   
3.838493  0.912208   0.087792   
3.858054  0.912031   0.087969   
3.877616  0.911855   0.088145   
3.897177  0.911679   0.088321   
3.916738  0.911503   0.088497   
3.936299  0.911327   0.088673   
3.955860  0.911152   0.088848   
3.975421  0.910977   0.089023   
3.994982  0.910803   0.089197   
4.014543  0.910628   0.089372   
4.034105  0.910454   0.089546   
4.053666  0.910281   0.089719   
4.073227  0.910107   0.089893   
4.092788  0.909934   0.090066   
4.112349  0.909762   0.090238   
4.131910  0.909589   0.090411   
4.151471  0.909417   0.090583   
4.171032  0.909246   0.090754   
4.190593  0.909075   0.090925   
4.210155  0.908904   0.091096   
4.229716  0.908733   0.091267   
4.249277  0.908563   0.091437   
4.268838  0.908394   0.091606   
4.288399  0.908224   0.091776   
4.307960  0.908055   0.091945   
4.327521  0.907887   0.092113   
4.347082  0.907719   0.092281   
4.366644  0.907551   0.092449   
4.386205  0.907384   0.092616   
4.405766  0.907217   0.092783   
4.425327  0.907051   0.092949   
4.444888  0.906885   0.093115   
4.464449  0.906720   0.093280   
4.484010  0.906555   0.093445   
4.503571  0.906390   0.093610   
4.523133  0.906226   0.093774   
4.542694  0.906062   0.093938   
4.562255  0.905899   0.094101   
4.581816  0.905736   0.094264   
4.601377  0.905574   0.094426   
4.620938  0.905412   0.094588   
4.640499  0.905251   0.094749   
4.660060  0.905090   0.094910   
4.679621  0.904930   0.095070   
4.699183  0.904770   0.095230   
4.718744  0.904611   0.095389   
4.738305  0.904452   0.095548   
4.757866  0.904293   0.095707   
4.777427  0.904135   0.095865   
4.796988  0.903978   0.096022   
4.816549  0.903821   0.096179   
4.836110  0.903664   0.096336   
4.855672  0.903508   0.096492   
4.875233  0.903353   0.096647   
4.894794  0.903198   0.096802   
4.914355  0.903043   0.096957   
4.933916  0.902889   0.097111   
4.953477  0.902736   0.097264   
4.973038  0.902583   0.097417   
4.992599  0.902431   0.097569   
5.012160  0.902279   0.097721   
5.031722  0.902127   0.097873   
5.051283  0.901976   0.098024   
5.070844  0.901826   0.098174   
5.090405  0.901676   0.098324   
5.109966  0.901527   0.098473   
5.129527  0.901378   0.098622   
5.149088  0.901229   0.098771   
5.168649  0.901081   0.098919   
5.188211  0.900934   0.099066   
5.207772  0.900787   0.099213   
5.227333  0.900641   0.099359   
5.246894  0.900495   0.099505   
5.266455  0.900350   0.099650   
5.286016  0.900205   0.099795   
5.305577  0.900061   0.099939   
5.325138  0.899917   0.100083   
5.344699  0.899774   0.100226   
5.364261  0.899631   0.100369   
5.383822  0.899489   0.100511   
5.403383  0.899347   0.100653   
5.422944  0.899206   0.100794   
5.442505  0.899065   0.100935   
5.462066  0.898925   0.101075   
5.481627  0.898785   0.101215   
5.501188  0.898646   0.101354   
5.520750  0.898508   0.101492   
5.540311  0.898369   0.101631   
5.559872  0.898232   0.101768   
5.579433  0.898095   0.101905   
5.598994  0.897958   0.102042   
5.618555  0.897822   0.102178   
5.638116  0.897686   0.102314   
5.657677  0.897551   0.102449   
5.677239  0.897417   0.102583   
5.696800  0.897282   0.102718   
5.716361  0.897149   0.102851   
5.735922  0.897016   0.102984   
5.755483  0.896883   0.103117   
5.775044  0.896751   0.103249   
5.794605  0.896619   0.103381   
5.814166  0.896488   0.103512   
5.833727  0.896357   0.103643   
5.853289  0.896227   0.103773   
5.872850  0.896097   0.103903   
5.892411  0.895968   0.104032   
5.911972  0.895839   0.104161   
5.931533  0.895711   0.104289   
5.951094  0.895583   0.104417   
5.970655  0.895456   0.104544   
5.990216  0.895329   0.104671   
6.009778  0.895203   0.104797   
6.029339  0.895077   0.104923   
6.048900  0.894951   0.105049   
6.068461  0.894826   0.105174   
6.088022  0.894702   0.105298   
6.107583  0.894578   0.105422   
6.127144  0.894454   0.105546   
6.146705  0.894331   0.105669   
6.166266  0.894208   0.105792   
6.185828  0.894086   0.105914   
6.205389  0.893964   0.106036   
6.224950  0.893843   0.106157   
6.244511  0.893722   0.106278   
6.264072  0.893602   0.106398   
6.283633  0.893482   0.106518   
6.303194  0.893362   0.106638   
6.322755  0.893243   0.106757   
6.342317  0.893124   0.106876   
6.361878  0.893006   0.106994   
6.381439  0.892888   0.107112   
6.401000  0.892771   0.107229   
6.420561  0.892654   0.107346   
6.440122  0.892537   0.107463   
6.459683  0.892421   0.107579   
6.479244  0.892306   0.107694   
6.498805  0.892190   0.107810   
6.518367  0.892075   0.107925   
6.537928  0.891961   0.108039   
6.557489  0.891847   0.108153   
6.577050  0.891733   0.108267   
6.596611  0.891620   0.108380   
6.616172  0.891507   0.108493   
6.635733  0.891395   0.108605   
6.655294  0.891283   0.108717   
6.674856  0.891171   0.108829   
6.694417  0.891060   0.108940   
6.713978  0.890949   0.109051   
6.733539  0.890839   0.109161   
6.753100  0.890728   0.109272   
6.772661  0.890619   0.109381   
6.792222  0.890509   0.109491   
6.811783  0.890400   0.109600   
6.831345  0.890292   0.109708   
6.850906  0.890184   0.109816   
6.870467  0.890076   0.109924   
6.890028  0.889968   0.110032   
6.909589  0.889861   0.110139   
6.929150  0.889754   0.110246   
6.948711  0.889648   0.110352   
6.968272  0.889542   0.110458   
6.987833  0.889436   0.110564   
7.007395  0.889331   0.110669   
7.026956  0.889226   0.110774   
7.046517  0.889121   0.110879   
7.066078  0.889017   0.110983   
7.085639  0.888913   0.111087   
7.105200  0.888810   0.111190   
7.124761  0.888706   0.111294   
7.144322  0.888603   0.111397   
7.163884  0.888501   0.111499   
7.183445  0.888398   0.111602   
7.203006  0.888297   0.111703   
7.222567  0.888195   0.111805   
7.242128  0.888094   0.111906   
7.261689  0.887993   0.112007   
7.281250  0.887892   0.112108   
7.300811  0.887792   0.112208   
7.320372  0.887691   0.112309   
7.339934  0.887592   0.112408   
7.359495  0.887492   0.112508   
7.379056  0.887393   0.112607   
7.398617  0.887294   0.112706   
7.418178  0.887196   0.112804   
7.437739  0.887097   0.112903   
7.457300  0.886999   0.113001   
7.476861  0.886902   0.113098   
7.496423  0.886804   0.113196   
7.515984  0.886707   0.113293   
7.535545  0.886610   0.113390   
7.555106  0.886514   0.113486   
7.574667  0.886418   0.113582   
7.594228  0.886322   0.113678   
7.613789  0.886226   0.113774   
7.633350  0.886130   0.113870   
7.652911  0.886035   0.113965   
7.672473  0.885940   0.114060   
7.692034  0.885845   0.114155   
7.711595  0.885751   0.114249   
7.731156  0.885657   0.114343   
7.750717  0.885563   0.114437   
7.770278  0.885469   0.114531   
7.789839  0.885376   0.114624   
7.809400  0.885283   0.114717   
7.828962  0.885190   0.114810   
7.848523  0.885097   0.114903   
7.868084  0.885005   0.114995   
7.887645  0.884912   0.115088   
7.907206  0.884820   0.115180   
7.926767  0.884729   0.115271   
7.946328  0.884637   0.115363   
7.965889  0.884546   0.115454   
7.985450  0.884455   0.115545   
8.005012  0.884364   0.115636   
