0.008009    0.000101 
0.012014    -0.000125 
0.016018    -0.000381 
0.020023    -0.000659 
0.024027    -0.000951 
0.028032    -0.001251 
0.032036    -0.001555 
0.036041    -0.001861 
0.040045    -0.002168 
0.044050    -0.002475 
0.048054    -0.002780 
0.052059    -0.003083 
0.056063    -0.003383 
0.060068    -0.003680 
0.064072    -0.003973 
0.068077    -0.004263 
0.072081    -0.004549 
0.076086    -0.004830 
0.080090    -0.005107 
0.084095    -0.005380 
0.088099    -0.005647 
0.092104    -0.005911 
0.096108    -0.006169 
0.100113    -0.006422 
0.104117    -0.006671 
0.108122    -0.006914 
0.112126    -0.007153 
0.116131    -0.007386 
0.120135    -0.007614 
0.124140    -0.007838 
0.128144    -0.008056 
0.132149    -0.008269 
0.136153    -0.008477 
0.140158    -0.008680 
0.144162    -0.008877 
0.148167    -0.009070 
0.152171    -0.009257 
0.156176    -0.009440 
0.160180    -0.009617 
0.164185    -0.009790 
0.168189    -0.009957 
0.172194    -0.010119 
0.176198    -0.010276 
0.180203    -0.010429 
0.184207    -0.010576 
0.188212    -0.010718 
0.192216    -0.010856 
0.196221    -0.010988 
0.200225    -0.011116 
0.204230    -0.011238 
0.208234    -0.011356 
0.212239    -0.011469 
0.216243    -0.011577 
0.220248    -0.011681 
0.224252    -0.011780 
0.228257    -0.011873 
0.232261    -0.011963 
0.236266    -0.012047 
0.240270    -0.012127 
0.244275    -0.012203 
0.248279    -0.012273 
0.252284    -0.012339 
0.256289    -0.012401 
0.260293    -0.012458 
0.264298    -0.012510 
0.268302    -0.012559 
0.272307    -0.012602 
0.276311    -0.012641 
0.280316    -0.012676 
0.284320    -0.012706 
0.288325    -0.012732 
0.292329    -0.012754 
0.296334    -0.012772 
0.300338    -0.012785 
0.304343    -0.012794 
0.308347    -0.012798 
0.312352    -0.012799 
0.316356    -0.012795 
0.320361    -0.012787 
0.324365    -0.012775 
0.328370    -0.012759 
0.332374    -0.012739 
0.336379    -0.012714 
0.340383    -0.012686 
0.344388    -0.012654 
0.348392    -0.012617 
0.352397    -0.012577 
0.356401    -0.012533 
0.360406    -0.012485 
0.364410    -0.012433 
0.368415    -0.012377 
0.372419    -0.012317 
0.376424    -0.012254 
0.380428    -0.012186 
0.384433    -0.012115 
0.388437    -0.012040 
0.392442    -0.011961 
0.396446    -0.011879 
0.400451    -0.011793 
0.404455    -0.011703 
0.408460    -0.011610 
0.412464    -0.011513 
0.416469    -0.011412 
0.420473    -0.011308 
0.424478    -0.011201 
0.428482    -0.011089 
0.432487    -0.010974 
0.436491    -0.010856 
0.440496    -0.010734 
0.444500    -0.010609 
0.448505    -0.010481 
0.452509    -0.010348 
0.456514    -0.010213 
0.460518    -0.010074 
0.464523    -0.009932 
0.468527    -0.009786 
0.472532    -0.009638 
0.476536    -0.009485 
0.480541    -0.009330 
0.484545    -0.009171 
0.488550    -0.009009 
0.492554    -0.008844 
0.496559    -0.008676 
0.500564    -0.008504 
0.504568    -0.008330 
0.508573    -0.008152 
0.512577    -0.007971 
0.516582    -0.007787 
0.520586    -0.007599 
0.524591    -0.007409 
0.528595    -0.007216 
0.532600    -0.007020 
0.536604    -0.006820 
0.540609    -0.006618 
0.544613    -0.006413 
0.548618    -0.006204 
0.552622    -0.005993 
0.556627    -0.005779 
0.560631    -0.005562 
0.564636    -0.005342 
0.568640    -0.005119 
0.572645    -0.004893 
0.576649    -0.004664 
0.580654    -0.004433 
0.584658    -0.004199 
0.588663    -0.003962 
0.592667    -0.003722 
0.596672    -0.003479 
0.600676    -0.003234 
0.604681    -0.002986 
0.608685    -0.002735 
0.612690    -0.002482 
0.616694    -0.002225 
0.620699    -0.001967 
0.624703    -0.001705 
0.628708    -0.001441 
0.632712    -0.001174 
0.636717    -0.000905 
0.640721    -0.000633 
0.644726    -0.000358 
0.648730    -0.000081 
0.652735    0.000199 
0.656739    0.000481 
0.660744    0.000766 
0.664748    0.001053 
0.668753    0.001343 
0.672757    0.001635 
0.676762    0.001929 
0.680766    0.002227 
0.684771    0.002526 
0.688775    0.002828 
0.692780    0.003132 
0.696784    0.003439 
0.700789    0.003748 
0.704793    0.004060 
0.708798    0.004374 
0.712802    0.004690 
0.716807    0.005009 
0.720811    0.005329 
0.724816    0.005653 
0.728820    0.005978 
0.732825    0.006306 
0.736829    0.006636 
0.740834    0.006968 
0.744838    0.007302 
0.748843    0.007639 
0.752848    0.007978 
0.756852    0.008319 
0.760857    0.008662 
0.764861    0.009008 
0.768866    0.009355 
0.772870    0.009705 
0.776875    0.010057 
0.780879    0.010411 
0.784884    0.010767 
0.788888    0.011125 
0.792893    0.011485 
0.796897    0.011848 
0.800902    0.012212 
0.804906    0.012578 
0.808911    0.012947 
0.812915    0.013317 
0.816920    0.013690 
0.820924    0.014064 
0.824929    0.014441 
0.828933    0.014819 
0.832938    0.015200 
0.836942    0.015582 
0.840947    0.015967 
0.844951    0.016353 
0.848956    0.016741 
0.852960    0.017131 
0.856965    0.017523 
0.860969    0.017917 
0.864974    0.018313 
0.868978    0.018711 
0.872983    0.019110 
0.876987    0.019511 
0.880992    0.019915 
0.884996    0.020320 
0.889001    0.020726 
0.893005    0.021135 
0.897010    0.021545 
0.901014    0.021958 
0.905019    0.022371 
0.909023    0.022787 
0.913028    0.023205 
0.917032    0.023624 
0.921037    0.024045 
0.925041    0.024467 
0.929046    0.024892 
0.933050    0.025318 
0.937055    0.025746 
0.941059    0.026175 
0.945064    0.026606 
0.949068    0.027039 
0.953073    0.027473 
0.957077    0.027909 
0.961082    0.028347 
0.965086    0.028786 
0.969091    0.029227 
0.973095    0.029670 
0.977100    0.030114 
0.981104    0.030560 
0.985109    0.031007 
0.989113    0.031456 
0.993118    0.031906 
0.997123    0.032358 
1.001127    0.032811 
1.005132    0.033266 
1.009136    0.033723 
1.013141    0.034181 
1.017145    0.034641 
1.021150    0.035102 
1.025154    0.035564 
1.029159    0.036028 
1.033163    0.036493 
1.037168    0.037061 
1.041172    0.039837 
1.045177    0.047384 
1.049181    0.058016 
1.053186    0.069445 
1.057190    0.080282 
1.061195    0.089972 
1.065199    0.098429 
1.069204    0.105758 
1.073208    0.112121 
1.077213    0.117679 
1.081217    0.122570 
1.085222    0.126910 
1.089226    0.130792 
1.093231    0.134292 
1.097235    0.137470 
1.101240    0.140375 
1.105244    0.143046 
1.109249    0.145517 
1.113253    0.147814 
1.117258    0.149960 
1.121262    0.151972 
1.125267    0.153868 
1.129271    0.155659 
1.133276    0.157357 
1.137280    0.158973 
1.141285    0.160514 
1.145289    0.161988 
1.149294    0.163400 
1.153298    0.164757 
1.157303    0.166064 
1.161307    0.167324 
1.165312    0.168541 
1.169316    0.169720 
1.173321    0.170862 
1.177325    0.171971 
1.181330    0.173048 
1.185334    0.174097 
1.189339    0.175119 
1.193343    0.176116 
1.197348    0.177089 
1.201352    0.178041 
1.205357    0.178972 
1.209361    0.179883 
1.213366    0.180776 
1.217370    0.181652 
1.221375    0.182512 
1.225379    0.183356 
1.229384    0.184186 
1.233388    0.185002 
1.237393    0.185804 
1.241397    0.186595 
1.245402    0.187373 
1.249407    0.188140 
1.253411    0.188896 
1.257416    0.189643 
1.261420    0.190379 
1.265425    0.191106 
1.269429    0.191823 
1.273434    0.192533 
1.277438    0.193234 
1.281443    0.193927 
1.285447    0.194612 
1.289452    0.195290 
1.293456    0.195961 
1.297461    0.196625 
1.301465    0.197283 
1.305470    0.197934 
1.309474    0.198579 
1.313479    0.199219 
1.317483    0.199853 
1.321488    0.200481 
1.325492    0.201104 
1.329497    0.201722 
1.333501    0.202335 
1.337506    0.202943 
1.341510    0.203546 
1.345515    0.204145 
1.349519    0.204739 
1.353524    0.205330 
1.357528    0.205916 
1.361533    0.206498 
1.365537    0.207076 
1.369542    0.207651 
1.373546    0.208221 
1.377551    0.208789 
1.381555    0.209352 
1.385560    0.209912 
1.389564    0.210469 
1.393569    0.211023 
1.397573    0.211574 
1.401578    0.212121 
1.405582    0.212666 
1.409587    0.213207 
1.413591    0.213746 
1.417596    0.214282 
1.421600    0.214815 
1.425605    0.215345 
1.429609    0.215873 
1.433614    0.216398 
1.437618    0.216921 
1.441623    0.217442 
1.445627    0.217960 
1.449632    0.218475 
1.453636    0.218989 
1.457641    0.219500 
1.461645    0.220009 
1.465650    0.220515 
1.469654    0.221020 
1.473659    0.221522 
1.477663    0.222023 
1.481668    0.222521 
1.485672    0.223018 
1.489677    0.223512 
1.493682    0.224005 
1.497686    0.224496 
1.501691    0.224985 
1.505695    0.225472 
1.509700    0.225958 
1.513704    0.226441 
1.517709    0.226923 
1.521713    0.227403 
1.525718    0.227882 
1.529722    0.228359 
1.533727    0.228835 
1.537731    0.229308 
1.541736    0.229781 
1.545740    0.230251 
1.549745    0.230721 
1.553749    0.231188 
1.557754    0.231655 
1.561758    0.232120 
1.565763    0.232583 
1.569767    0.233045 
1.573772    0.233506 
1.577776    0.233965 
1.581781    0.234423 
1.585785    0.234880 
1.589790    0.235335 
1.593794    0.235789 
1.597799    0.236242 
1.601803    0.236693 
1.605808    0.237144 
1.609812    0.237593 
1.613817    0.238041 
1.617821    0.238487 
1.621826    0.238933 
1.625830    0.239377 
1.629835    0.239820 
1.633839    0.240262 
1.637844    0.240703 
1.641848    0.241143 
1.645853    0.241582 
1.649857    0.242019 
1.653862    0.242456 
1.657866    0.242891 
1.661871    0.243326 
1.665875    0.243759 
1.669880    0.244191 
1.673884    0.244623 
1.677889    0.245053 
1.681893    0.245482 
1.685898    0.245911 
1.689902    0.246338 
1.693907    0.246764 
1.697911    0.247190 
1.701916    0.247614 
1.705920    0.248038 
1.709925    0.248461 
1.713929    0.248882 
1.717934    0.249303 
1.721938    0.249723 
1.725943    0.250142 
1.729947    0.250560 
1.733952    0.250977 
1.737956    0.251394 
1.741961    0.251809 
1.745966    0.252224 
1.749970    0.252638 
1.753975    0.253051 
1.757979    0.253463 
1.761984    0.253874 
1.765988    0.254285 
1.769993    0.254694 
1.773997    0.255103 
1.778002    0.255511 
1.782006    0.255918 
1.786011    0.256325 
1.790015    0.256731 
1.794020    0.257136 
1.798024    0.257540 
1.802029    0.257943 
1.806033    0.258346 
1.810038    0.258748 
1.814042    0.259149 
1.818047    0.259549 
1.822051    0.259949 
1.826056    0.260348 
1.830060    0.260746 
1.834065    0.261144 
1.838069    0.261540 
1.842074    0.261936 
1.846078    0.262332 
1.850083    0.262726 
1.854087    0.263120 
1.858092    0.263514 
1.862096    0.263906 
1.866101    0.264298 
1.870105    0.264689 
1.874110    0.265080 
1.878114    0.265470 
1.882119    0.265859 
1.886123    0.266248 
1.890128    0.266636 
1.894132    0.267023 
1.898137    0.267410 
1.902141    0.267796 
1.906146    0.268181 
1.910150    0.268566 
1.914155    0.268950 
1.918159    0.269333 
1.922164    0.269716 
1.926168    0.270098 
1.930173    0.270480 
1.934177    0.270861 
1.938182    0.271241 
1.942186    0.271621 
1.946191    0.272000 
1.950195    0.272379 
1.954200    0.272757 
1.958204    0.273134 
1.962209    0.273511 
1.966213    0.273887 
1.970218    0.274263 
1.974222    0.274638 
1.978227    0.275012 
1.982231    0.275386 
1.986236    0.275759 
1.990241    0.276132 
1.994245    0.276504 
1.998250    0.276876 
2.002254    0.277247 
2.006259    0.277617 
2.010263    0.277987 
2.014268    0.278357 
2.018272    0.278726 
2.022277    0.279094 
2.026281    0.279462 
2.030286    0.279829 
2.034290    0.280195 
2.038295    0.280562 
2.042299    0.280927 
2.046304    0.281292 
2.050308    0.281657 
2.054313    0.282021 
2.058317    0.282384 
2.062322    0.282747 
2.066326    0.283110 
2.070331    0.283471 
2.074335    0.283833 
2.078340    0.284194 
2.082344    0.284554 
2.086349    0.284914 
2.090353    0.285273 
2.094358    0.285632 
2.098362    0.285991 
2.102367    0.286348 
2.106371    0.286706 
2.110376    0.287063 
2.114380    0.287419 
2.118385    0.287775 
2.122389    0.288130 
2.126394    0.288485 
2.130398    0.288840 
2.134403    0.289194 
2.138407    0.289547 
2.142412    0.289900 
2.146416    0.290252 
2.150421    0.290604 
2.154425    0.290956 
2.158430    0.291307 
2.162434    0.291658 
2.166439    0.292008 
2.170443    0.292357 
2.174448    0.292707 
2.178452    0.293055 
2.182457    0.293404 
2.186461    0.293751 
2.190466    0.294099 
2.194470    0.294446 
2.198475    0.294792 
2.202479    0.295138 
2.206484    0.295484 
2.210488    0.295829 
2.214493    0.296173 
2.218497    0.296517 
2.222502    0.296861 
2.226506    0.297204 
2.230511    0.297547 
2.234515    0.297890 
2.238520    0.298232 
2.242525    0.298573 
2.246529    0.298914 
2.250534    0.299255 
2.254538    0.299595 
2.258543    0.299935 
2.262547    0.300274 
2.266552    0.300613 
2.270556    0.300952 
2.274561    0.301290 
2.278565    0.301627 
2.282570    0.301965 
2.286574    0.302301 
2.290579    0.302638 
2.294583    0.302974 
2.298588    0.303309 
2.302592    0.303644 
2.306597    0.303979 
2.310601    0.304313 
2.314606    0.304647 
2.318610    0.304981 
2.322615    0.305314 
2.326619    0.305646 
2.330624    0.305978 
2.334628    0.306310 
2.338633    0.306642 
2.342637    0.306973 
2.346642    0.307303 
2.350646    0.307633 
2.354651    0.307963 
2.358655    0.308293 
2.362660    0.308622 
2.366664    0.308950 
2.370669    0.309278 
2.374673    0.309606 
2.378678    0.309934 
2.382682    0.310261 
2.386687    0.310587 
2.390691    0.310913 
2.394696    0.311239 
2.398700    0.311565 
2.402705    0.311890 
2.406709    0.312214 
2.410714    0.312539 
2.414718    0.312863 
2.418723    0.313186 
2.422727    0.313509 
2.426732    0.313832 
2.430736    0.314154 
2.434741    0.314476 
2.438745    0.314798 
2.442750    0.315119 
2.446754    0.315440 
2.450759    0.315761 
2.454763    0.316081 
2.458768    0.316401 
2.462772    0.316720 
2.466777    0.317039 
2.470781    0.317357 
2.474786    0.317676 
2.478790    0.317994 
2.482795    0.318311 
2.486800    0.318628 
2.490804    0.318945 
2.494809    0.319261 
2.498813    0.319578 
2.502818    0.319893 
2.506822    0.320209 
2.510827    0.320524 
2.514831    0.320838 
2.518836    0.321152 
2.522840    0.321466 
2.526845    0.321780 
2.530849    0.322093 
2.534854    0.322406 
2.538858    0.322718 
2.542863    0.323030 
2.546867    0.323342 
2.550872    0.323654 
2.554876    0.323965 
2.558881    0.324275 
2.562885    0.324586 
2.566890    0.324896 
2.570894    0.325205 
2.574899    0.325515 
2.578903    0.325824 
2.582908    0.326132 
2.586912    0.326440 
2.590917    0.326748 
2.594921    0.327056 
2.598926    0.327363 
2.602930    0.327670 
2.606935    0.327977 
2.610939    0.328283 
2.614944    0.328589 
2.618948    0.328894 
2.622953    0.329199 
2.626957    0.329504 
2.630962    0.329809 
2.634966    0.330113 
2.638971    0.330417 
2.642975    0.330720 
2.646980    0.331023 
2.650984    0.331326 
2.654989    0.331629 
2.658993    0.331931 
2.662998    0.332233 
2.667002    0.332534 
2.671007    0.332836 
2.675011    0.333137 
2.679016    0.333437 
2.683020    0.333737 
2.687025    0.334037 
2.691029    0.334337 
2.695034    0.334636 
2.699038    0.334935 
2.703043    0.335233 
2.707047    0.335532 
2.711052    0.335830 
2.715056    0.336127 
2.719061    0.336425 
2.723065    0.336722 
2.727070    0.337018 
2.731074    0.337315 
2.735079    0.337611 
2.739084    0.337906 
2.743088    0.338202 
2.747093    0.338497 
2.751097    0.338792 
2.755102    0.339086 
2.759106    0.339380 
2.763111    0.339674 
2.767115    0.339968 
2.771120    0.340261 
2.775124    0.340554 
2.779129    0.340846 
2.783133    0.341139 
2.787138    0.341430 
2.791142    0.341722 
2.795147    0.342013 
2.799151    0.342305 
2.803156    0.342595 
2.807160    0.342886 
2.811165    0.343176 
2.815169    0.343466 
2.819174    0.343755 
2.823178    0.344044 
2.827183    0.344333 
2.831187    0.344622 
2.835192    0.344910 
2.839196    0.345198 
2.843201    0.345486 
2.847205    0.345773 
2.851210    0.346060 
2.855214    0.346347 
2.859219    0.346634 
2.863223    0.346920 
2.867228    0.347206 
2.871232    0.347491 
2.875237    0.347777 
2.879241    0.348062 
2.883246    0.348346 
2.887250    0.348631 
2.891255    0.348915 
2.895259    0.349199 
2.899264    0.349482 
2.903268    0.349766 
2.907273    0.350049 
2.911277    0.350331 
2.915282    0.350614 
2.919286    0.350896 
2.923291    0.351177 
2.927295    0.351459 
2.931300    0.351740 
2.935304    0.352021 
2.939309    0.352302 
2.943313    0.352582 
2.947318    0.352862 
2.951322    0.353142 
2.955327    0.353422 
2.959331    0.353701 
2.963336    0.353980 
2.967340    0.354258 
2.971345    0.354537 
2.975349    0.354815 
2.979354    0.355093 
2.983359    0.355370 
2.987363    0.355647 
2.991368    0.355924 
2.995372    0.356201 
2.999377    0.356478 
3.003381    0.356754 
3.007386    0.357030 
3.011390    0.357305 
3.015395    0.357580 
3.019399    0.357855 
3.023404    0.358130 
3.027408    0.358405 
3.031413    0.358679 
3.035417    0.358953 
3.039422    0.359226 
3.043426    0.359500 
3.047431    0.359773 
3.051435    0.360046 
3.055440    0.360318 
3.059444    0.360591 
3.063449    0.360863 
3.067453    0.361134 
3.071458    0.361406 
3.075462    0.361677 
3.079467    0.361948 
3.083471    0.362219 
3.087476    0.362489 
3.091480    0.362759 
3.095485    0.363029 
3.099489    0.363299 
3.103494    0.363568 
3.107498    0.363837 
3.111503    0.364106 
3.115507    0.364374 
3.119512    0.364643 
3.123516    0.364911 
3.127521    0.365178 
3.131525    0.365446 
3.135530    0.365713 
3.139534    0.365980 
3.143539    0.366247 
3.147543    0.366513 
3.151548    0.366779 
3.155552    0.367045 
3.159557    0.367311 
3.163561    0.367576 
3.167566    0.367841 
3.171570    0.368106 
3.175575    0.368371 
3.179579    0.368635 
3.183584    0.368899 
3.187588    0.369163 
3.191593    0.369427 
3.195597    0.369690 
3.199602    0.369953 
3.203606    0.370216 
3.207611    0.370479 
3.211615    0.370741 
3.215620    0.371003 
3.219624    0.371265 
3.223629    0.371526 
3.227633    0.371788 
3.231638    0.372049 
3.235643    0.372310 
3.239647    0.372570 
3.243652    0.372830 
3.247656    0.373090 
3.251661    0.373350 
3.255665    0.373610 
3.259670    0.373869 
3.263674    0.374128 
3.267679    0.374387 
3.271683    0.374646 
3.275688    0.374904 
3.279692    0.375162 
3.283697    0.375420 
3.287701    0.375677 
3.291706    0.375935 
3.295710    0.376192 
3.299715    0.376449 
3.303719    0.376705 
3.307724    0.376961 
3.311728    0.377218 
3.315733    0.377473 
3.319737    0.377729 
3.323742    0.377984 
3.327746    0.378239 
3.331751    0.378494 
3.335755    0.378749 
3.339760    0.379003 
3.343764    0.379258 
3.347769    0.379512 
3.351773    0.379765 
3.355778    0.380019 
3.359782    0.380272 
3.363787    0.380525 
3.367791    0.380778 
3.371796    0.381030 
3.375800    0.381282 
3.379805    0.381534 
3.383809    0.381786 
3.387814    0.382038 
3.391818    0.382289 
3.395823    0.382540 
3.399827    0.382791 
3.403832    0.383041 
3.407836    0.383292 
3.411841    0.383542 
3.415845    0.383792 
3.419850    0.384041 
3.423854    0.384291 
3.427859    0.384540 
3.431863    0.384789 
3.435868    0.385038 
3.439872    0.385286 
3.443877    0.385535 
3.447881    0.385783 
3.451886    0.386030 
3.455890    0.386278 
3.459895    0.386525 
3.463899    0.386772 
3.467904    0.387019 
3.471908    0.387266 
3.475913    0.387512 
3.479918    0.387759 
3.483922    0.388005 
3.487927    0.388250 
3.491931    0.388496 
3.495936    0.388741 
3.499940    0.388986 
3.503945    0.389231 
3.507949    0.389476 
3.511954    0.389720 
3.515958    0.389964 
3.519963    0.390208 
3.523967    0.390452 
3.527972    0.390695 
3.531976    0.390939 
3.535981    0.391182 
3.539985    0.391425 
3.543990    0.391667 
3.547994    0.391910 
3.551999    0.392152 
3.556003    0.392394 
3.560008    0.392635 
3.564012    0.392877 
3.568017    0.393118 
3.572021    0.393359 
3.576026    0.393600 
3.580030    0.393841 
3.584035    0.394081 
3.588039    0.394321 
3.592044    0.394561 
3.596048    0.394801 
3.600053    0.395041 
3.604057    0.395280 
3.608062    0.395519 
3.612066    0.395758 
3.616071    0.395997 
3.620075    0.396235 
3.624080    0.396473 
3.628084    0.396711 
3.632089    0.396949 
3.636093    0.397187 
3.640098    0.397424 
3.644102    0.397661 
3.648107    0.397898 
3.652111    0.398135 
3.656116    0.398371 
3.660120    0.398608 
3.664125    0.398844 
3.668129    0.399080 
3.672134    0.399315 
3.676138    0.399551 
3.680143    0.399786 
3.684147    0.400021 
3.688152    0.400256 
3.692156    0.400490 
3.696161    0.400725 
3.700165    0.400959 
3.704170    0.401193 
3.708174    0.401427 
3.712179    0.401660 
3.716183    0.401894 
3.720188    0.402127 
3.724192    0.402360 
3.728197    0.402593 
3.732202    0.402825 
3.736206    0.403057 
3.740211    0.403290 
3.744215    0.403521 
3.748220    0.403753 
3.752224    0.403985 
3.756229    0.404216 
3.760233    0.404447 
3.764238    0.404678 
3.768242    0.404909 
3.772247    0.405139 
3.776251    0.405369 
3.780256    0.405599 
3.784260    0.405829 
3.788265    0.406059 
3.792269    0.406288 
3.796274    0.406518 
3.800278    0.406747 
3.804283    0.406976 
3.808287    0.407204 
3.812292    0.407433 
3.816296    0.407661 
3.820301    0.407889 
3.824305    0.408117 
3.828310    0.408344 
3.832314    0.408572 
3.836319    0.408799 
3.840323    0.409026 
3.844328    0.409253 
3.848332    0.409480 
3.852337    0.409706 
3.856341    0.409932 
3.860346    0.410158 
3.864350    0.410384 
3.868355    0.410610 
3.872359    0.410835 
3.876364    0.411061 
3.880368    0.411286 
3.884373    0.411511 
3.888377    0.411735 
3.892382    0.411960 
3.896386    0.412184 
3.900391    0.412408 
3.904395    0.412632 
3.908400    0.412856 
3.912404    0.413079 
3.916409    0.413303 
3.920413    0.413526 
3.924418    0.413749 
3.928422    0.413971 
3.932427    0.414194 
3.936431    0.414416 
3.940436    0.414638 
3.944440    0.414860 
3.948445    0.415082 
3.952449    0.415304 
3.956454    0.415525 
3.960458    0.415746 
3.964463    0.415967 
3.968467    0.416188 
3.972472    0.416409 
3.976477    0.416629 
3.980481    0.416849 
3.984486    0.417070 
3.988490    0.417289 
3.992495    0.417509 
3.996499    0.417729 
4.000504    0.417948 
4.004508    0.418167 
4.008513    0.418386 
4.012517    0.418605 
4.016522    0.418823 
4.020526    0.419042 
4.024531    0.419260 
4.028535    0.419478 
4.032540    0.419696 
4.036544    0.419913 
4.040549    0.420131 
4.044553    0.420348 
4.048558    0.420565 
4.052562    0.420782 
4.056567    0.420999 
4.060571    0.421215 
4.064576    0.421431 
4.068580    0.421648 
4.072585    0.421864 
4.076589    0.422079 
4.080594    0.422295 
4.084598    0.422510 
4.088603    0.422726 
4.092607    0.422941 
4.096612    0.423156 
4.100616    0.423370 
4.104621    0.423585 
4.108625    0.423799 
4.112630    0.424013 
4.116634    0.424227 
4.120639    0.424441 
4.124643    0.424655 
4.128648    0.424868 
4.132652    0.425081 
4.136657    0.425294 
4.140661    0.425507 
4.144666    0.425720 
4.148670    0.425932 
4.152675    0.426145 
4.156679    0.426357 
4.160684    0.426569 
4.164688    0.426781 
4.168693    0.426992 
4.172697    0.427204 
4.176702    0.427415 
4.180706    0.427626 
4.184711    0.427837 
4.188715    0.428048 
4.192720    0.428258 
4.196724    0.428469 
4.200729    0.428679 
4.204733    0.428889 
4.208738    0.429099 
4.212742    0.429309 
4.216747    0.429518 
4.220751    0.429727 
4.224756    0.429937 
4.228761    0.430146 
4.232765    0.430354 
4.236770    0.430563 
4.240774    0.430772 
4.244779    0.430980 
4.248783    0.431188 
4.252788    0.431396 
4.256792    0.431604 
4.260797    0.431811 
4.264801    0.432019 
4.268806    0.432226 
4.272810    0.432433 
4.276815    0.432640 
4.280819    0.432847 
4.284824    0.433053 
4.288828    0.433260 
4.292833    0.433466 
4.296837    0.433672 
4.300842    0.433878 
4.304846    0.434084 
4.308851    0.434289 
4.312855    0.434495 
4.316860    0.434700 
4.320864    0.434905 
4.324869    0.435110 
4.328873    0.435315 
4.332878    0.435519 
4.336882    0.435724 
4.340887    0.435928 
4.344891    0.436132 
4.348896    0.436336 
4.352900    0.436539 
4.356905    0.436743 
4.360909    0.436946 
4.364914    0.437150 
4.368918    0.437353 
4.372923    0.437556 
4.376927    0.437758 
4.380932    0.437961 
4.384936    0.438163 
4.388941    0.438365 
4.392945    0.438567 
4.396950    0.438769 
4.400954    0.438971 
4.404959    0.439173 
4.408963    0.439374 
4.412968    0.439575 
4.416972    0.439776 
4.420977    0.439977 
4.424981    0.440178 
4.428986    0.440379 
4.432990    0.440579 
4.436995    0.440779 
4.440999    0.440979 
4.445004    0.441179 
4.449008    0.441379 
4.453013    0.441579 
4.457017    0.441778 
4.461022    0.441977 
4.465026    0.442177 
4.469031    0.442375 
4.473036    0.442574 
4.477040    0.442773 
4.481045    0.442971 
4.485049    0.443170 
4.489054    0.443368 
4.493058    0.443566 
4.497063    0.443764 
4.501067    0.443961 
4.505072    0.444159 
4.509076    0.444356 
4.513081    0.444554 
4.517085    0.444751 
4.521090    0.444947 
4.525094    0.445144 
4.529099    0.445341 
4.533103    0.445537 
4.537108    0.445733 
4.541112    0.445930 
4.545117    0.446126 
4.549121    0.446321 
4.553126    0.446517 
4.557130    0.446712 
4.561135    0.446908 
4.565139    0.447103 
4.569144    0.447298 
4.573148    0.447493 
4.577153    0.447687 
4.581157    0.447882 
4.585162    0.448076 
4.589166    0.448271 
4.593171    0.448465 
4.597175    0.448659 
4.601180    0.448852 
4.605184    0.449046 
4.609189    0.449239 
4.613193    0.449433 
4.617198    0.449626 
4.621202    0.449819 
4.625207    0.450012 
4.629211    0.450204 
4.633216    0.450397 
4.637220    0.450589 
4.641225    0.450782 
4.645229    0.450974 
4.649234    0.451166 
4.653238    0.451357 
4.657243    0.451549 
4.661247    0.451741 
4.665252    0.451932 
4.669256    0.452123 
4.673261    0.452314 
4.677265    0.452505 
4.681270    0.452696 
4.685274    0.452886 
4.689279    0.453077 
4.693283    0.453267 
4.697288    0.453457 
4.701292    0.453647 
4.705297    0.453837 
4.709301    0.454027 
4.713306    0.454216 
4.717310    0.454405 
4.721315    0.454595 
4.725320    0.454784 
4.729324    0.454973 
4.733329    0.455161 
4.737333    0.455350 
4.741338    0.455539 
4.745342    0.455727 
4.749347    0.455915 
4.753351    0.456103 
4.757356    0.456291 
4.761360    0.456479 
4.765365    0.456666 
4.769369    0.456854 
4.773374    0.457041 
4.777378    0.457228 
4.781383    0.457415 
4.785387    0.457602 
4.789392    0.457789 
4.793396    0.457976 
4.797401    0.458162 
4.801405    0.458348 
4.805410    0.458535 
4.809414    0.458721 
4.813419    0.458906 
4.817423    0.459092 
4.821428    0.459278 
4.825432    0.459463 
4.829437    0.459648 
4.833441    0.459834 
4.837446    0.460019 
4.841450    0.460203 
4.845455    0.460388 
4.849459    0.460573 
4.853464    0.460757 
4.857468    0.460941 
4.861473    0.461126 
4.865477    0.461310 
4.869482    0.461493 
4.873486    0.461677 
4.877491    0.461861 
4.881495    0.462044 
4.885500    0.462228 
4.889504    0.462411 
4.893509    0.462594 
4.897513    0.462777 
4.901518    0.462959 
4.905522    0.463142 
4.909527    0.463324 
4.913531    0.463507 
4.917536    0.463689 
4.921540    0.463871 
4.925545    0.464053 
4.929549    0.464235 
4.933554    0.464416 
4.937558    0.464598 
4.941563    0.464779 
4.945567    0.464960 
4.949572    0.465141 
4.953576    0.465322 
4.957581    0.465503 
4.961585    0.465684 
4.965590    0.465864 
4.969595    0.466044 
4.973599    0.466225 
4.977604    0.466405 
4.981608    0.466585 
4.985613    0.466765 
4.989617    0.466944 
4.993622    0.467124 
4.997626    0.467303 
5.001631    0.467483 
5.005635    0.467662 
5.009640    0.467841 
5.013644    0.468020 
5.017649    0.468198 
5.021653    0.468377 
5.025658    0.468555 
5.029662    0.468734 
5.033667    0.468912 
5.037671    0.469090 
5.041676    0.469268 
5.045680    0.469446 
5.049685    0.469623 
5.053689    0.469801 
5.057694    0.469978 
5.061698    0.470155 
5.065703    0.470333 
5.069707    0.470510 
5.073712    0.470686 
5.077716    0.470863 
5.081721    0.471040 
5.085725    0.471216 
5.089730    0.471392 
5.093734    0.471569 
5.097739    0.471745 
5.101743    0.471921 
5.105748    0.472096 
5.109752    0.472272 
5.113757    0.472448 
5.117761    0.472623 
5.121766    0.472798 
5.125770    0.472973 
5.129775    0.473148 
5.133779    0.473323 
5.137784    0.473498 
5.141788    0.473673 
5.145793    0.473847 
5.149797    0.474021 
5.153802    0.474196 
5.157806    0.474370 
5.161811    0.474544 
5.165815    0.474718 
5.169820    0.474891 
5.173824    0.475065 
5.177829    0.475238 
5.181833    0.475412 
5.185838    0.475585 
5.189842    0.475758 
5.193847    0.475931 
5.197851    0.476103 
5.201856    0.476276 
5.205860    0.476449 
5.209865    0.476621 
5.213869    0.476793 
5.217874    0.476965 
5.221879    0.477138 
5.225883    0.477309 
5.229888    0.477481 
5.233892    0.477653 
5.237897    0.477824 
5.241901    0.477996 
5.245906    0.478167 
5.249910    0.478338 
5.253915    0.478509 
5.257919    0.478680 
5.261924    0.478851 
5.265928    0.479021 
5.269933    0.479192 
5.273937    0.479362 
5.277942    0.479533 
5.281946    0.479703 
5.285951    0.479873 
5.289955    0.480043 
5.293960    0.480212 
5.297964    0.480382 
5.301969    0.480551 
5.305973    0.480721 
5.309978    0.480890 
5.313982    0.481059 
5.317987    0.481228 
5.321991    0.481397 
5.325996    0.481566 
5.330000    0.481734 
5.334005    0.481903 
5.338009    0.482071 
5.342014    0.482240 
5.346018    0.482408 
5.350023    0.482576 
5.354027    0.482744 
5.358032    0.482911 
5.362036    0.483079 
5.366041    0.483247 
5.370045    0.483414 
5.374050    0.483581 
5.378054    0.483748 
5.382059    0.483915 
5.386063    0.484082 
5.390068    0.484249 
5.394072    0.484416 
5.398077    0.484582 
5.402081    0.484749 
5.406086    0.484915 
5.410090    0.485081 
5.414095    0.485247 
5.418099    0.485413 
5.422104    0.485579 
5.426108    0.485745 
5.430113    0.485910 
5.434117    0.486076 
5.438122    0.486241 
5.442126    0.486406 
5.446131    0.486572 
5.450135    0.486737 
5.454140    0.486901 
5.458144    0.487066 
5.462149    0.487231 
5.466154    0.487395 
5.470158    0.487560 
5.474163    0.487724 
5.478167    0.487888 
5.482172    0.488052 
5.486176    0.488216 
5.490181    0.488380 
5.494185    0.488543 
5.498190    0.488707 
5.502194    0.488870 
5.506199    0.489034 
5.510203    0.489197 
5.514208    0.489360 
5.518212    0.489523 
5.522217    0.489686 
5.526221    0.489849 
5.530226    0.490011 
5.534230    0.490174 
5.538235    0.490336 
5.542239    0.490498 
5.546244    0.490661 
5.550248    0.490823 
5.554253    0.490985 
5.558257    0.491146 
5.562262    0.491308 
5.566266    0.491470 
5.570271    0.491631 
5.574275    0.491792 
5.578280    0.491954 
5.582284    0.492115 
5.586289    0.492276 
5.590293    0.492437 
5.594298    0.492597 
5.598302    0.492758 
5.602307    0.492919 
5.606311    0.493079 
5.610316    0.493239 
5.614320    0.493400 
5.618325    0.493560 
5.622329    0.493720 
5.626334    0.493879 
5.630338    0.494039 
5.634343    0.494199 
5.638347    0.494358 
5.642352    0.494518 
5.646356    0.494677 
5.650361    0.494836 
5.654365    0.494995 
5.658370    0.495154 
5.662374    0.495313 
5.666379    0.495472 
5.670383    0.495630 
5.674388    0.495789 
5.678392    0.495947 
5.682397    0.496106 
5.686401    0.496264 
5.690406    0.496422 
5.694410    0.496580 
5.698415    0.496738 
5.702419    0.496895 
5.706424    0.497053 
5.710428    0.497210 
5.714433    0.497368 
5.718438    0.497525 
5.722442    0.497682 
5.726447    0.497839 
5.730451    0.497996 
5.734456    0.498153 
5.738460    0.498310 
5.742465    0.498466 
5.746469    0.498623 
5.750474    0.498779 
5.754478    0.498935 
5.758483    0.499092 
5.762487    0.499248 
5.766492    0.499404 
5.770496    0.499559 
5.774501    0.499715 
5.778505    0.499871 
5.782510    0.500026 
5.786514    0.500182 
5.790519    0.500337 
5.794523    0.500492 
5.798528    0.500647 
5.802532    0.500802 
5.806537    0.500957 
5.810541    0.501112 
5.814546    0.501267 
5.818550    0.501421 
5.822555    0.501575 
5.826559    0.501730 
5.830564    0.501884 
5.834568    0.502038 
5.838573    0.502192 
5.842577    0.502346 
5.846582    0.502500 
5.850586    0.502653 
5.854591    0.502807 
5.858595    0.502960 
5.862600    0.503114 
5.866604    0.503267 
5.870609    0.503420 
5.874613    0.503573 
5.878618    0.503726 
5.882622    0.503879 
5.886627    0.504032 
5.890631    0.504184 
5.894636    0.504337 
5.898640    0.504489 
5.902645    0.504642 
5.906649    0.504794 
5.910654    0.504946 
5.914658    0.505098 
5.918663    0.505250 
5.922667    0.505401 
5.926672    0.505553 
5.930676    0.505705 
5.934681    0.505856 
5.938685    0.506008 
5.942690    0.506159 
5.946694    0.506310 
5.950699    0.506461 
5.954703    0.506612 
5.958708    0.506763 
5.962713    0.506913 
5.966717    0.507064 
5.970722    0.507215 
5.974726    0.507365 
5.978731    0.507515 
5.982735    0.507666 
5.986740    0.507816 
5.990744    0.507966 
5.994749    0.508116 
5.998753    0.508265 
6.002758    0.508415 
6.006762    0.508565 
6.010767    0.508714 
6.014771    0.508864 
6.018776    0.509013 
6.022780    0.509162 
6.026785    0.509311 
6.030789    0.509460 
6.034794    0.509609 
6.038798    0.509758 
6.042803    0.509906 
6.046807    0.510055 
6.050812    0.510203 
6.054816    0.510352 
6.058821    0.510500 
6.062825    0.510648 
6.066830    0.510796 
6.070834    0.510944 
6.074839    0.511092 
6.078843    0.511240 
6.082848    0.511388 
6.086852    0.511535 
6.090857    0.511683 
6.094861    0.511830 
6.098866    0.511977 
6.102870    0.512124 
6.106875    0.512271 
6.110879    0.512418 
6.114884    0.512565 
6.118888    0.512712 
6.122893    0.512859 
6.126897    0.513005 
6.130902    0.513152 
6.134906    0.513298 
6.138911    0.513444 
6.142915    0.513591 
6.146920    0.513737 
6.150924    0.513883 
6.154929    0.514029 
6.158933    0.514174 
6.162938    0.514320 
6.166942    0.514466 
6.170947    0.514611 
6.174951    0.514756 
6.178956    0.514902 
6.182960    0.515047 
6.186965    0.515192 
6.190969    0.515337 
6.194974    0.515482 
6.198978    0.515627 
6.202983    0.515771 
6.206987    0.515916 
6.210992    0.516060 
6.214997    0.516205 
6.219001    0.516349 
6.223006    0.516493 
6.227010    0.516638 
6.231015    0.516782 
6.235019    0.516925 
6.239024    0.517069 
6.243028    0.517213 
6.247033    0.517357 
6.251037    0.517500 
6.255042    0.517644 
6.259046    0.517787 
6.263051    0.517930 
6.267055    0.518073 
6.271060    0.518216 
6.275064    0.518359 
6.279069    0.518502 
6.283073    0.518645 
6.287078    0.518788 
6.291082    0.518930 
6.295087    0.519073 
6.299091    0.519215 
6.303096    0.519358 
6.307100    0.519500 
6.311105    0.519642 
6.315109    0.519784 
6.319114    0.519926 
6.323118    0.520068 
6.327123    0.520209 
6.331127    0.520351 
6.335132    0.520492 
6.339136    0.520634 
6.343141    0.520775 
6.347145    0.520917 
6.351150    0.521058 
6.355154    0.521199 
6.359159    0.521340 
6.363163    0.521481 
6.367168    0.521621 
6.371172    0.521762 
6.375177    0.521903 
6.379181    0.522043 
6.383186    0.522184 
6.387190    0.522324 
6.391195    0.522464 
6.395199    0.522604 
6.399204    0.522744 
6.403208    0.522884 
6.407213    0.523024 
6.411217    0.523164 
6.415222    0.523304 
6.419226    0.523443 
6.423231    0.523583 
6.427235    0.523722 
6.431240    0.523862 
6.435244    0.524001 
6.439249    0.524140 
6.443253    0.524279 
6.447258    0.524418 
6.451262    0.524557 
6.455267    0.524695 
6.459272    0.524834 
6.463276    0.524973 
6.467281    0.525111 
6.471285    0.525250 
6.475290    0.525388 
6.479294    0.525526 
6.483299    0.525664 
6.487303    0.525802 
6.491308    0.525940 
6.495312    0.526078 
6.499317    0.526216 
6.503321    0.526354 
6.507326    0.526491 
6.511330    0.526629 
6.515335    0.526766 
6.519339    0.526903 
6.523344    0.527041 
6.527348    0.527178 
6.531353    0.527315 
6.535357    0.527452 
6.539362    0.527589 
6.543366    0.527725 
6.547371    0.527862 
6.551375    0.527999 
6.555380    0.528135 
6.559384    0.528272 
6.563389    0.528408 
6.567393    0.528544 
6.571398    0.528680 
6.575402    0.528816 
6.579407    0.528952 
6.583411    0.529088 
6.587416    0.529224 
6.591420    0.529360 
6.595425    0.529495 
6.599429    0.529631 
6.603434    0.529766 
6.607438    0.529902 
6.611443    0.530037 
6.615447    0.530172 
6.619452    0.530307 
6.623456    0.530442 
6.627461    0.530577 
6.631465    0.530712 
6.635470    0.530847 
6.639474    0.530982 
6.643479    0.531116 
6.647483    0.531251 
6.651488    0.531385 
6.655492    0.531519 
6.659497    0.531654 
6.663501    0.531788 
6.667506    0.531922 
6.671510    0.532056 
6.675515    0.532190 
6.679519    0.532324 
6.683524    0.532457 
6.687528    0.532591 
6.691533    0.532724 
6.695537    0.532858 
6.699542    0.532991 
6.703546    0.533125 
6.707551    0.533258 
6.711556    0.533391 
6.715560    0.533524 
6.719565    0.533657 
6.723569    0.533790 
6.727574    0.533922 
6.731578    0.534055 
6.735583    0.534188 
6.739587    0.534320 
6.743592    0.534453 
6.747596    0.534585 
6.751601    0.534717 
6.755605    0.534849 
6.759610    0.534982 
6.763614    0.535114 
6.767619    0.535246 
6.771623    0.535377 
6.775628    0.535509 
6.779632    0.535641 
6.783637    0.535772 
6.787641    0.535904 
6.791646    0.536035 
6.795650    0.536167 
6.799655    0.536298 
6.803659    0.536429 
6.807664    0.536560 
6.811668    0.536691 
6.815673    0.536822 
6.819677    0.536953 
6.823682    0.537084 
6.827686    0.537214 
6.831691    0.537345 
6.835695    0.537475 
6.839700    0.537606 
6.843704    0.537736 
6.847709    0.537866 
6.851713    0.537997 
6.855718    0.538127 
6.859722    0.538257 
6.863727    0.538387 
6.867731    0.538517 
6.871736    0.538646 
6.875740    0.538776 
6.879745    0.538906 
6.883749    0.539035 
6.887754    0.539164 
6.891758    0.539294 
6.895763    0.539423 
6.899767    0.539552 
6.903772    0.539681 
6.907776    0.539810 
6.911781    0.539939 
6.915785    0.540068 
6.919790    0.540197 
6.923794    0.540326 
6.927799    0.540454 
6.931803    0.540583 
6.935808    0.540711 
6.939812    0.540840 
6.943817    0.540968 
6.947821    0.541096 
6.951826    0.541224 
6.955831    0.541352 
6.959835    0.541480 
6.963840    0.541608 
6.967844    0.541736 
6.971849    0.541864 
6.975853    0.541992 
6.979858    0.542119 
6.983862    0.542247 
6.987867    0.542374 
6.991871    0.542501 
6.995876    0.542629 
6.999880    0.542756 
7.003885    0.542883 
7.007889    0.543010 
7.011894    0.543137 
7.015898    0.543264 
7.019903    0.543390 
7.023907    0.543517 
7.027912    0.543644 
7.031916    0.543770 
7.035921    0.543897 
7.039925    0.544023 
7.043930    0.544149 
7.047934    0.544276 
7.051939    0.544402 
7.055943    0.544528 
7.059948    0.544654 
7.063952    0.544780 
7.067957    0.544906 
7.071961    0.545031 
7.075966    0.545157 
7.079970    0.545283 
7.083975    0.545408 
7.087979    0.545534 
7.091984    0.545659 
7.095988    0.545784 
7.099993    0.545909 
7.103997    0.546035 
7.108002    0.546160 
7.112006    0.546285 
7.116011    0.546410 
7.120015    0.546534 
7.124020    0.546659 
7.128024    0.546784 
7.132029    0.546908 
7.136033    0.547033 
7.140038    0.547157 
7.144042    0.547282 
7.148047    0.547406 
7.152051    0.547530 
7.156056    0.547654 
7.160060    0.547778 
7.164065    0.547902 
7.168069    0.548026 
7.172074    0.548150 
7.176078    0.548274 
7.180083    0.548397 
7.184087    0.548521 
7.188092    0.548645 
7.192096    0.548768 
7.196101    0.548891 
7.200105    0.549015 
7.204110    0.549138 
7.208115    0.549261 
7.212119    0.549384 
7.216124    0.549507 
7.220128    0.549630 
7.224133    0.549753 
7.228137    0.549876 
7.232142    0.549998 
7.236146    0.550121 
7.240151    0.550243 
7.244155    0.550366 
7.248160    0.550488 
7.252164    0.550611 
7.256169    0.550733 
7.260173    0.550855 
7.264178    0.550977 
7.268182    0.551099 
7.272187    0.551221 
7.276191    0.551343 
7.280196    0.551465 
7.284200    0.551586 
7.288205    0.551708 
7.292209    0.551830 
7.296214    0.551951 
7.300218    0.552072 
7.304223    0.552194 
7.308227    0.552315 
7.312232    0.552436 
7.316236    0.552557 
7.320241    0.552678 
7.324245    0.552799 
7.328250    0.552920 
7.332254    0.553041 
7.336259    0.553162 
7.340263    0.553283 
7.344268    0.553403 
7.348272    0.553524 
7.352277    0.553644 
7.356281    0.553764 
7.360286    0.553885 
7.364290    0.554005 
7.368295    0.554125 
7.372299    0.554245 
7.376304    0.554365 
7.380308    0.554485 
7.384313    0.554605 
7.388317    0.554725 
7.392322    0.554845 
7.396326    0.554964 
7.400331    0.555084 
7.404335    0.555203 
7.408340    0.555323 
7.412344    0.555442 
7.416349    0.555562 
7.420353    0.555681 
7.424358    0.555800 
7.428362    0.555919 
7.432367    0.556038 
7.436371    0.556157 
7.440376    0.556276 
7.444380    0.556395 
7.448385    0.556513 
7.452390    0.556632 
7.456394    0.556751 
7.460399    0.556869 
7.464403    0.556987 
7.468408    0.557106 
7.472412    0.557224 
7.476417    0.557342 
7.480421    0.557460 
7.484426    0.557579 
7.488430    0.557697 
7.492435    0.557815 
7.496439    0.557932 
7.500444    0.558050 
7.504448    0.558168 
7.508453    0.558286 
7.512457    0.558403 
7.516462    0.558521 
7.520466    0.558638 
7.524471    0.558755 
7.528475    0.558873 
7.532480    0.558990 
7.536484    0.559107 
7.540489    0.559224 
7.544493    0.559341 
7.548498    0.559458 
7.552502    0.559575 
7.556507    0.559692 
7.560511    0.559809 
7.564516    0.559925 
7.568520    0.560042 
7.572525    0.560158 
7.576529    0.560275 
7.580534    0.560391 
7.584538    0.560508 
7.588543    0.560624 
7.592547    0.560740 
7.596552    0.560856 
7.600556    0.560972 
7.604561    0.561088 
7.608565    0.561204 
7.612570    0.561320 
7.616574    0.561436 
7.620579    0.561551 
7.624583    0.561667 
7.628588    0.561783 
7.632592    0.561898 
7.636597    0.562014 
7.640601    0.562129 
7.644606    0.562244 
7.648610    0.562359 
7.652615    0.562475 
7.656619    0.562590 
7.660624    0.562705 
7.664628    0.562820 
7.668633    0.562935 
7.672637    0.563049 
7.676642    0.563164 
7.680646    0.563279 
7.684651    0.563393 
7.688655    0.563508 
7.692660    0.563622 
7.696664    0.563737 
7.700669    0.563851 
7.704674    0.563965 
7.708678    0.564080 
7.712683    0.564194 
7.716687    0.564308 
7.720692    0.564422 
7.724696    0.564536 
7.728701    0.564650 
7.732705    0.564764 
7.736710    0.564877 
7.740714    0.564991 
7.744719    0.565105 
7.748723    0.565218 
7.752728    0.565332 
7.756732    0.565445 
7.760737    0.565558 
7.764741    0.565672 
7.768746    0.565785 
7.772750    0.565898 
7.776755    0.566011 
7.780759    0.566124 
7.784764    0.566237 
7.788768    0.566350 
7.792773    0.566463 
7.796777    0.566575 
7.800782    0.566688 
7.804786    0.566801 
7.808791    0.566913 
7.812795    0.567026 
7.816800    0.567138 
7.820804    0.567250 
7.824809    0.567363 
7.828813    0.567475 
7.832818    0.567587 
7.836822    0.567699 
7.840827    0.567811 
7.844831    0.567923 
7.848836    0.568035 
7.852840    0.568147 
7.856845    0.568259 
7.860849    0.568370 
7.864854    0.568482 
7.868858    0.568593 
7.872863    0.568705 
7.876867    0.568816 
7.880872    0.568928 
7.884876    0.569039 
7.888881    0.569150 
7.892885    0.569261 
7.896890    0.569372 
7.900894    0.569484 
7.904899    0.569594 
7.908903    0.569705 
7.912908    0.569816 
7.916912    0.569927 
7.920917    0.570038 
7.924921    0.570148 
7.928926    0.570259 
7.932930    0.570370 
7.936935    0.570480 
7.940939    0.570590 
7.944944    0.570701 
7.948949    0.570811 
7.952953    0.570921 
7.956958    0.571031 
7.960962    0.571141 
7.964967    0.571251 
7.968971    0.571361 
7.972976    0.571471 
7.976980    0.571581 
7.980985    0.571691 
7.984989    0.571801 
7.988994    0.571910 
7.992998    0.572020 
7.997003    0.572129 
8.001007    0.572239 
8.005012    0.572348 
