0.040025  0.999068   0.000932   
0.060038  0.998379   0.001621   
0.080050  0.997569   0.002431   
0.100063  0.996665   0.003335   
0.120075  0.995682   0.004318   
0.140088  0.994630   0.005370   
0.160100  0.993519   0.006481   
0.180113  0.992360   0.007640   
0.200125  0.991160   0.008840   
0.220138  0.989926   0.010074   
0.240150  0.988667   0.011333   
0.260163  0.987389   0.012611   
0.280175  0.986098   0.013902   
0.300188  0.984799   0.015201   
0.320200  0.983497   0.016503   
0.340213  0.982192   0.017808   
0.360226  0.980899   0.019101   
0.380238  0.979616   0.020384   
0.400251  0.978347   0.021653   
0.420263  0.977093   0.022907   
0.440276  0.975859   0.024141   
0.460288  0.974646   0.025354   
0.480301  0.973457   0.026543   
0.500313  0.972292   0.027708   
0.520326  0.971154   0.028846   
0.540338  0.970044   0.029956   
0.560351  0.968962   0.031038   
0.580363  0.967910   0.032090   
0.600376  0.966888   0.033112   
0.620388  0.965896   0.034104   
0.640401  0.964935   0.035065   
0.660413  0.964005   0.035995   
0.680426  0.963106   0.036894   
0.700439  0.962237   0.037763   
0.720451  0.961399   0.038601   
0.740464  0.960591   0.039409   
0.760476  0.959812   0.040188   
0.780489  0.959058   0.040942   
0.800501  0.958177   0.041823   
0.820514  0.957236   0.042764   
0.840526  0.956277   0.043723   
0.860539  0.955317   0.044683   
0.880551  0.954366   0.045634   
0.900564  0.953429   0.046571   
0.920576  0.952511   0.047489   
0.940589  0.951614   0.048386   
0.960601  0.950740   0.049260   
0.980614  0.949890   0.050110   
1.000626  0.949066   0.050934   
1.020639  0.948267   0.051733   
1.040652  0.947494   0.052506   
1.060664  0.946746   0.053254   
1.080677  0.946024   0.053976   
1.100689  0.945325   0.054675   
1.120702  0.944652   0.055348   
1.140714  0.944001   0.055999   
1.160727  0.943374   0.056626   
1.180739  0.942768   0.057232   
1.200752  0.942185   0.057815   
1.220764  0.941622   0.058378   
1.240777  0.941079   0.058921   
1.260789  0.940555   0.059445   
1.280802  0.940050   0.059950   
1.300814  0.939563   0.060437   
1.320827  0.939092   0.060908   
1.340839  0.938638   0.061362   
1.360852  0.938200   0.061800   
1.380865  0.937776   0.062224   
1.400877  0.937367   0.062633   
1.420890  0.936971   0.063029   
1.440902  0.936588   0.063412   
1.460915  0.936217   0.063783   
1.480927  0.935858   0.064142   
1.500940  0.935511   0.064489   
1.520952  0.935173   0.064827   
1.540965  0.934846   0.065154   
1.560977  0.934528   0.065472   
1.580990  0.934220   0.065780   
1.601002  0.933920   0.066080   
1.621015  0.933627   0.066373   
1.641027  0.933343   0.066657   
1.661040  0.933066   0.066934   
1.681052  0.932795   0.067205   
1.701065  0.932530   0.067470   
1.721077  0.932120   0.067880   
1.741090  0.931515   0.068485   
1.761103  0.930831   0.069169   
1.781115  0.930109   0.069891   
1.801128  0.929366   0.070634   
1.821140  0.928611   0.071389   
1.841153  0.927849   0.072151   
1.861165  0.927082   0.072918   
1.881178  0.926313   0.073687   
1.901190  0.925542   0.074458   
1.921203  0.924772   0.075228   
1.941215  0.924003   0.075997   
1.961228  0.923235   0.076765   
1.981240  0.922469   0.077531   
2.001253  0.921706   0.078294   
2.021265  0.920944   0.079056   
2.041278  0.920186   0.079814   
2.061290  0.919430   0.080570   
2.081303  0.918678   0.081322   
2.101316  0.917928   0.082072   
2.121328  0.917182   0.082818   
2.141341  0.916439   0.083561   
2.161353  0.915700   0.084300   
2.181366  0.914964   0.085036   
2.201378  0.914232   0.085768   
2.221391  0.913503   0.086497   
2.241403  0.912778   0.087222   
2.261416  0.912057   0.087943   
2.281428  0.911339   0.088661   
2.301441  0.910624   0.089376   
2.321453  0.909914   0.090086   
2.341466  0.909207   0.090793   
2.361478  0.908503   0.091497   
2.381491  0.907803   0.092197   
2.401503  0.907107   0.092893   
2.421516  0.906415   0.093585   
2.441529  0.905726   0.094274   
2.461541  0.905040   0.094960   
2.481554  0.904359   0.095641   
2.501566  0.903680   0.096320   
2.521579  0.903005   0.096995   
2.541591  0.902334   0.097666   
2.561604  0.901667   0.098333   
2.581616  0.901002   0.098998   
2.601629  0.900341   0.099659   
2.621641  0.899684   0.100316   
2.641654  0.899030   0.100970   
2.661666  0.898379   0.101621   
2.681679  0.897732   0.102268   
2.701691  0.897088   0.102912   
2.721704  0.896448   0.103552   
2.741716  0.895811   0.104189   
2.761729  0.895177   0.104823   
2.781742  0.894546   0.105454   
2.801754  0.893918   0.106082   
2.821767  0.893294   0.106706   
2.841779  0.892673   0.107327   
2.861792  0.892055   0.107945   
2.881804  0.891440   0.108560   
2.901817  0.890828   0.109172   
2.921829  0.890219   0.109781   
2.941842  0.889614   0.110386   
2.961854  0.889011   0.110989   
2.981867  0.888411   0.111589   
3.001879  0.887815   0.112185   
3.021892  0.887221   0.112779   
3.041904  0.886630   0.113370   
3.061917  0.886043   0.113957   
3.081929  0.885458   0.114542   
3.101942  0.884876   0.115124   
3.121955  0.884296   0.115704   
3.141967  0.883720   0.116280   
3.161980  0.883146   0.116854   
3.181992  0.882576   0.117424   
3.202005  0.882008   0.117992   
3.222017  0.881442   0.118558   
3.242030  0.880880   0.119120   
3.262042  0.880320   0.119680   
3.282055  0.879763   0.120237   
3.302067  0.879208   0.120792   
3.322080  0.878656   0.121344   
3.342092  0.878107   0.121893   
3.362105  0.877560   0.122440   
3.382117  0.877016   0.122984   
3.402130  0.876474   0.123526   
3.422142  0.875935   0.124065   
3.442155  0.875398   0.124602   
3.462168  0.874864   0.125136   
3.482180  0.874333   0.125667   
3.502193  0.873803   0.126197   
3.522205  0.873277   0.126723   
3.542218  0.872752   0.127248   
3.562230  0.872230   0.127770   
3.582243  0.871711   0.128289   
3.602255  0.871193   0.128807   
3.622268  0.870678   0.129322   
3.642280  0.870166   0.129834   
3.662293  0.869656   0.130344   
3.682305  0.869148   0.130852   
3.702318  0.868642   0.131358   
3.722330  0.868138   0.131862   
3.742343  0.867637   0.132363   
3.762355  0.867138   0.132862   
3.782368  0.866641   0.133359   
3.802381  0.866146   0.133854   
3.822393  0.865654   0.134346   
3.842406  0.865163   0.134837   
3.862418  0.864675   0.135325   
3.882431  0.864189   0.135811   
3.902443  0.863705   0.136295   
3.922456  0.863223   0.136777   
3.942468  0.862743   0.137257   
3.962481  0.862265   0.137735   
3.982493  0.861789   0.138211   
4.002506  0.861316   0.138684   
4.022518  0.860844   0.139156   
4.042531  0.860374   0.139626   
4.062543  0.859906   0.140094   
4.082556  0.859440   0.140560   
4.102568  0.858976   0.141024   
4.122581  0.858514   0.141486   
4.142594  0.858054   0.141946   
4.162606  0.857596   0.142404   
4.182619  0.857140   0.142860   
4.202631  0.856685   0.143315   
4.222644  0.856233   0.143767   
4.242656  0.855782   0.144218   
4.262669  0.855333   0.144667   
4.282681  0.854886   0.145114   
4.302694  0.854441   0.145559   
4.322706  0.853998   0.146002   
4.342719  0.853556   0.146444   
4.362731  0.853116   0.146884   
4.382744  0.852678   0.147322   
4.402756  0.852242   0.147758   
4.422769  0.851807   0.148193   
4.442781  0.851374   0.148626   
4.462794  0.850943   0.149057   
4.482807  0.850514   0.149486   
4.502819  0.850086   0.149914   
4.522832  0.849660   0.150340   
4.542844  0.849235   0.150765   
4.562857  0.848812   0.151188   
4.582869  0.848391   0.151609   
4.602882  0.847972   0.152028   
4.622894  0.847554   0.152446   
4.642907  0.847138   0.152862   
4.662919  0.846723   0.153277   
4.682932  0.846310   0.153690   
4.702944  0.845898   0.154102   
4.722957  0.845488   0.154512   
4.742969  0.845080   0.154920   
4.762982  0.844673   0.155327   
4.782994  0.844267   0.155733   
4.803007  0.843864   0.156136   
4.823019  0.843461   0.156539   
4.843032  0.843061   0.156939   
4.863045  0.842661   0.157339   
4.883057  0.842263   0.157737   
4.903070  0.841867   0.158133   
4.923082  0.841472   0.158528   
4.943095  0.841079   0.158921   
4.963107  0.840687   0.159313   
4.983120  0.840296   0.159704   
5.003132  0.839907   0.160093   
5.023145  0.839519   0.160481   
5.043157  0.839133   0.160867   
5.063170  0.838748   0.161252   
5.083182  0.838365   0.161635   
5.103195  0.837982   0.162018   
5.123207  0.837602   0.162398   
5.143220  0.837222   0.162778   
5.163232  0.836844   0.163156   
5.183245  0.836467   0.163533   
5.203258  0.836092   0.163908   
5.223270  0.835718   0.164282   
5.243283  0.835345   0.164655   
5.263295  0.834974   0.165026   
5.283308  0.834604   0.165396   
5.303320  0.834235   0.165765   
5.323333  0.833868   0.166132   
5.343345  0.833501   0.166499   
5.363358  0.833136   0.166864   
5.383370  0.832773   0.167227   
5.403383  0.832410   0.167590   
5.423395  0.832049   0.167951   
5.443408  0.831689   0.168311   
5.463420  0.831330   0.168670   
5.483433  0.830973   0.169027   
5.503445  0.830617   0.169383   
5.523458  0.830262   0.169738   
5.543471  0.829908   0.170092   
5.563483  0.829555   0.170445   
5.583496  0.829204   0.170796   
5.603508  0.828853   0.171147   
5.623521  0.828504   0.171496   
5.643533  0.828156   0.171844   
5.663546  0.827809   0.172191   
5.683558  0.827464   0.172536   
5.703571  0.827119   0.172881   
5.723583  0.826776   0.173224   
5.743596  0.826434   0.173566   
5.763608  0.826093   0.173907   
5.783621  0.825753   0.174247   
5.803633  0.825414   0.174586   
5.823646  0.825076   0.174924   
5.843658  0.824740   0.175260   
5.863671  0.824404   0.175596   
5.883684  0.824070   0.175930   
5.903696  0.823736   0.176264   
5.923709  0.823404   0.176596   
5.943721  0.823073   0.176927   
5.963734  0.822743   0.177257   
5.983746  0.822414   0.177586   
6.003759  0.822086   0.177914   
6.023771  0.821759   0.178241   
6.043784  0.821433   0.178567   
6.063796  0.821108   0.178892   
6.083809  0.820784   0.179216   
6.103821  0.820461   0.179539   
6.123834  0.820139   0.179861   
6.143846  0.819818   0.180182   
6.163859  0.819499   0.180501   
6.183871  0.819180   0.180820   
6.203884  0.818862   0.181138   
6.223897  0.818545   0.181455   
6.243909  0.818229   0.181771   
6.263922  0.817914   0.182086   
6.283934  0.817600   0.182400   
6.303947  0.817287   0.182713   
6.323959  0.816975   0.183025   
6.343972  0.816664   0.183336   
6.363984  0.816354   0.183646   
6.383997  0.816045   0.183955   
6.404009  0.815737   0.184263   
6.424022  0.815430   0.184570   
6.444034  0.815124   0.184876   
6.464047  0.814818   0.185182   
6.484059  0.814514   0.185486   
6.504072  0.814210   0.185790   
6.524084  0.813908   0.186092   
6.544097  0.813606   0.186394   
6.564110  0.813305   0.186695   
6.584122  0.813005   0.186995   
6.604135  0.812706   0.187294   
6.624147  0.812408   0.187592   
6.644160  0.812111   0.187889   
6.664172  0.811814   0.188186   
6.684185  0.811519   0.188481   
6.704197  0.811224   0.188776   
6.724210  0.810930   0.189070   
6.744222  0.810637   0.189363   
6.764235  0.810345   0.189655   
6.784247  0.810054   0.189946   
6.804260  0.809764   0.190236   
6.824272  0.809474   0.190526   
6.844285  0.809186   0.190814   
6.864297  0.808898   0.191102   
6.884310  0.808611   0.191389   
6.904323  0.808325   0.191675   
6.924335  0.808039   0.191961   
6.944348  0.807755   0.192245   
6.964360  0.807471   0.192529   
6.984373  0.807188   0.192812   
7.004385  0.806906   0.193094   
7.024398  0.806624   0.193376   
7.044410  0.806344   0.193656   
7.064423  0.806064   0.193936   
7.084435  0.805785   0.194215   
7.104448  0.805507   0.194493   
7.124460  0.805230   0.194770   
7.144473  0.804953   0.195047   
7.164485  0.804677   0.195323   
7.184498  0.804402   0.195598   
7.204510  0.804128   0.195872   
7.224523  0.803854   0.196146   
7.244536  0.803582   0.196418   
7.264548  0.803310   0.196690   
7.284561  0.803038   0.196962   
7.304573  0.802768   0.197232   
7.324586  0.802498   0.197502   
7.344598  0.802229   0.197771   
7.364611  0.801961   0.198039   
7.384623  0.801693   0.198307   
7.404636  0.801426   0.198574   
7.424648  0.801160   0.198840   
7.444661  0.800895   0.199105   
7.464673  0.800630   0.199370   
7.484686  0.800366   0.199634   
7.504698  0.800103   0.199897   
7.524711  0.799840   0.200160   
7.544723  0.799578   0.200422   
7.564736  0.799317   0.200683   
7.584749  0.799057   0.200943   
7.604761  0.798797   0.201203   
7.624774  0.798538   0.201462   
7.644786  0.798280   0.201720   
7.664799  0.798022   0.201978   
7.684811  0.797765   0.202235   
7.704824  0.797509   0.202491   
7.724836  0.797253   0.202747   
7.744849  0.796998   0.203002   
7.764861  0.796744   0.203256   
7.784874  0.796490   0.203510   
7.804886  0.796237   0.203763   
7.824899  0.795985   0.204015   
7.844911  0.795733   0.204267   
7.864924  0.795482   0.204518   
7.884936  0.795232   0.204768   
7.904949  0.794982   0.205018   
7.924962  0.794733   0.205267   
7.944974  0.794484   0.205516   
7.964987  0.794237   0.205763   
7.984999  0.793989   0.206011   
8.005012  0.793743   0.206257   
