0.040025 0.010464
0.060038 0.015560
0.080050 0.020574
0.100063 0.025511
0.120075 0.030372
0.140088 0.035163
0.160100 0.039887
0.180113 0.044545
0.200125 0.049142
0.220138 0.053679
0.240150 0.058158
0.260163 0.062582
0.280175 0.066953
0.300188 0.071272
0.320200 0.075542
0.340213 0.079763
0.360226 0.083938
0.380238 0.088068
0.400251 0.092153
0.420263 0.096196
0.440276 0.100198
0.460288 0.104159
0.480301 0.108081
0.500313 0.111964
0.520326 0.115810
0.540338 0.119619
0.560351 0.123393
0.580363 0.127131
0.600376 0.130835
0.620388 0.134506
0.640401 0.138144
0.660413 0.141749
0.680426 0.145323
0.700439 0.148865
0.720451 0.152377
0.740464 0.155859
0.760476 0.159312
0.780489 0.162735
0.800501 0.166130
0.820514 0.169495
0.840526 0.172832
0.860539 0.176139
0.880551 0.179419
0.900564 0.182672
0.920576 0.185898
0.940589 0.189097
0.960601 0.192270
0.980614 0.195417
1.000626 0.198538
1.020639 0.201634
1.040652 0.204706
1.060664 0.207752
1.080677 0.210775
1.100689 0.213773
1.120702 0.216748
1.140714 0.219699
1.160727 0.222627
1.180739 0.225533
1.200752 0.228415
1.220764 0.231275
1.240777 0.234114
1.260789 0.236930
1.280802 0.239724
1.300814 0.242497
1.320827 0.245249
1.340839 0.247980
1.360852 0.250690
1.380865 0.253380
1.400877 0.256049
1.420890 0.258698
1.440902 0.261328
1.460915 0.263937
1.480927 0.266527
1.500940 0.269098
1.520952 0.271649
1.540965 0.274181
1.560977 0.276695
1.580990 0.279190
1.601002 0.281667
1.621015 0.284125
1.641027 0.286565
1.661040 0.288987
1.681052 0.291392
1.701065 0.293778
1.721077 0.296148
1.741090 0.298500
1.761103 0.300835
1.781115 0.303152
1.801128 0.305453
1.821140 0.307737
1.841153 0.310005
1.861165 0.312256
1.881178 0.314491
1.901190 0.316710
1.921203 0.318913
1.941215 0.321099
1.961228 0.323271
1.981240 0.325426
2.001253 0.327566
2.021265 0.329690
2.041278 0.331800
2.061290 0.333894
2.081303 0.335973
2.101316 0.338037
2.121328 0.340086
2.141341 0.342121
2.161353 0.344141
2.181366 0.346147
2.201378 0.348139
2.221391 0.350116
2.241403 0.352079
2.261416 0.354028
2.281428 0.355963
2.301441 0.357885
2.321453 0.359793
2.341466 0.361687
2.361478 0.363568
2.381491 0.365435
2.401503 0.367289
2.421516 0.369130
2.441529 0.370958
2.461541 0.372772
2.481554 0.374574
2.501566 0.376363
2.521579 0.378140
2.541591 0.379903
2.561604 0.381655
2.581616 0.383394
2.601629 0.385120
2.621641 0.386834
2.641654 0.388536
2.661666 0.390226
2.681679 0.391904
2.701691 0.393570
2.721704 0.395224
2.741716 0.396867
2.761729 0.398497
2.781742 0.400116
2.801754 0.401381
2.821767 0.402100
2.841779 0.402590
2.861792 0.402965
2.881804 0.403270
2.901817 0.403529
2.921829 0.403753
2.941842 0.403951
2.961854 0.404129
2.981867 0.404290
3.001879 0.404436
3.021892 0.404571
3.041904 0.404696
3.061917 0.404811
3.081929 0.404919
3.101942 0.405020
3.121955 0.405114
3.141967 0.405203
3.161980 0.405286
3.181992 0.405365
3.202005 0.405440
3.222017 0.405511
3.242030 0.405578
3.262042 0.405642
3.282055 0.405703
3.302067 0.405761
3.322080 0.405816
3.342092 0.405869
3.362105 0.405919
3.382117 0.405967
3.402130 0.406013
3.422142 0.406057
3.442155 0.406099
3.462168 0.406140
3.482180 0.406179
3.502193 0.406216
3.522205 0.406252
3.542218 0.406286
3.562230 0.406319
3.582243 0.406350
3.602255 0.406381
3.622268 0.406410
3.642280 0.406438
3.662293 0.406465
3.682305 0.406491
3.702318 0.406516
3.722330 0.406540
3.742343 0.406564
3.762355 0.406586
3.782368 0.406608
3.802381 0.406628
3.822393 0.406648
3.842406 0.406667
3.862418 0.406686
3.882431 0.406704
3.902443 0.406721
3.922456 0.406737
3.942468 0.406753
3.962481 0.406768
3.982493 0.406783
4.002506 0.406797
4.022518 0.406811
4.042531 0.406824
4.062543 0.406836
4.082556 0.406849
4.102568 0.406860
4.122581 0.406871
4.142594 0.406882
4.162606 0.406893
4.182619 0.406902
4.202631 0.406912
4.222644 0.406921
4.242656 0.406930
4.262669 0.406938
4.282681 0.406946
4.302694 0.406954
4.322706 0.406961
4.342719 0.406968
4.362731 0.406975
4.382744 0.406981
4.402756 0.406988
4.422769 0.406993
4.442781 0.406999
4.462794 0.407004
4.482807 0.407009
4.502819 0.407014
4.522832 0.407018
4.542844 0.407023
4.562857 0.407027
4.582869 0.407031
4.602882 0.407034
4.622894 0.407037
4.642907 0.407041
4.662919 0.407043
4.682932 0.407046
4.702944 0.407049
4.722957 0.407051
4.742969 0.407053
4.762982 0.407055
4.782994 0.407057
4.803007 0.407058
4.823019 0.407060
4.843032 0.407061
4.863045 0.407062
4.883057 0.407063
4.903070 0.407064
4.923082 0.407065
4.943095 0.407065
4.963107 0.407066
4.983120 0.407066
5.003132 0.407066
5.023145 0.407066
5.043157 0.407066
5.063170 0.407065
5.083182 0.407065
5.103195 0.407064
5.123207 0.407064
5.143220 0.407063
5.163232 0.407062
5.183245 0.407061
5.203258 0.407060
5.223270 0.407058
5.243283 0.407057
5.263295 0.407056
5.283308 0.407054
5.303320 0.407053
5.323333 0.407051
5.343345 0.407049
5.363358 0.407047
5.383370 0.407045
5.403383 0.407043
5.423395 0.407041
5.443408 0.407039
5.463420 0.407036
5.483433 0.407034
5.503445 0.407031
5.523458 0.407029
5.543471 0.407026
5.563483 0.407023
5.583496 0.407021
5.603508 0.407018
5.623521 0.407015
5.643533 0.407012
5.663546 0.407009
5.683558 0.407006
5.703571 0.407003
5.723583 0.406999
5.743596 0.406996
5.763608 0.406993
5.783621 0.406989
5.803633 0.406986
5.823646 0.406982
5.843658 0.406979
5.863671 0.406975
5.883684 0.406971
5.903696 0.406968
5.923709 0.406964
5.943721 0.406960
5.963734 0.406956
5.983746 0.406952
6.003759 0.406948
6.023771 0.406944
6.043784 0.406940
6.063796 0.406936
6.083809 0.406932
6.103821 0.406927
6.123834 0.406923
6.143846 0.406919
6.163859 0.406915
6.183871 0.406910
6.203884 0.406906
6.223897 0.406901
6.243909 0.406897
6.263922 0.406892
6.283934 0.406888
6.303947 0.406883
6.323959 0.406879
6.343972 0.406874
6.363984 0.406869
6.383997 0.406865
6.404009 0.406860
6.424022 0.406855
6.444034 0.406850
6.464047 0.406846
6.484059 0.406841
6.504072 0.406836
6.524084 0.406831
6.544097 0.406826
6.564110 0.406821
6.584122 0.406816
6.604135 0.406811
6.624147 0.406806
6.644160 0.406801
6.664172 0.406796
6.684185 0.406791
6.704197 0.406786
6.724210 0.406781
6.744222 0.406775
6.764235 0.406770
6.784247 0.406765
6.804260 0.406760
6.824272 0.406754
6.844285 0.406749
6.864297 0.406744
6.884310 0.406739
6.904323 0.406733
6.924335 0.406728
6.944348 0.406722
6.964360 0.406717
6.984373 0.406712
7.004385 0.406706
7.024398 0.406701
7.044410 0.406695
7.064423 0.406690
7.084435 0.406684
7.104448 0.406679
7.124460 0.406673
7.144473 0.406668
7.164485 0.406662
7.184498 0.406657
7.204510 0.406651
7.224523 0.406645
7.244536 0.406640
7.264548 0.406634
7.284561 0.406629
7.304573 0.406623
7.324586 0.406617
7.344598 0.406612
7.364611 0.406606
7.384623 0.406600
7.404636 0.406594
7.424648 0.406589
7.444661 0.406583
7.464673 0.406577
7.484686 0.406572
7.504698 0.406566
7.524711 0.406560
7.544723 0.406554
7.564736 0.406548
7.584749 0.406543
7.604761 0.406537
7.624774 0.406531
7.644786 0.406525
7.664799 0.406519
7.684811 0.406513
7.704824 0.406508
7.724836 0.406502
7.744849 0.406496
7.764861 0.406490
7.784874 0.406484
7.804886 0.406478
7.824899 0.406472
7.844911 0.406466
7.864924 0.406460
7.884936 0.406454
7.904949 0.406448
7.924962 0.406443
7.944974 0.406437
7.964987 0.406431
7.984999 0.406425
8.005012 0.406419
