0.219686 1.088704
0.239248 1.085685
0.258809 1.082714
0.278370 1.079790
0.297931 1.076911
0.317492 1.074075
0.337053 1.071281
0.356614 1.068527
0.376175 1.065812
0.395736 1.063135
0.415298 1.060494
0.434859 1.057890
0.454420 1.055321
0.473981 1.052785
0.493542 1.050283
0.513103 1.047813
0.532664 1.045375
0.552225 1.042969
0.571787 1.040592
0.591348 1.038246
0.610909 1.035929
0.630470 1.033641
0.650031 1.031381
0.669592 1.029149
0.689153 1.026944
0.708714 1.024766
0.728275 1.022615
0.747837 1.020489
0.767398 1.018390
0.786959 1.016316
0.806520 1.014269
0.826081 1.012249
0.845642 1.010253
0.865203 1.008282
0.884764 1.006335
0.904326 1.004412
0.923887 1.002513
0.943448 1.000636
0.963009 0.998783
0.982570 0.996952
1.002131 0.995420
1.021692 0.994346
1.041253 0.993455
1.060815 0.992651
1.080376 0.991902
1.099937 0.991196
1.119498 0.990527
1.139059 0.989893
1.158620 0.989291
1.178181 0.988722
1.197742 0.988183
1.217303 0.987673
1.236865 0.987191
1.256426 0.986737
1.275987 0.986309
1.295548 0.985906
1.315109 0.985527
1.334670 0.985170
1.354231 0.984836
1.373792 0.984522
1.393354 0.984227
1.412915 0.983952
1.432476 0.983694
1.452037 0.983452
1.471598 0.983227
1.491159 0.983017
1.510720 0.982821
1.530281 0.982639
1.549842 0.982470
1.569404 0.982313
1.588965 0.982167
1.608526 0.982032
1.628087 0.981908
1.647648 0.981793
1.667209 0.981688
1.686770 0.981591
1.706331 0.981502
1.725893 0.981422
1.745454 0.981349
1.765015 0.981283
1.784576 0.981223
1.804137 0.981170
1.823698 0.981122
1.843259 0.981081
1.862820 0.981044
1.882381 0.981013
1.901943 0.980986
1.921504 0.980964
1.941065 0.980946
1.960626 0.980933
1.980187 0.980923
1.999748 0.980916
2.019309 0.980913
2.038870 0.980913
2.058432 0.980917
2.077993 0.980923
2.097554 0.980932
2.117115 0.980943
2.136676 0.980957
2.156237 0.980973
2.175798 0.980992
2.195359 0.981012
2.214921 0.981034
2.234482 0.981058
2.254043 0.981084
2.273604 0.981112
2.293165 0.981141
2.312726 0.981171
2.332287 0.981203
2.351848 0.981236
2.371409 0.981271
2.390971 0.981306
2.410532 0.981342
2.430093 0.981380
2.449654 0.981418
2.469215 0.981458
2.488776 0.981498
2.508337 0.981539
2.527898 0.981580
2.547460 0.981623
2.567021 0.981666
2.586582 0.981709
2.606143 0.981753
2.625704 0.981798
2.645265 0.981843
2.664826 0.981888
2.684387 0.981934
2.703948 0.981980
2.723510 0.982026
2.743071 0.982073
2.762632 0.982120
2.782193 0.982168
2.801754 0.982215
2.821315 0.982263
2.840876 0.982311
2.860437 0.982359
2.879999 0.982407
2.899560 0.982455
2.919121 0.982504
2.938682 0.982552
2.958243 0.982601
2.977804 0.982650
2.997365 0.982698
3.016926 0.982747
3.036487 0.982796
3.056049 0.982844
3.075610 0.982893
3.095171 0.982941
3.114732 0.982990
3.134293 0.983039
3.153854 0.983087
3.173415 0.983135
3.192976 0.983184
3.212538 0.983232
3.232099 0.983280
3.251660 0.983328
3.271221 0.983376
3.290782 0.983424
3.310343 0.983471
3.329904 0.983519
3.349465 0.983566
3.369027 0.983613
3.388588 0.983661
3.408149 0.983708
3.427710 0.983754
3.447271 0.983801
3.466832 0.983847
3.486393 0.983894
3.505954 0.983940
3.525515 0.983986
3.545077 0.984031
3.564638 0.984077
3.584199 0.984122
3.603760 0.984168
3.623321 0.984213
3.642882 0.984257
3.662443 0.984302
3.682004 0.984347
3.701566 0.984391
3.721127 0.984435
3.740688 0.984479
3.760249 0.984522
3.779810 0.984566
3.799371 0.984609
3.818932 0.984652
3.838493 0.984695
3.858054 0.984738
3.877616 0.984780
3.897177 0.984822
3.916738 0.984864
3.936299 0.984906
3.955860 0.984948
3.975421 0.984989
3.994982 0.985030
4.014543 0.985071
4.034105 0.985112
4.053666 0.985152
4.073227 0.985193
4.092788 0.985233
4.112349 0.985273
4.131910 0.985313
4.151471 0.985352
4.171032 0.985391
4.190593 0.985431
4.210155 0.985469
4.229716 0.985508
4.249277 0.985547
4.268838 0.985585
4.288399 0.985623
4.307960 0.985661
4.327521 0.985699
4.347082 0.985736
4.366644 0.985773
4.386205 0.985810
4.405766 0.985847
4.425327 0.985884
4.444888 0.985920
4.464449 0.985957
4.484010 0.985993
4.503571 0.986029
4.523133 0.986064
4.542694 0.986100
4.562255 0.986135
4.581816 0.986170
4.601377 0.986205
4.620938 0.986240
4.640499 0.986275
4.660060 0.986309
4.679621 0.986343
4.699183 0.986377
4.718744 0.986411
4.738305 0.986445
4.757866 0.986478
4.777427 0.986511
4.796988 0.986544
4.816549 0.986577
4.836110 0.986610
4.855672 0.986643
4.875233 0.986675
4.894794 0.986707
4.914355 0.986739
4.933916 0.986771
4.953477 0.986803
4.973038 0.986834
4.992599 0.986866
5.012160 0.986897
5.031722 0.986928
5.051283 0.986959
5.070844 0.986989
5.090405 0.987020
5.109966 0.987050
5.129527 0.987080
5.149088 0.987110
5.168649 0.987140
5.188211 0.987170
5.207772 0.987199
5.227333 0.987229
5.246894 0.987258
5.266455 0.987287
5.286016 0.987316
5.305577 0.987345
5.325138 0.987373
5.344699 0.987402
5.364261 0.987430
5.383822 0.987458
5.403383 0.987486
5.422944 0.987514
5.442505 0.987542
5.462066 0.987569
5.481627 0.987597
5.501188 0.987624
5.520750 0.987651
5.540311 0.987678
5.559872 0.987705
5.579433 0.987732
5.598994 0.987758
5.618555 0.987785
5.638116 0.987811
5.657677 0.987837
5.677239 0.987863
5.696800 0.987889
5.716361 0.987915
5.735922 0.987941
5.755483 0.987966
5.775044 0.987991
5.794605 0.988017
5.814166 0.988042
5.833727 0.988067
5.853289 0.988092
5.872850 0.988116
5.892411 0.988141
5.911972 0.988165
5.931533 0.988190
5.951094 0.988214
5.970655 0.988238
5.990216 0.988262
6.009778 0.988286
6.029339 0.988310
6.048900 0.988333
6.068461 0.988357
6.088022 0.988380
6.107583 0.988404
6.127144 0.988427
6.146705 0.988450
6.166266 0.988473
6.185828 0.988496
6.205389 0.988518
6.224950 0.988541
6.244511 0.988563
6.264072 0.988586
6.283633 0.988608
6.303194 0.988630
6.322755 0.988652
6.342317 0.988674
6.361878 0.988696
6.381439 0.988718
6.401000 0.988740
6.420561 0.988761
6.440122 0.988782
6.459683 0.988804
6.479244 0.988825
6.498805 0.988846
6.518367 0.988867
6.537928 0.988888
6.557489 0.988909
6.577050 0.988930
6.596611 0.988950
6.616172 0.988971
6.635733 0.988991
6.655294 0.989012
6.674856 0.989032
6.694417 0.989052
6.713978 0.989072
6.733539 0.989092
6.753100 0.989112
6.772661 0.989132
6.792222 0.989152
6.811783 0.989171
6.831345 0.989191
6.850906 0.989210
6.870467 0.989229
6.890028 0.989249
6.909589 0.989268
6.929150 0.989287
6.948711 0.989306
6.968272 0.989325
6.987833 0.989344
7.007395 0.989362
7.026956 0.989381
7.046517 0.989400
7.066078 0.989418
7.085639 0.989437
7.105200 0.989455
7.124761 0.989473
7.144322 0.989491
7.163884 0.989509
7.183445 0.989527
7.203006 0.989545
7.222567 0.989563
7.242128 0.989581
7.261689 0.989599
7.281250 0.989616
7.300811 0.989634
7.320372 0.989651
7.339934 0.989669
7.359495 0.989686
7.379056 0.989703
7.398617 0.989720
7.418178 0.989737
7.437739 0.989754
7.457300 0.989771
7.476861 0.989788
7.496423 0.989805
7.515984 0.989822
7.535545 0.989838
7.555106 0.989855
7.574667 0.989871
7.594228 0.989888
7.613789 0.989904
7.633350 0.989921
7.652911 0.989937
7.672473 0.989953
7.692034 0.989969
7.711595 0.989985
7.731156 0.990001
7.750717 0.990017
7.770278 0.990033
7.789839 0.990049
7.809400 0.990064
7.828962 0.990080
7.848523 0.990096
7.868084 0.990111
7.887645 0.990127
7.907206 0.990142
7.926767 0.990157
7.946328 0.990173
7.965889 0.990188
7.985450 0.990203
8.005012 0.990218
