0.207938 0.017761 0.008982 0.004121 0.694977 0.006554 
0.215751 0.019054 0.009680 0.004428 0.720024 0.006980 
0.223563 0.020389 0.010406 0.004744 0.744997 0.007416 
0.231376 0.021765 0.011158 0.005071 0.769898 0.007864 
0.239189 0.023182 0.011937 0.005407 0.794726 0.008323 
0.247001 0.024640 0.012744 0.005753 0.819481 0.008794 
0.254814 0.026138 0.013578 0.006108 0.844165 0.009275 
0.262627 0.027677 0.014439 0.006473 0.868778 0.009767 
0.270440 0.029255 0.015327 0.006847 0.893319 0.010271 
0.278252 0.030873 0.016243 0.007230 0.917789 0.010785 
0.286065 0.032531 0.017186 0.007623 0.942189 0.011310 
0.293878 0.034227 0.018157 0.008024 0.966520 0.011846 
0.301690 0.035963 0.019156 0.008433 0.990780 0.012392 
0.309503 0.037738 0.020182 0.008852 1.014971 0.012950 
0.317316 0.039551 0.021236 0.009279 1.039094 0.013517 
0.325128 0.041402 0.022318 0.009714 1.063148 0.014096 
0.332941 0.043291 0.023428 0.010157 1.087133 0.014685 
0.340754 0.045219 0.024566 0.010608 1.111051 0.015285 
0.348567 0.047184 0.025732 0.011067 1.134901 0.015895 
0.356379 0.049186 0.026926 0.011534 1.158684 0.016515 
0.364192 0.051226 0.028148 0.012008 1.182400 0.017146 
0.372005 0.053303 0.029399 0.012490 1.206050 0.017788 
0.379817 0.055417 0.030678 0.012979 1.229633 0.018440 
0.387630 0.057568 0.031985 0.013475 1.253151 0.019102 
0.395443 0.059755 0.033321 0.013978 1.276603 0.019774 
0.403255 0.061979 0.034685 0.014488 1.299989 0.020457 
0.411068 0.064239 0.036078 0.015004 1.323311 0.021150 
0.418881 0.066535 0.037500 0.015527 1.346568 0.021854 
0.426694 0.068866 0.038950 0.016056 1.369762 0.022567 
0.434506 0.071234 0.040429 0.016592 1.392891 0.023291 
0.442319 0.073637 0.041937 0.017133 1.415956 0.024025 
0.450132 0.076075 0.043474 0.017680 1.438958 0.024770 
0.457944 0.078548 0.045040 0.018233 1.461897 0.025524 
0.465757 0.081057 0.046635 0.018791 1.484774 0.026289 
0.473570 0.083600 0.048259 0.019355 1.507588 0.027063 
0.481382 0.086178 0.049913 0.019924 1.530340 0.027848 
0.489195 0.088790 0.051595 0.020498 1.553030 0.028643 
0.497008 0.091437 0.053307 0.021078 1.575659 0.029448 
0.504821 0.094117 0.055049 0.021661 1.598227 0.030263 
0.512633 0.096832 0.056819 0.022250 1.620734 0.031088 
0.520446 0.099580 0.058620 0.022843 1.643180 0.031924 
0.528259 0.102362 0.060450 0.023440 1.665567 0.032769 
0.536071 0.105177 0.062309 0.024041 1.687893 0.033624 
0.543884 0.108026 0.064198 0.024647 1.710160 0.034489 
0.551697 0.110907 0.066117 0.025256 1.732368 0.035365 
0.559509 0.113822 0.068066 0.025869 1.754517 0.036250 
0.567322 0.116769 0.070044 0.026485 1.776607 0.037145 
0.575135 0.119748 0.072053 0.027105 1.798639 0.038051 
0.582948 0.122760 0.074091 0.027728 1.820613 0.038966 
0.590760 0.125804 0.076160 0.028355 1.842530 0.039891 
0.598573 0.128880 0.078258 0.028984 1.864389 0.040826 
0.606386 0.131988 0.080387 0.029616 1.886191 0.041772 
0.614198 0.135127 0.082546 0.030251 1.907937 0.042727 
0.622011 0.138297 0.084735 0.030888 1.929626 0.043692 
0.629824 0.141499 0.086955 0.031528 1.951259 0.044666 
0.637636 0.144732 0.089205 0.032170 1.972837 0.045651 
0.645449 0.147995 0.091485 0.032814 1.994359 0.046646 
0.653262 0.151289 0.093796 0.033460 2.015826 0.047651 
0.661075 0.154613 0.096137 0.034108 2.037238 0.048665 
0.668887 0.157967 0.098509 0.034758 2.058596 0.049690 
0.676700 0.161352 0.100912 0.035409 2.079900 0.050724 
0.684513 0.164766 0.103345 0.036062 2.101151 0.051768 
0.692325 0.168209 0.105809 0.036717 2.122348 0.052822 
0.700138 0.171682 0.108304 0.037372 2.143492 0.053886 
0.707951 0.175184 0.110830 0.038029 2.164583 0.054960 
0.715763 0.178715 0.113387 0.038686 2.185622 0.056044 
0.723576 0.182274 0.115974 0.039344 2.206609 0.057137 
0.731389 0.185862 0.118593 0.040004 2.227544 0.058241 
0.739202 0.189478 0.121243 0.040663 2.248427 0.059354 
0.747014 0.193122 0.123924 0.041324 2.269260 0.060477 
0.754827 0.196794 0.126636 0.041984 2.290042 0.061610 
0.762640 0.200493 0.129379 0.042645 2.310774 0.062752 
0.770452 0.204219 0.132153 0.043306 2.331456 0.063905 
0.778265 0.207973 0.134959 0.043968 2.352088 0.065067 
0.786078 0.211754 0.137796 0.044629 2.372671 0.066239 
0.793890 0.215561 0.140665 0.045290 2.393205 0.067421 
0.801703 0.219394 0.143565 0.045951 2.413690 0.068613 
0.809516 0.223254 0.146496 0.046611 2.434128 0.069815 
0.817329 0.227139 0.149459 0.047271 2.454517 0.071026 
0.825141 0.231050 0.152454 0.047930 2.474858 0.072247 
0.832954 0.234986 0.155480 0.048589 2.495153 0.073478 
0.840767 0.238948 0.158538 0.049247 2.515400 0.074719 
0.848579 0.242935 0.161628 0.049905 2.535601 0.075969 
0.856392 0.246946 0.164749 0.050561 2.555756 0.077229 
0.864205 0.250981 0.167903 0.051217 2.575865 0.078499 
0.872017 0.255041 0.171088 0.051871 2.595929 0.079779 
0.879830 0.259125 0.174305 0.052524 2.615948 0.081068 
0.887643 0.263232 0.177554 0.053176 2.635921 0.082367 
0.895456 0.267363 0.180835 0.053827 2.655851 0.083676 
0.903268 0.271517 0.184148 0.054476 2.675736 0.084995 
0.911081 0.275694 0.187493 0.055124 2.695577 0.086323 
0.918894 0.279894 0.190870 0.055770 2.715376 0.087661 
0.926706 0.284116 0.194279 0.056415 2.735131 0.089009 
0.934519 0.288360 0.197721 0.057058 2.754843 0.090366 
0.942332 0.292627 0.201195 0.057699 2.774513 0.091733 
0.950144 0.296914 0.204701 0.058339 2.794141 0.093110 
0.957957 0.301224 0.208239 0.058976 2.813728 0.094497 
0.965770 0.305554 0.211810 0.059612 2.833273 0.095893 
0.973582 0.309905 0.215413 0.060246 2.852777 0.097299 
0.981395 0.314277 0.219048 0.060877 2.872241 0.098714 
0.989208 0.318670 0.222716 0.061507 2.891665 0.100139 
0.997021 0.323082 0.226416 0.062134 2.911048 0.101574 
1.004833 0.327515 0.230149 0.062759 2.930392 0.103019 
1.012646 0.331967 0.233915 0.063382 2.949697 0.104473 
1.020459 0.336438 0.237713 0.064003 2.968963 0.105936 
1.028271 0.340929 0.241544 0.064621 2.988190 0.107410 
1.036084 0.345439 0.245407 0.065237 3.007380 0.108893 
1.043897 0.349967 0.249303 0.065850 3.026531 0.110385 
1.051709 0.354513 0.253232 0.066461 3.045645 0.111887 
1.059522 0.359078 0.257194 0.067070 3.064722 0.113399 
1.067335 0.363660 0.261188 0.067675 3.083761 0.114920 
1.075148 0.368260 0.265215 0.068279 3.102765 0.116451 
1.082960 0.372878 0.269276 0.068879 3.121732 0.117992 
1.090773 0.377512 0.273369 0.069477 3.140663 0.119542 
1.098586 0.382164 0.277495 0.070072 3.159559 0.121101 
1.106398 0.386832 0.281654 0.070665 3.178420 0.122671 
1.114211 0.391516 0.285846 0.071254 3.197246 0.124249 
1.122024 0.396217 0.290071 0.071841 3.216037 0.125837 
1.129836 0.400933 0.294329 0.072425 3.234794 0.127435 
1.137649 0.405665 0.298620 0.073006 3.253517 0.129042 
1.145462 0.410413 0.302944 0.073584 3.272207 0.130659 
1.153275 0.415175 0.307302 0.074160 3.290863 0.132285 
1.161087 0.419953 0.311693 0.074732 3.309487 0.133921 
1.168900 0.424745 0.316117 0.075301 3.328078 0.135566 
1.176713 0.429552 0.320574 0.075868 3.346636 0.137221 
1.184525 0.434373 0.325064 0.076431 3.365163 0.138885 
1.192338 0.439207 0.329588 0.076992 3.383658 0.140558 
1.200151 0.444056 0.334145 0.077549 3.402122 0.142241 
1.207963 0.448918 0.338735 0.078104 3.420554 0.143933 
1.215776 0.453793 0.343359 0.078655 3.438956 0.145635 
1.223589 0.458681 0.348016 0.079203 3.457328 0.147346 
1.231402 0.463583 0.352707 0.079748 3.475669 0.149067 
1.239214 0.468496 0.357431 0.080290 3.493980 0.150797 
1.247027 0.473422 0.362189 0.080829 3.512263 0.152536 
1.254840 0.478360 0.366980 0.081365 3.530515 0.154285 
1.262652 0.483310 0.371804 0.081898 3.548739 0.156043 
1.270465 0.488272 0.376663 0.082428 3.566935 0.157810 
1.278278 0.493245 0.381554 0.082954 3.585102 0.159587 
1.286090 0.498229 0.386480 0.083477 3.603240 0.161373 
1.293903 0.503225 0.391439 0.083998 3.621352 0.163169 
1.301716 0.508231 0.396432 0.084515 3.639435 0.164973 
1.309529 0.513247 0.401458 0.085029 3.657492 0.166787 
1.317341 0.518274 0.406518 0.085539 3.675522 0.168611 
1.325154 0.523312 0.411612 0.086047 3.693525 0.170443 
1.332967 0.528359 0.416740 0.086551 3.711501 0.172285 
1.340779 0.533416 0.421902 0.087053 3.729452 0.174136 
1.348592 0.538482 0.427097 0.087551 3.747377 0.175996 
1.356405 0.543558 0.432326 0.088046 3.765276 0.177866 
1.364217 0.548643 0.437589 0.088538 3.783150 0.179744 
1.372030 0.553736 0.442886 0.089026 3.801000 0.181632 
1.379843 0.558839 0.448217 0.089512 3.818824 0.183529 
1.387656 0.563950 0.453581 0.089994 3.836624 0.185436 
1.395468 0.569069 0.458980 0.090474 3.854400 0.187351 
1.403281 0.574196 0.464413 0.090950 3.872152 0.189276 
1.411094 0.579332 0.469879 0.091423 3.889880 0.191210 
1.418906 0.584475 0.475380 0.091893 3.907585 0.193152 
1.426719 0.589625 0.480914 0.092360 3.925267 0.195104 
1.434532 0.594783 0.486483 0.092823 3.942926 0.197066 
1.442344 0.599949 0.492086 0.093284 3.960562 0.199036 
1.450157 0.605121 0.497723 0.093741 3.978176 0.201015 
1.457970 0.610300 0.503394 0.094196 3.995768 0.203003 
1.465783 0.615485 0.509099 0.094647 4.013338 0.205001 
1.473595 0.620677 0.514838 0.095096 4.030887 0.207007 
1.481408 0.625876 0.520611 0.095541 4.048413 0.209023 
1.489221 0.631080 0.526419 0.095983 4.065919 0.211048 
1.497033 0.636290 0.532261 0.096422 4.083404 0.213081 
1.504846 0.641506 0.538137 0.096859 4.100868 0.215124 
1.512659 0.646728 0.544047 0.097292 4.118312 0.217175 
1.520471 0.651955 0.549991 0.097722 4.135736 0.219236 
1.528284 0.657187 0.555970 0.098150 4.153139 0.221305 
1.536097 0.662425 0.561983 0.098574 4.170523 0.223384 
1.543910 0.667667 0.568031 0.098995 4.187888 0.225471 
1.551722 0.672914 0.574113 0.099414 4.205233 0.227567 
1.559535 0.678165 0.580229 0.099829 4.222559 0.229673 
1.567348 0.683421 0.586379 0.100242 4.239866 0.231787 
1.575160 0.688682 0.592564 0.100652 4.257154 0.233910 
1.582973 0.693946 0.598783 0.101058 4.274424 0.236042 
1.590786 0.699214 0.605037 0.101462 4.291676 0.238182 
1.598598 0.704487 0.611325 0.101864 4.308910 0.240332 
1.606411 0.709762 0.617648 0.102262 4.326127 0.242490 
1.614224 0.715042 0.624005 0.102657 4.343325 0.244658 
1.622037 0.720324 0.630396 0.103050 4.360507 0.246834 
1.629849 0.725610 0.636822 0.103440 4.377671 0.249018 
1.637662 0.730899 0.643283 0.103827 4.394818 0.251212 
1.645475 0.736191 0.649778 0.104212 4.411949 0.253414 
1.653287 0.741486 0.656308 0.104593 4.429063 0.255626 
1.661100 0.746783 0.662872 0.104972 4.446161 0.257845 
1.668913 0.752083 0.669471 0.105348 4.463242 0.260074 
1.676725 0.757385 0.676104 0.105722 4.480308 0.262311 
1.684538 0.762689 0.682772 0.106093 4.497358 0.264557 
1.692351 0.767996 0.689475 0.106461 4.514392 0.266812 
1.700164 0.773304 0.696212 0.106827 4.531412 0.269075 
1.707976 0.778615 0.702984 0.107190 4.548416 0.271347 
1.715789 0.783927 0.709791 0.107550 4.565405 0.273628 
1.723602 0.789240 0.716632 0.107908 4.582379 0.275917 
1.731414 0.794555 0.723508 0.108263 4.599339 0.278215 
1.739227 0.799871 0.730419 0.108616 4.616284 0.280522 
1.747040 0.805189 0.737364 0.108966 4.633215 0.282837 
1.754852 0.810508 0.744344 0.109314 4.650132 0.285161 
1.762665 0.815827 0.751359 0.109659 4.667036 0.287493 
1.770478 0.821148 0.758409 0.110002 4.683925 0.289834 
1.778290 0.826469 0.765493 0.110342 4.700801 0.292183 
1.786103 0.831790 0.772612 0.110680 4.717664 0.294541 
1.793916 0.837113 0.779766 0.111015 4.734514 0.296907 
1.801729 0.842435 0.786955 0.111348 4.751351 0.299282 
1.809541 0.847758 0.794179 0.111679 4.768175 0.301665 
1.817354 0.853081 0.801438 0.112007 4.784986 0.304057 
1.825167 0.858404 0.808731 0.112333 4.801785 0.306457 
1.832979 0.863727 0.816059 0.112657 4.818571 0.308866 
1.840792 0.869050 0.823423 0.112978 4.835346 0.311283 
1.848605 0.874372 0.830821 0.113297 4.852108 0.313709 
1.856417 0.879695 0.838254 0.113614 4.868859 0.316143 
1.864230 0.885016 0.845722 0.113928 4.885598 0.318585 
1.872043 0.890337 0.853224 0.114240 4.902326 0.321036 
1.879856 0.895658 0.860762 0.114550 4.919042 0.323494 
1.887668 0.900977 0.868335 0.114858 4.935747 0.325962 
1.895481 0.906296 0.875943 0.115164 4.952442 0.328437 
1.903294 0.911613 0.883585 0.115467 4.969125 0.330921 
1.911106 0.916930 0.891263 0.115769 4.985798 0.333414 
1.918919 0.922245 0.898976 0.116068 5.002460 0.335914 
1.926732 0.927559 0.906723 0.116365 5.019112 0.338423 
1.934544 0.932872 0.914506 0.116660 5.035753 0.340940 
1.942357 0.938183 0.922324 0.116953 5.052385 0.343465 
1.950170 0.943493 0.930177 0.117244 5.069006 0.345999 
1.957983 0.948801 0.938064 0.117532 5.085618 0.348541 
1.965795 0.954107 0.945987 0.117819 5.102220 0.351090 
1.973608 0.959412 0.953945 0.118104 5.118813 0.353648 
1.981421 0.964714 0.961938 0.118387 5.135396 0.356215 
1.989233 0.970015 0.969967 0.118668 5.151970 0.358789 
1.997046 0.975313 0.978030 0.118946 5.168535 0.361372 
2.004859 0.980609 0.986128 0.119223 5.185092 0.363962 
2.012671 0.985903 0.994262 0.119498 5.201639 0.366561 
2.020484 0.991195 1.002430 0.119772 5.218178 0.369168 
2.028297 0.996484 1.010634 0.120043 5.234708 0.371783 
2.036110 1.001771 1.018873 0.120312 5.251230 0.374406 
2.043922 1.007055 1.027147 0.120580 5.267743 0.377037 
2.051735 1.012337 1.035457 0.120846 5.284249 0.379676 
2.059548 1.017616 1.043801 0.121109 5.300746 0.382323 
2.067360 1.022892 1.052181 0.121372 5.317236 0.384978 
2.075173 1.028165 1.060596 0.121632 5.333718 0.387641 
2.082986 1.033435 1.069046 0.121891 5.350192 0.390312 
2.090798 1.038702 1.077531 0.122147 5.366659 0.392991 
2.098611 1.043967 1.086052 0.122402 5.383119 0.395678 
2.106424 1.049227 1.094608 0.122656 5.399571 0.398373 
2.114237 1.054485 1.103199 0.122908 5.416016 0.401075 
2.122049 1.059740 1.111825 0.123158 5.432455 0.403786 
2.129862 1.064991 1.120487 0.123406 5.448886 0.406505 
2.137675 1.070238 1.129184 0.123653 5.465311 0.409231 
2.145487 1.075482 1.137916 0.123898 5.481729 0.411965 
2.153300 1.080722 1.146683 0.124141 5.498141 0.414708 
2.161113 1.085959 1.155486 0.124383 5.514547 0.417457 
2.168925 1.091192 1.164324 0.124623 5.530946 0.420215 
2.176738 1.096422 1.173197 0.124862 5.547339 0.422981 
2.184551 1.101647 1.182106 0.125099 5.563726 0.425754 
2.192364 1.106869 1.191050 0.125335 5.580107 0.428535 
2.200176 1.112086 1.200030 0.125569 5.596483 0.431324 
2.207989 1.117300 1.209044 0.125802 5.612852 0.434121 
2.215802 1.122509 1.218094 0.126033 5.629217 0.436925 
2.223614 1.127715 1.227180 0.126263 5.645575 0.439737 
2.231427 1.132916 1.236301 0.126491 5.661929 0.442557 
2.239240 1.138113 1.245457 0.126718 5.678277 0.445384 
2.247052 1.143305 1.254649 0.126943 5.694621 0.448219 
2.254865 1.148493 1.263876 0.127167 5.710959 0.451062 
2.262678 1.153677 1.273138 0.127390 5.727292 0.453912 
2.270491 1.158856 1.282436 0.127611 5.743621 0.456770 
2.278303 1.164031 1.291769 0.127830 5.759945 0.459635 
2.286116 1.169201 1.301138 0.128049 5.776264 0.462509 
2.293929 1.174367 1.310542 0.128266 5.792579 0.465389 
2.301741 1.179527 1.319981 0.128482 5.808890 0.468277 
2.309554 1.184683 1.329456 0.128696 5.825196 0.471173 
2.317367 1.189835 1.338967 0.128910 5.841498 0.474077 
2.325179 1.194981 1.348513 0.129121 5.857796 0.476987 
2.332992 1.200122 1.358094 0.129332 5.874091 0.479906 
2.340805 1.205259 1.367711 0.129541 5.890381 0.482832 
2.348618 1.210390 1.377363 0.129750 5.906668 0.485765 
2.356430 1.215517 1.387051 0.129957 5.922951 0.488706 
2.364243 1.220638 1.396774 0.130162 5.939230 0.491654 
2.372056 1.225754 1.406533 0.130367 5.955506 0.494609 
2.379868 1.230865 1.416327 0.130570 5.971779 0.497572 
2.387681 1.235971 1.426157 0.130772 5.988049 0.500543 
2.395494 1.241071 1.436022 0.130973 6.004315 0.503521 
2.403306 1.246166 1.445923 0.131173 6.020578 0.506506 
2.411119 1.251256 1.455859 0.131372 6.036838 0.509498 
2.418932 1.256341 1.465831 0.131569 6.053096 0.512498 
2.426745 1.261419 1.475838 0.131766 6.069350 0.515505 
2.434557 1.266493 1.485881 0.131961 6.085602 0.518520 
2.442370 1.271561 1.495960 0.132156 6.101852 0.521541 
2.450183 1.276623 1.506074 0.132349 6.118098 0.524570 
2.457995 1.281679 1.516223 0.132541 6.134343 0.527607 
2.465808 1.286730 1.526408 0.132732 6.150585 0.530650 
2.473621 1.291776 1.536629 0.132922 6.166825 0.533701 
2.481433 1.296815 1.546885 0.133112 6.183062 0.536759 
2.489246 1.301849 1.557177 0.133300 6.199298 0.539824 
2.497059 1.306877 1.567505 0.133487 6.215532 0.542896 
2.504872 1.311899 1.577868 0.133673 6.231763 0.545976 
2.512684 1.316915 1.588266 0.133858 6.247993 0.549062 
2.520497 1.321925 1.598701 0.134042 6.264222 0.552156 
2.528310 1.326929 1.609170 0.134226 6.280448 0.555257 
2.536122 1.331927 1.619676 0.134408 6.296673 0.558365 
2.543935 1.336919 1.630217 0.134589 6.312897 0.561480 
2.551748 1.341905 1.640794 0.134770 6.329119 0.564603 
2.559560 1.346885 1.651406 0.134950 6.345340 0.567732 
2.567373 1.351859 1.662054 0.135128 6.361559 0.570868 
2.575186 1.356827 1.672737 0.135306 6.377778 0.574012 
2.582998 1.361788 1.683456 0.135483 6.393995 0.577162 
2.590811 1.366743 1.694211 0.135659 6.410212 0.580319 
2.598624 1.371692 1.705002 0.135835 6.426427 0.583484 
2.606437 1.376635 1.715828 0.136009 6.442642 0.586655 
2.614249 1.381571 1.726690 0.136183 6.458856 0.589834 
2.622062 1.386501 1.737587 0.136356 6.475069 0.593019 
2.629875 1.391424 1.748520 0.136528 6.491282 0.596211 
2.637687 1.396341 1.759489 0.136699 6.507494 0.599410 
2.645500 1.401252 1.770493 0.136869 6.523706 0.602616 
2.653313 1.406156 1.781533 0.137039 6.539917 0.605829 
2.661125 1.411053 1.792609 0.137208 6.556128 0.609049 
2.668938 1.415944 1.803720 0.137376 6.572339 0.612276 
2.676751 1.420829 1.814868 0.137544 6.588550 0.615509 
2.684564 1.425706 1.826050 0.137710 6.604760 0.618750 
2.692376 1.430577 1.837269 0.137876 6.620971 0.621997 
2.700189 1.435442 1.848523 0.138042 6.637182 0.625251 
2.708002 1.440300 1.859813 0.138206 6.653393 0.628511 
2.715814 1.445151 1.871139 0.138370 6.669604 0.631779 
2.723627 1.449995 1.882500 0.138533 6.685815 0.635053 
2.731440 1.454832 1.893897 0.138696 6.702027 0.638334 
2.739252 1.459663 1.905329 0.138858 6.718239 0.641622 
2.747065 1.464487 1.916798 0.139019 6.734452 0.644916 
2.754878 1.469304 1.928302 0.139180 6.750665 0.648218 
2.762691 1.474114 1.939842 0.139340 6.766879 0.651525 
2.770503 1.478917 1.951417 0.139499 6.783093 0.654840 
2.778316 1.483714 1.963029 0.139658 6.799309 0.658161 
2.786129 1.488503 1.974676 0.139816 6.815525 0.661489 
2.793941 1.493286 1.986358 0.139974 6.831742 0.664823 
2.801754 1.498061 1.998077 0.140131 6.847960 0.668164 
2.809567 1.502829 2.009831 0.140287 6.864179 0.671512 
2.817379 1.507591 2.021621 0.140443 6.880399 0.674866 
2.825192 1.512345 2.033447 0.140598 6.896621 0.678227 
2.833005 1.517092 2.045308 0.140753 6.912843 0.681594 
2.840818 1.521833 2.057205 0.140907 6.929067 0.684968 
2.848630 1.526566 2.069138 0.141061 6.945292 0.688349 
2.856443 1.531291 2.081107 0.141214 6.961519 0.691736 
2.864256 1.536010 2.093111 0.141367 6.977747 0.695129 
2.872068 1.540722 2.105151 0.141519 6.993977 0.698529 
2.879881 1.545426 2.117227 0.141671 7.010208 0.701935 
2.887694 1.550123 2.129339 0.141822 7.026441 0.705348 
2.895506 1.554813 2.141486 0.141973 7.042676 0.708767 
2.903319 1.559496 2.153669 0.142123 7.058912 0.712193 
2.911132 1.564171 2.165888 0.142273 7.075151 0.715625 
2.918945 1.568839 2.178143 0.142422 7.091391 0.719063 
2.926757 1.573500 2.190433 0.142571 7.107633 0.722508 
2.934570 1.578153 2.202760 0.142719 7.123878 0.725959 
2.942383 1.582799 2.215122 0.142867 7.140124 0.729417 
2.950195 1.587438 2.227519 0.143015 7.156372 0.732881 
2.958008 1.592069 2.239953 0.143162 7.172623 0.736351 
2.965821 1.596693 2.252422 0.143309 7.188876 0.739828 
2.973633 1.601309 2.264927 0.143455 7.205131 0.743311 
2.981446 1.605918 2.277468 0.143601 7.221389 0.746800 
2.989259 1.610520 2.290045 0.143746 7.237649 0.750295 
2.997072 1.615114 2.302657 0.143891 7.253912 0.753797 
3.004884 1.619701 2.315305 0.144036 7.270177 0.757304 
3.012697 1.624280 2.327989 0.144181 7.286445 0.760819 
3.020510 1.628852 2.340709 0.144325 7.302715 0.764339 
3.028322 1.633416 2.353465 0.144468 7.318988 0.767865 
3.036135 1.637972 2.366256 0.144612 7.335264 0.771398 
3.043948 1.642521 2.379083 0.144755 7.351543 0.774937 
3.051760 1.647063 2.391946 0.144898 7.367824 0.778482 
3.059573 1.651596 2.404845 0.145040 7.384109 0.782033 
3.067386 1.656123 2.417779 0.145182 7.400396 0.785590 
3.075199 1.660641 2.430750 0.145324 7.416687 0.789153 
3.083011 1.665152 2.443756 0.145465 7.432980 0.792723 
3.090824 1.669656 2.456798 0.145607 7.449277 0.796298 
3.098637 1.674151 2.469875 0.145747 7.465577 0.799880 
3.106449 1.678639 2.482989 0.145888 7.481880 0.803468 
3.114262 1.683120 2.496138 0.146028 7.498187 0.807061 
3.122075 1.687593 2.509323 0.146168 7.514496 0.810661 
3.129887 1.692057 2.522544 0.146308 7.530809 0.814267 
3.137700 1.696515 2.535800 0.146448 7.547126 0.817879 
3.145513 1.700964 2.549093 0.146587 7.563446 0.821496 
3.153326 1.705406 2.562421 0.146726 7.579770 0.825120 
3.161138 1.709840 2.575785 0.146865 7.596097 0.828750 
3.168951 1.714267 2.589185 0.147004 7.612428 0.832385 
3.176764 1.718685 2.602620 0.147142 7.628762 0.836027 
3.184576 1.723096 2.616092 0.147280 7.645101 0.839674 
3.192389 1.727499 2.629599 0.147418 7.661443 0.843327 
3.200202 1.731894 2.643142 0.147556 7.677788 0.846987 
3.208014 1.736281 2.656721 0.147693 7.694138 0.850652 
3.215827 1.740661 2.670335 0.147831 7.710492 0.854323 
3.223640 1.745033 2.683986 0.147968 7.726849 0.857999 
3.231453 1.749397 2.697672 0.148105 7.743211 0.861682 
3.239265 1.753753 2.711394 0.148242 7.759577 0.865371 
3.247078 1.758101 2.725152 0.148378 7.775946 0.869065 
3.254891 1.762441 2.738945 0.148515 7.792320 0.872765 
3.262703 1.766774 2.752775 0.148651 7.808698 0.876471 
3.270516 1.771098 2.766640 0.148787 7.825081 0.880182 
3.278329 1.775415 2.780541 0.148923 7.841467 0.883900 
3.286141 1.779724 2.794478 0.149059 7.857858 0.887623 
3.293954 1.784025 2.808450 0.149195 7.874254 0.891352 
3.301767 1.788318 2.822459 0.149330 7.890653 0.895086 
3.309580 1.792603 2.836503 0.149466 7.907058 0.898826 
3.317392 1.796880 2.850583 0.149601 7.923466 0.902572 
3.325205 1.801149 2.864698 0.149736 7.939879 0.906324 
3.333018 1.805411 2.878850 0.149872 7.956297 0.910081 
3.340830 1.809664 2.893037 0.150007 7.972720 0.913844 
3.348643 1.813909 2.907260 0.150141 7.989147 0.917612 
3.356456 1.818147 2.921519 0.150276 8.005579 0.921386 
3.364268 1.822376 2.935814 0.150411 8.022015 0.925166 
3.372081 1.826598 2.950144 0.150546 8.038456 0.928951 
3.379894 1.830811 2.964511 0.150680 8.054903 0.932742 
3.387706 1.835017 2.978913 0.150815 8.071354 0.936539 
3.395519 1.839214 2.993350 0.150949 8.087809 0.940341 
3.403332 1.843404 3.007824 0.151084 8.104270 0.944148 
3.411145 1.847586 3.022334 0.151218 8.120736 0.947961 
3.418957 1.851759 3.036879 0.151352 8.137207 0.951780 
3.426770 1.855925 3.051460 0.151486 8.153683 0.955604 
3.434583 1.860082 3.066076 0.151620 8.170164 0.959434 
3.442395 1.864232 3.080729 0.151755 8.186650 0.963269 
3.450208 1.868373 3.095417 0.151889 8.203142 0.967109 
3.458021 1.872507 3.110141 0.152023 8.219638 0.970955 
3.465833 1.876632 3.124901 0.152157 8.236140 0.974806 
3.473646 1.880749 3.139697 0.152291 8.252647 0.978663 
3.481459 1.884859 3.154528 0.152425 8.269160 0.982525 
3.489272 1.888960 3.169395 0.152559 8.285678 0.986393 
3.497084 1.893053 3.184298 0.152693 8.302201 0.990266 
3.504897 1.897138 3.199237 0.152827 8.318730 0.994144 
3.512710 1.901215 3.214212 0.152961 8.335264 0.998028 
3.520522 1.905285 3.229222 0.153095 8.351804 1.001917 
3.528335 1.909346 3.244268 0.153229 8.368349 1.005811 
3.536148 1.913398 3.259350 0.153363 8.384900 1.009711 
3.543960 1.917443 3.274467 0.153497 8.401456 1.013616 
3.551773 1.921480 3.289621 0.153631 8.418019 1.017526 
3.559586 1.925509 3.304810 0.153765 8.434586 1.021442 
3.567399 1.929529 3.320035 0.153899 8.451160 1.025363 
3.575211 1.933542 3.335295 0.154033 8.467739 1.029289 
3.583024 1.937547 3.350591 0.154167 8.484324 1.033220 
3.590837 1.941543 3.365924 0.154301 8.500915 1.037157 
3.598649 1.945531 3.381291 0.154435 8.517512 1.041099 
3.606462 1.949511 3.396695 0.154570 8.534115 1.045045 
3.614275 1.953484 3.412134 0.154704 8.550724 1.048998 
3.622087 1.957448 3.427609 0.154839 8.567338 1.052955 
3.629900 1.961404 3.443120 0.154973 8.583959 1.056917 
3.637713 1.965351 3.458667 0.155108 8.600585 1.060885 
3.645526 1.969291 3.474249 0.155242 8.617218 1.064858 
3.653338 1.973223 3.489867 0.155377 8.633857 1.068836 
3.661151 1.977146 3.505521 0.155512 8.650502 1.072819 
3.668964 1.981062 3.521210 0.155647 8.667153 1.076807 
3.676776 1.984969 3.536936 0.155782 8.683810 1.080800 
3.684589 1.988868 3.552697 0.155917 8.700474 1.084798 
3.692402 1.992760 3.568493 0.156052 8.717143 1.088802 
3.700214 1.996643 3.584326 0.156187 8.733819 1.092810 
3.708027 2.000518 3.600194 0.156322 8.750502 1.096824 
3.715840 2.004384 3.616098 0.156458 8.767190 1.100842 
3.723653 2.008243 3.632037 0.156593 8.783885 1.104866 
3.731465 2.012094 3.648012 0.156729 8.800587 1.108894 
3.739278 2.015936 3.664023 0.156865 8.817295 1.112928 
3.747091 2.019771 3.680070 0.157001 8.834009 1.116966 
3.754903 2.023597 3.696152 0.157137 8.850730 1.121010 
3.762716 2.027415 3.712271 0.157273 8.867457 1.125058 
3.770529 2.031225 3.728424 0.157409 8.884191 1.129111 
3.778341 2.035027 3.744614 0.157545 8.900932 1.133170 
3.786154 2.038821 3.760839 0.157682 8.917679 1.137233 
3.793967 2.042607 3.777100 0.157819 8.934432 1.141301 
3.801780 2.046385 3.793396 0.157955 8.951193 1.145374 
3.809592 2.050154 3.809729 0.158092 8.967960 1.149452 
3.817405 2.053916 3.826097 0.158229 8.984734 1.153535 
3.825218 2.057669 3.842500 0.158367 9.001514 1.157622 
3.833030 2.061415 3.858940 0.158504 9.018302 1.161715 
3.840843 2.065152 3.875415 0.158642 9.035096 1.165812 
3.848656 2.068881 3.891925 0.158779 9.051897 1.169914 
3.856468 2.072602 3.908471 0.158917 9.068705 1.174021 
3.864281 2.076315 3.925053 0.159055 9.085519 1.178133 
3.872094 2.080020 3.941671 0.159194 9.102341 1.182249 
3.879907 2.083717 3.958324 0.159332 9.119169 1.186371 
3.887719 2.087405 3.975013 0.159471 9.136005 1.190497 
3.895532 2.091086 3.991738 0.159609 9.152847 1.194628 
3.903345 2.094759 4.008498 0.159748 9.169697 1.198763 
3.911157 2.098423 4.025294 0.159888 9.186553 1.202903 
3.918970 2.102080 4.042126 0.160027 9.203417 1.207048 
3.926783 2.105728 4.058993 0.160166 9.220288 1.211198 
3.934595 2.109368 4.075896 0.160306 9.237166 1.215353 
3.942408 2.113000 4.092834 0.160446 9.254051 1.219512 
3.950221 2.116624 4.109809 0.160586 9.270943 1.223675 
3.958034 2.120240 4.126818 0.160727 9.287842 1.227844 
3.965846 2.123848 4.143864 0.160867 9.304749 1.232017 
3.973659 2.127448 4.160945 0.161008 9.321662 1.236195 
3.981472 2.131040 4.178061 0.161149 9.338583 1.240377 
3.989284 2.134624 4.195214 0.161290 9.355512 1.244564 
3.997097 2.138200 4.212401 0.161431 9.372447 1.248756 
4.004910 2.141768 4.229625 0.161573 9.389390 1.252952 
4.012722 2.145327 4.246884 0.161715 9.406341 1.257152 
4.020535 2.148879 4.264179 0.161857 9.423298 1.261358 
4.028348 2.152423 4.281509 0.161999 9.440264 1.265568 
4.036161 2.155958 4.298875 0.162142 9.457236 1.269782 
4.043973 2.159486 4.316276 0.162285 9.474216 1.274001 
4.051786 2.163005 4.333713 0.162428 9.491204 1.278225 
4.059599 2.166517 4.351186 0.162571 9.508199 1.282453 
4.067411 2.170020 4.368694 0.162714 9.525201 1.286685 
4.075224 2.173516 4.386238 0.162858 9.542211 1.290922 
4.083037 2.177004 4.403818 0.163002 9.559229 1.295164 
4.090849 2.180483 4.421432 0.163146 9.576254 1.299410 
4.098662 2.183954 4.439083 0.163291 9.593286 1.303660 
4.106475 2.187418 4.456769 0.163436 9.610327 1.307915 
4.114288 2.190873 4.474491 0.163581 9.627375 1.312174 
4.122100 2.194321 4.492248 0.163726 9.644431 1.316438 
4.129913 2.197761 4.510041 0.163871 9.661494 1.320706 
4.137726 2.201192 4.527869 0.164017 9.678565 1.324979 
4.145538 2.204616 4.545733 0.164163 9.695644 1.329256 
4.153351 2.208031 4.563632 0.164310 9.712731 1.333537 
4.161164 2.211439 4.581567 0.164456 9.729825 1.337823 
4.168976 2.214839 4.599538 0.164603 9.746927 1.342113 
4.176789 2.218230 4.617544 0.164750 9.764037 1.346407 
4.184602 2.221614 4.635585 0.164898 9.781155 1.350706 
4.192414 2.224990 4.653662 0.165046 9.798280 1.355009 
4.200227 2.228358 4.671775 0.165194 9.815414 1.359316 
4.208040 2.231718 4.689923 0.165342 9.832555 1.363628 
4.215853 2.235070 4.708107 0.165491 9.849705 1.367944 
4.223665 2.238414 4.726326 0.165639 9.866862 1.372264 
4.231478 2.241750 4.744580 0.165789 9.884027 1.376589 
4.239291 2.245079 4.762870 0.165938 9.901200 1.380918 
4.247103 2.248399 4.781196 0.166088 9.918381 1.385251 
4.254916 2.251712 4.799557 0.166238 9.935570 1.389588 
4.262729 2.255016 4.817954 0.166388 9.952768 1.393930 
4.270541 2.258313 4.836386 0.166539 9.969973 1.398276 
4.278354 2.261602 4.854853 0.166690 9.987186 1.402626 
4.286167 2.264883 4.873356 0.166841 10.004407 1.406980 
4.293980 2.268156 4.891895 0.166993 10.021637 1.411339 
4.301792 2.271421 4.910469 0.167145 10.038874 1.415701 
4.309605 2.274678 4.929078 0.167297 10.056120 1.420068 
4.317418 2.277928 4.947723 0.167450 10.073374 1.424439 
4.325230 2.281169 4.966403 0.167603 10.090636 1.428814 
4.333043 2.284403 4.985119 0.167756 10.107906 1.433193 
4.340856 2.287629 5.003870 0.167910 10.125184 1.437577 
4.348668 2.290847 5.022657 0.168064 10.142471 1.441964 
4.356481 2.294057 5.041479 0.168218 10.159766 1.446356 
4.364294 2.297260 5.060336 0.168372 10.177069 1.450752 
4.372107 2.300454 5.079229 0.168527 10.194380 1.455151 
4.379919 2.303641 5.098158 0.168682 10.211700 1.459555 
4.387732 2.306820 5.117121 0.168838 10.229027 1.463963 
4.395545 2.309992 5.136121 0.168994 10.246364 1.468375 
4.403357 2.313155 5.155155 0.169150 10.263708 1.472791 
4.411170 2.316311 5.174225 0.169307 10.281061 1.477211 
4.418983 2.319459 5.193331 0.169464 10.298422 1.481636 
4.426795 2.322599 5.212471 0.169621 10.315792 1.486064 
4.434608 2.325731 5.231648 0.169779 10.333170 1.490496 
4.442421 2.328856 5.250859 0.169937 10.350556 1.494932 
4.450234 2.331973 5.270106 0.170095 10.367951 1.499372 
4.458046 2.335082 5.289388 0.170254 10.385355 1.503817 
4.465859 2.338183 5.308706 0.170413 10.402766 1.508265 
4.473672 2.341277 5.328059 0.170572 10.420187 1.512717 
4.481484 2.344363 5.347448 0.170732 10.437615 1.517173 
4.489297 2.347441 5.366871 0.170892 10.455053 1.521633 
4.497110 2.350512 5.386330 0.171053 10.472498 1.526097 
4.504922 2.353575 5.405825 0.171213 10.489952 1.530565 
4.512735 2.356630 5.425355 0.171375 10.507415 1.535037 
4.520548 2.359677 5.444920 0.171536 10.524887 1.539513 
4.528361 2.362717 5.464520 0.171698 10.542367 1.543992 
4.536173 2.365749 5.484156 0.171861 10.559855 1.548476 
4.543986 2.368774 5.503827 0.172023 10.577352 1.552963 
4.551799 2.371790 5.523534 0.172187 10.594858 1.557454 
4.559611 2.374800 5.543276 0.172350 10.612372 1.561949 
4.567424 2.377801 5.563053 0.172514 10.629895 1.566448 
4.575237 2.380795 5.582865 0.172678 10.647427 1.570951 
4.583049 2.383781 5.602713 0.172843 10.664967 1.575458 
4.590862 2.386760 5.622596 0.173008 10.682516 1.579968 
4.598675 2.389731 5.642514 0.173173 10.700074 1.584483 
4.606488 2.392695 5.662468 0.173339 10.717640 1.589001 
4.614300 2.395650 5.682457 0.173505 10.735215 1.593523 
4.622113 2.398599 5.702481 0.173672 10.752799 1.598048 
4.629926 2.401539 5.722540 0.173839 10.770391 1.602578 
4.637738 2.404473 5.742635 0.174006 10.787993 1.607111 
4.645551 2.407398 5.762765 0.174174 10.805603 1.611648 
4.653364 2.410316 5.782930 0.174342 10.823222 1.616189 
4.661176 2.413227 5.803130 0.174511 10.840849 1.620733 
4.668989 2.416130 5.823366 0.174680 10.858486 1.625281 
4.676802 2.419025 5.843637 0.174849 10.876131 1.629833 
4.684615 2.421913 5.863943 0.175019 10.893785 1.634389 
4.692427 2.424793 5.884284 0.175189 10.911448 1.638948 
4.700240 2.427666 5.904661 0.175360 10.929120 1.643511 
4.708053 2.430532 5.925073 0.175531 10.946801 1.648078 
4.715865 2.433390 5.945520 0.175703 10.964490 1.652648 
4.723678 2.436240 5.966002 0.175875 10.982189 1.657222 
4.731491 2.439083 5.986520 0.176047 10.999896 1.661800 
4.739303 2.441919 6.007072 0.176220 11.017612 1.666381 
4.747116 2.444747 6.027660 0.176393 11.035337 1.670967 
4.754929 2.447567 6.048283 0.176566 11.053071 1.675555 
4.762742 2.450380 6.068941 0.176740 11.070814 1.680147 
4.770554 2.453186 6.089635 0.176915 11.088566 1.684743 
4.778367 2.455984 6.110363 0.177090 11.106327 1.689343 
4.786180 2.458775 6.131127 0.177265 11.124097 1.693946 
4.793992 2.461559 6.151926 0.177441 11.141876 1.698553 
4.801805 2.464335 6.172760 0.177617 11.159664 1.703163 
4.809618 2.467104 6.193629 0.177793 11.177461 1.707777 
4.817430 2.469865 6.214534 0.177970 11.195267 1.712394 
4.825243 2.472619 6.235473 0.178148 11.213082 1.717015 
4.833056 2.475366 6.256448 0.178326 11.230906 1.721640 
4.840869 2.478105 6.277458 0.178504 11.248739 1.726268 
4.848681 2.480837 6.298503 0.178683 11.266581 1.730899 
4.856494 2.483561 6.319583 0.178862 11.284432 1.735535 
4.864307 2.486279 6.340698 0.179042 11.302292 1.740173 
4.872119 2.488989 6.361848 0.179222 11.320161 1.744815 
4.879932 2.491691 6.383033 0.179402 11.338039 1.749461 
4.887745 2.494387 6.404254 0.179583 11.355927 1.754110 
4.895557 2.497075 6.425509 0.179765 11.373824 1.758763 
4.903370 2.499756 6.446800 0.179947 11.391729 1.763419 
4.911183 2.502429 6.468126 0.180129 11.409644 1.768078 
4.918996 2.505095 6.489487 0.180312 11.427568 1.772741 
4.926808 2.507754 6.510882 0.180495 11.445501 1.777408 
4.934621 2.510406 6.532313 0.180679 11.463443 1.782078 
4.942434 2.513051 6.553779 0.180863 11.481395 1.786751 
4.950246 2.515688 6.575280 0.181048 11.499355 1.791428 
4.958059 2.518318 6.596817 0.181233 11.517325 1.796108 
4.965872 2.520941 6.618388 0.181418 11.535304 1.800792 
4.973684 2.523557 6.639994 0.181604 11.553292 1.805479 
4.981497 2.526165 6.661635 0.181791 11.571290 1.810169 
4.989310 2.528767 6.683311 0.181978 11.589296 1.814863 
4.997122 2.531361 6.705023 0.182165 11.607312 1.819560 
5.004935 2.533948 6.726769 0.182353 11.625337 1.824260 
5.012748 2.536528 6.748550 0.182541 11.643372 1.828964 
5.020561 2.539100 6.770367 0.182730 11.661415 1.833671 
5.028373 2.541666 6.792218 0.182920 11.679468 1.838382 
5.036186 2.544225 6.814104 0.183109 11.697530 1.843096 
5.043999 2.546776 6.836026 0.183300 11.715601 1.847813 
5.051811 2.549320 6.857982 0.183490 11.733682 1.852534 
5.059624 2.551857 6.879973 0.183682 11.751772 1.857257 
5.067437 2.554387 6.902000 0.183873 11.769871 1.861985 
5.075249 2.556911 6.924061 0.184066 11.787979 1.866715 
5.083062 2.559426 6.946157 0.184258 11.806097 1.871449 
5.090875 2.561935 6.968288 0.184451 11.824224 1.876186 
5.098688 2.564437 6.990454 0.184645 11.842361 1.880926 
5.106500 2.566932 7.012655 0.184839 11.860506 1.885670 
5.114313 2.569420 7.034891 0.185034 11.878662 1.890417 
5.122126 2.571901 7.057162 0.185229 11.896826 1.895167 
5.129938 2.574374 7.079468 0.185425 11.915000 1.899920 
5.137751 2.576841 7.101809 0.185621 11.933183 1.904676 
5.145564 2.579301 7.124184 0.185817 11.951375 1.909436 
5.153376 2.581754 7.146595 0.186014 11.969577 1.914199 
5.161189 2.584200 7.169040 0.186212 11.987788 1.918966 
5.169002 2.586639 7.191521 0.186410 12.006009 1.923735 
5.176815 2.589071 7.214036 0.186609 12.024239 1.928508 
5.184627 2.591496 7.236586 0.186808 12.042478 1.933283 
5.192440 2.593914 7.259171 0.187007 12.060727 1.938062 
5.200253 2.596325 7.281791 0.187208 12.078985 1.942845 
5.208065 2.598729 7.304446 0.187408 12.097253 1.947630 
5.215878 2.601127 7.327136 0.187609 12.115530 1.952419 
5.223691 2.603517 7.349860 0.187811 12.133817 1.957210 
5.231503 2.605901 7.372620 0.188013 12.152112 1.962005 
5.239316 2.608277 7.395414 0.188216 12.170418 1.966803 
5.247129 2.610647 7.418243 0.188419 12.188733 1.971604 
5.254942 2.613010 7.441107 0.188622 12.207057 1.976408 
5.262754 2.615367 7.464006 0.188827 12.225390 1.981216 
5.270567 2.617716 7.486939 0.189031 12.243734 1.986026 
5.278380 2.620058 7.509908 0.189237 12.262086 1.990840 
5.286192 2.622394 7.532911 0.189442 12.280448 1.995656 
5.294005 2.624723 7.555949 0.189649 12.298820 2.000476 
5.301818 2.627045 7.579021 0.189855 12.317201 2.005299 
5.309630 2.629361 7.602129 0.190063 12.335591 2.010125 
5.317443 2.631669 7.625271 0.190270 12.353991 2.014954 
5.325256 2.633971 7.648449 0.190479 12.372401 2.019786 
5.333069 2.636266 7.671661 0.190688 12.390820 2.024621 
5.340881 2.638555 7.694907 0.190897 12.409248 2.029459 
5.348694 2.640836 7.718189 0.191107 12.427686 2.034301 
5.356507 2.643111 7.741505 0.191317 12.446134 2.039145 
5.364319 2.645379 7.764856 0.191528 12.464591 2.043992 
5.372132 2.647641 7.788242 0.191740 12.483057 2.048842 
5.379945 2.649896 7.811662 0.191952 12.501533 2.053696 
5.387757 2.652144 7.835117 0.192164 12.520019 2.058552 
5.395570 2.654385 7.858607 0.192377 12.538514 2.063411 
5.403383 2.656620 7.882132 0.192591 12.557019 2.068274 
5.411196 2.658849 7.905691 0.192805 12.575533 2.073139 
5.419008 2.661070 7.929286 0.193020 12.594056 2.078007 
5.426821 2.663285 7.952914 0.193235 12.612590 2.082878 
5.434634 2.665493 7.976578 0.193451 12.631133 2.087753 
5.442446 2.667695 8.000276 0.193667 12.649685 2.092630 
5.450259 2.669890 8.024009 0.193884 12.668247 2.097510 
5.458072 2.672079 8.047777 0.194102 12.686819 2.102393 
5.465884 2.674261 8.071579 0.194320 12.705400 2.107279 
5.473697 2.676436 8.095416 0.194538 12.723990 2.112168 
5.481510 2.678605 8.119287 0.194757 12.742591 2.117060 
5.489323 2.680767 8.143194 0.194977 12.761201 2.121955 
5.497135 2.682923 8.167135 0.195197 12.779820 2.126853 
5.504948 2.685072 8.191110 0.195418 12.798449 2.131753 
5.512761 2.687215 8.215120 0.195639 12.817088 2.136657 
5.520573 2.689351 8.239165 0.195861 12.835736 2.141563 
5.528386 2.691481 8.263245 0.196083 12.854394 2.146473 
5.536199 2.693604 8.287359 0.196306 12.873061 2.151385 
5.544011 2.695721 8.311507 0.196529 12.891738 2.156300 
5.551824 2.697831 8.335691 0.196754 12.910425 2.161218 
5.559637 2.699935 8.359909 0.196978 12.929121 2.166139 
5.567450 2.702033 8.384161 0.197203 12.947827 2.171062 
5.575262 2.704124 8.408448 0.197429 12.966543 2.175989 
5.583075 2.706208 8.432770 0.197655 12.985268 2.180918 
5.590888 2.708287 8.457126 0.197882 13.004003 2.185851 
5.598700 2.710358 8.481517 0.198110 13.022747 2.190786 
5.606513 2.712424 8.505942 0.198337 13.041501 2.195724 
5.614326 2.714483 8.530402 0.198566 13.060265 2.200664 
5.622138 2.716536 8.554897 0.198795 13.079038 2.205608 
5.629951 2.718582 8.579426 0.199025 13.097821 2.210554 
5.637764 2.720622 8.603990 0.199255 13.116614 2.215503 
5.645577 2.722656 8.628588 0.199486 13.135416 2.220455 
5.653389 2.724683 8.653220 0.199717 13.154228 2.225410 
5.661202 2.726704 8.677888 0.199949 13.173049 2.230367 
5.669015 2.728719 8.702589 0.200182 13.191881 2.235328 
5.676827 2.730727 8.727326 0.200415 13.210721 2.240291 
5.684640 2.732729 8.752096 0.200649 13.229572 2.245257 
5.692453 2.734725 8.776902 0.200883 13.248432 2.250225 
5.700265 2.736715 8.801741 0.201118 13.267302 2.255196 
5.708078 2.738698 8.826616 0.201353 13.286182 2.260171 
5.715891 2.740675 8.851524 0.201589 13.305071 2.265147 
5.723704 2.742646 8.876468 0.201826 13.323969 2.270127 
5.731516 2.744610 8.901445 0.202063 13.342878 2.275109 
5.739329 2.746569 8.926457 0.202301 13.361796 2.280094 
5.747142 2.748521 8.951504 0.202539 13.380724 2.285082 
5.754954 2.750467 8.976585 0.202778 13.399662 2.290072 
5.762767 2.752407 9.001701 0.203018 13.418609 2.295066 
5.770580 2.754341 9.026851 0.203258 13.437566 2.300061 
5.778392 2.756268 9.052035 0.203498 13.456532 2.305060 
5.786205 2.758190 9.077254 0.203740 13.475508 2.310061 
5.794018 2.760105 9.102507 0.203982 13.494494 2.315065 
5.801830 2.762014 9.127795 0.204224 13.513490 2.320072 
5.809643 2.763917 9.153117 0.204467 13.532495 2.325081 
5.817456 2.765814 9.178473 0.204711 13.551510 2.330093 
5.825269 2.767705 9.203864 0.204955 13.570535 2.335108 
5.833081 2.769590 9.229289 0.205200 13.589569 2.340125 
5.840894 2.771468 9.254749 0.205445 13.608614 2.345145 
5.848707 2.773341 9.280243 0.205692 13.627667 2.350167 
5.856519 2.775208 9.305771 0.205938 13.646731 2.355193 
5.864332 2.777068 9.331334 0.206185 13.665804 2.360221 
5.872145 2.778923 9.356931 0.206433 13.684887 2.365251 
5.879957 2.780771 9.382563 0.206682 13.703979 2.370284 
5.887770 2.782614 9.408228 0.206931 13.723082 2.375320 
5.895583 2.784450 9.433929 0.207181 13.742194 2.380358 
5.903396 2.786281 9.459663 0.207431 13.761315 2.385399 
5.911208 2.788105 9.485432 0.207682 13.780447 2.390443 
5.919021 2.789924 9.511235 0.207933 13.799588 2.395489 
5.926834 2.791736 9.537072 0.208186 13.818739 2.400537 
5.934646 2.793543 9.562944 0.208438 13.837899 2.405589 
5.942459 2.795343 9.588850 0.208692 13.857069 2.410643 
5.950272 2.797138 9.614791 0.208946 13.876249 2.415699 
5.958084 2.798927 9.640765 0.209200 13.895439 2.420758 
5.965897 2.800710 9.666774 0.209455 13.914638 2.425820 
5.973710 2.802487 9.692817 0.209711 13.933847 2.430884 
5.981523 2.804258 9.718895 0.209968 13.953066 2.435951 
5.989335 2.806024 9.745007 0.210225 13.972295 2.441020 
5.997148 2.807783 9.771153 0.210482 13.991533 2.446092 
6.004961 2.809537 9.797333 0.210741 14.010781 2.451166 
6.012773 2.811284 9.823548 0.211000 14.030038 2.456243 
6.020586 2.813026 9.849796 0.211259 14.049306 2.461322 
6.028399 2.814762 9.876079 0.211519 14.068583 2.466404 
6.036211 2.816493 9.902397 0.211780 14.087870 2.471488 
6.044024 2.818217 9.928748 0.212042 14.107166 2.476575 
6.051837 2.819936 9.955134 0.212304 14.126472 2.481665 
6.059650 2.821649 9.981554 0.212566 14.145788 2.486757 
6.067462 2.823356 10.008008 0.212830 14.165114 2.491851 
6.075275 2.825058 10.034496 0.213094 14.184449 2.496948 
6.083088 2.826753 10.061019 0.213358 14.203794 2.502048 
6.090900 2.828443 10.087575 0.213623 14.223149 2.507149 
6.098713 2.830127 10.114166 0.213889 14.242514 2.512254 
6.106526 2.831806 10.140791 0.214156 14.261888 2.517361 
6.114338 2.833479 10.167451 0.214423 14.281272 2.522470 
6.122151 2.835146 10.194144 0.214691 14.300666 2.527582 
6.129964 2.836807 10.220872 0.214959 14.320069 2.532696 
6.137777 2.838463 10.247633 0.215228 14.339482 2.537813 
6.145589 2.840113 10.274429 0.215498 14.358905 2.542932 
6.153402 2.841757 10.301259 0.215768 14.378337 2.548053 
6.161215 2.843396 10.328123 0.216039 14.397780 2.553177 
6.169027 2.845029 10.355021 0.216311 14.417232 2.558304 
6.176840 2.846657 10.381954 0.216583 14.436693 2.563433 
6.184653 2.848279 10.408920 0.216856 14.456165 2.568564 
6.192465 2.849895 10.435921 0.217129 14.475646 2.573698 
6.200278 2.851506 10.462956 0.217404 14.495137 2.578834 
6.208091 2.853111 10.490024 0.217678 14.514637 2.583972 
6.215904 2.854711 10.517127 0.217954 14.534147 2.589113 
6.223716 2.856305 10.544264 0.218230 14.553667 2.594257 
6.231529 2.857893 10.571435 0.218507 14.573197 2.599402 
6.239342 2.859476 10.598640 0.218784 14.592736 2.604551 
6.247154 2.861053 10.625879 0.219062 14.612285 2.609701 
6.254967 2.862625 10.653153 0.219341 14.631844 2.614854 
6.262780 2.864192 10.680460 0.219621 14.651413 2.620009 
6.270592 2.865753 10.707801 0.219901 14.670991 2.625167 
6.278405 2.867308 10.735176 0.220181 14.690579 2.630327 
6.286218 2.868858 10.762586 0.220463 14.710177 2.635489 
6.294031 2.870403 10.790029 0.220745 14.729784 2.640654 
6.301843 2.871942 10.817507 0.221028 14.749401 2.645821 
6.309656 2.873475 10.845018 0.221311 14.769028 2.650990 
6.317469 2.875003 10.872564 0.221595 14.788664 2.656162 
6.325281 2.876526 10.900143 0.221880 14.808310 2.661336 
6.333094 2.878043 10.927756 0.222165 14.827966 2.666513 
6.340907 2.879555 10.955404 0.222451 14.847632 2.671691 
6.348719 2.881062 10.983085 0.222738 14.867307 2.676872 
6.356532 2.882563 11.010801 0.223025 14.886992 2.682056 
6.364345 2.884059 11.038550 0.223313 14.906687 2.687242 
6.372158 2.885549 11.066333 0.223602 14.926391 2.692430 
6.379970 2.887034 11.094151 0.223891 14.946105 2.697620 
6.387783 2.888514 11.122002 0.224181 14.965829 2.702813 
6.395596 2.889988 11.149887 0.224472 14.985563 2.708007 
6.403408 2.891457 11.177806 0.224764 15.005306 2.713205 
6.411221 2.892921 11.205759 0.225056 15.025059 2.718404 
6.419034 2.894380 11.233746 0.225348 15.044821 2.723606 
6.426846 2.895833 11.261767 0.225642 15.064593 2.728810 
6.434659 2.897281 11.289822 0.225936 15.084375 2.734016 
6.442472 2.898723 11.317911 0.226231 15.104167 2.739225 
6.450285 2.900161 11.346033 0.226526 15.123968 2.744436 
6.458097 2.901593 11.374190 0.226822 15.143779 2.749649 
6.465910 2.903020 11.402380 0.227119 15.163600 2.754865 
6.473723 2.904441 11.430605 0.227417 15.183430 2.760082 
6.481535 2.905858 11.458863 0.227715 15.203270 2.765302 
6.489348 2.907269 11.487155 0.228014 15.223120 2.770524 
6.497161 2.908675 11.515481 0.228314 15.242979 2.775749 
6.504973 2.910076 11.543841 0.228614 15.262848 2.780976 
6.512786 2.911472 11.572234 0.228915 15.282727 2.786204 
6.520599 2.912862 11.600662 0.229217 15.302615 2.791436 
6.528412 2.914248 11.629123 0.229519 15.322513 2.796669 
6.536224 2.915628 11.657618 0.229822 15.342421 2.801904 
6.544037 2.917003 11.686147 0.230126 15.362339 2.807142 
6.551850 2.918373 11.714710 0.230430 15.382266 2.812382 
6.559662 2.919738 11.743307 0.230735 15.402202 2.817625 
6.567475 2.921098 11.771937 0.231041 15.422149 2.822869 
6.575288 2.922452 11.800601 0.231348 15.442105 2.828116 
6.583100 2.923802 11.829299 0.231655 15.462071 2.833364 
6.590913 2.925146 11.858031 0.231963 15.482046 2.838615 
6.598726 2.926486 11.886797 0.232272 15.502031 2.843869 
6.606538 2.927820 11.915596 0.232581 15.522026 2.849124 
6.614351 2.929149 11.944429 0.232891 15.542030 2.854382 
6.622164 2.930474 11.973296 0.233202 15.562044 2.859641 
6.629977 2.931793 12.002197 0.233513 15.582067 2.864903 
6.637789 2.933107 12.031131 0.233825 15.602101 2.870167 
6.645602 2.934417 12.060100 0.234138 15.622144 2.875434 
6.653415 2.935721 12.089101 0.234452 15.642196 2.880702 
6.661227 2.937020 12.118137 0.234766 15.662258 2.885973 
6.669040 2.938314 12.147207 0.235081 15.682330 2.891245 
6.676853 2.939604 12.176310 0.235397 15.702412 2.896520 
6.684665 2.940888 12.205447 0.235713 15.722503 2.901797 
6.692478 2.942168 12.234617 0.236031 15.742603 2.907077 
6.700291 2.943442 12.263821 0.236348 15.762714 2.912358 
6.708104 2.944712 12.293059 0.236667 15.782834 2.917641 
6.715916 2.945977 12.322331 0.236986 15.802963 2.922927 
6.723729 2.947236 12.351636 0.237306 15.823103 2.928215 
6.731542 2.948491 12.380975 0.237627 15.843251 2.933505 
6.739354 2.949741 12.410348 0.237948 15.863410 2.938797 
6.747167 2.950986 12.439755 0.238271 15.883578 2.944091 
6.754980 2.952227 12.469195 0.238594 15.903756 2.949387 
6.762792 2.953462 12.498668 0.238917 15.923943 2.954685 
6.770605 2.954693 12.528176 0.239242 15.944140 2.959986 
6.778418 2.955918 12.557717 0.239567 15.964346 2.965288 
6.786231 2.957139 12.587291 0.239892 15.984562 2.970593 
6.794043 2.958355 12.616900 0.240219 16.004788 2.975899 
6.801856 2.959567 12.646541 0.240546 16.025023 2.981208 
6.809669 2.960773 12.676217 0.240874 16.045268 2.986519 
6.817481 2.961975 12.705926 0.241203 16.065523 2.991832 
6.825294 2.963172 12.735669 0.241532 16.085787 2.997147 
6.833107 2.964364 12.765445 0.241863 16.106061 3.002464 
6.840919 2.965552 12.795255 0.242194 16.126344 3.007783 
6.848732 2.966734 12.825099 0.242525 16.146637 3.013105 
6.856545 2.967912 12.854976 0.242858 16.166939 3.018428 
6.864358 2.969086 12.884887 0.243191 16.187251 3.023753 
6.872170 2.970254 12.914831 0.243525 16.207573 3.029081 
6.879983 2.971418 12.944809 0.243859 16.227904 3.034410 
6.887796 2.972577 12.974820 0.244195 16.248244 3.039742 
6.895608 2.973731 13.004865 0.244531 16.268595 3.045076 
6.903421 2.974881 13.034943 0.244867 16.288955 3.050411 
6.911234 2.976026 13.065055 0.245205 16.309324 3.055749 
6.919046 2.977167 13.095201 0.245543 16.329703 3.061089 
6.926859 2.978303 13.125380 0.245882 16.350091 3.066430 
6.934672 2.979434 13.155593 0.246222 16.370489 3.071774 
6.942485 2.980560 13.185839 0.246563 16.390897 3.077120 
6.950297 2.981682 13.216119 0.246904 16.411314 3.082468 
6.958110 2.982799 13.246432 0.247246 16.431741 3.087818 
6.965923 2.983912 13.276778 0.247589 16.452177 3.093170 
6.973735 2.985020 13.307159 0.247933 16.472623 3.098524 
6.981548 2.986124 13.337572 0.248277 16.493078 3.103879 
6.989361 2.987223 13.368019 0.248622 16.513543 3.109237 
6.997173 2.988317 13.398500 0.248968 16.534018 3.114597 
7.004986 2.989407 13.429014 0.249314 16.554502 3.119959 
7.012799 2.990492 13.459562 0.249662 16.574995 3.125323 
7.020612 2.991573 13.490143 0.250010 16.595498 3.130689 
7.028424 2.992649 13.520757 0.250359 16.616010 3.136057 
7.036237 2.993721 13.551405 0.250708 16.636532 3.141427 
7.044050 2.994789 13.582086 0.251059 16.657064 3.146799 
7.051862 2.995851 13.612801 0.251410 16.677605 3.152173 
7.059675 2.996910 13.643549 0.251762 16.698156 3.157549 
7.067488 2.997963 13.674331 0.252115 16.718716 3.162926 
7.075300 2.999013 13.705146 0.252468 16.739285 3.168306 
7.083113 3.000058 13.735994 0.252822 16.759864 3.173688 
7.090926 3.001098 13.766876 0.253177 16.780453 3.179072 
7.098739 3.002134 13.797792 0.253533 16.801051 3.184457 
7.106551 3.003166 13.828740 0.253889 16.821658 3.189845 
7.114364 3.004193 13.859722 0.254247 16.842275 3.195235 
7.122177 3.005216 13.890738 0.254605 16.862902 3.200626 
7.129989 3.006234 13.921786 0.254964 16.883538 3.206020 
7.137802 3.007248 13.952869 0.255323 16.904183 3.211415 
7.145615 3.008258 13.983984 0.255684 16.924838 3.216812 
7.153427 3.009263 14.015133 0.256045 16.945502 3.222212 
7.161240 3.010264 14.046315 0.256407 16.966176 3.227613 
7.169053 3.011260 14.077531 0.256770 16.986859 3.233016 
7.176866 3.012252 14.108780 0.257133 17.007552 3.238421 
7.184678 3.013240 14.140062 0.257497 17.028254 3.243828 
7.192491 3.014224 14.171378 0.257862 17.048966 3.249237 
7.200304 3.015203 14.202726 0.258228 17.069687 3.254648 
7.208116 3.016178 14.234109 0.258595 17.090418 3.260061 
7.215929 3.017149 14.265524 0.258962 17.111158 3.265476 
7.223742 3.018115 14.296973 0.259331 17.131907 3.270893 
7.231554 3.019077 14.328455 0.259700 17.152666 3.276311 
7.239367 3.020035 14.359971 0.260069 17.173434 3.281732 
7.247180 3.020988 14.391519 0.260440 17.194212 3.287154 
7.254993 3.021938 14.423101 0.260811 17.214999 3.292578 
7.262805 3.022883 14.454716 0.261183 17.235796 3.298004 
7.270618 3.023824 14.486365 0.261556 17.256602 3.303432 
7.278431 3.024760 14.518047 0.261930 17.277417 3.308862 
7.286243 3.025693 14.549762 0.262305 17.298242 3.314294 
7.294056 3.026621 14.581510 0.262680 17.319076 3.319728 
7.301869 3.027545 14.613292 0.263056 17.339920 3.325164 
7.309681 3.028465 14.645106 0.263433 17.360773 3.330601 
7.317494 3.029380 14.676954 0.263811 17.381635 3.336040 
7.325307 3.030292 14.708836 0.264189 17.402507 3.341482 
7.333120 3.031199 14.740750 0.264569 17.423388 3.346925 
7.340932 3.032102 14.772698 0.264949 17.444279 3.352370 
7.348745 3.033001 14.804679 0.265330 17.465179 3.357817 
7.356558 3.033896 14.836693 0.265712 17.486088 3.363265 
7.364370 3.034787 14.868740 0.266094 17.507007 3.368716 
7.372183 3.035674 14.900821 0.266478 17.527935 3.374168 
7.379996 3.036556 14.932934 0.266862 17.548872 3.379623 
7.387808 3.037435 14.965081 0.267247 17.569819 3.385079 
7.395621 3.038309 14.997261 0.267633 17.590775 3.390537 
7.403434 3.039180 15.029474 0.268019 17.611741 3.395997 
7.411246 3.040046 15.061721 0.268407 17.632716 3.401458 
7.419059 3.040908 15.094000 0.268795 17.653700 3.406922 
7.426872 3.041766 15.126313 0.269184 17.674694 3.412387 
7.434685 3.042621 15.158659 0.269574 17.695697 3.417854 
7.442497 3.043471 15.191038 0.269964 17.716709 3.423323 
7.450310 3.044317 15.223450 0.270356 17.737730 3.428794 
7.458123 3.045159 15.255895 0.270748 17.758761 3.434267 
7.465935 3.045997 15.288374 0.271141 17.779802 3.439742 
7.473748 3.046831 15.320885 0.271535 17.800851 3.445218 
7.481561 3.047661 15.353430 0.271930 17.821910 3.450696 
7.489373 3.048487 15.386007 0.272326 17.842978 3.456176 
7.497186 3.049310 15.418618 0.272722 17.864056 3.461658 
7.504999 3.050128 15.451262 0.273119 17.885143 3.467141 
7.512812 3.050942 15.483939 0.273518 17.906239 3.472627 
7.520624 3.051752 15.516649 0.273916 17.927344 3.478114 
7.528437 3.052559 15.549392 0.274316 17.948459 3.483603 
7.536250 3.053361 15.582168 0.274717 17.969583 3.489094 
7.544062 3.054160 15.614978 0.275118 17.990716 3.494586 
7.551875 3.054954 15.647820 0.275520 18.011859 3.500081 
7.559688 3.055745 15.680695 0.275924 18.033011 3.505577 
7.567500 3.056532 15.713604 0.276327 18.054172 3.511075 
7.575313 3.057315 15.746545 0.276732 18.075343 3.516575 
7.583126 3.058094 15.779520 0.277138 18.096522 3.522076 
7.590939 3.058870 15.812527 0.277544 18.117711 3.527580 
7.598751 3.059641 15.845568 0.277951 18.138909 3.533085 
7.606564 3.060409 15.878642 0.278360 18.160117 3.538592 
7.614377 3.061172 15.911748 0.278769 18.181334 3.544101 
7.622189 3.061932 15.944888 0.279178 18.202560 3.549611 
7.630002 3.062688 15.978061 0.279589 18.223795 3.555123 
7.637815 3.063441 16.011266 0.280000 18.245039 3.560637 
7.645627 3.064189 16.044505 0.280413 18.266293 3.566153 
7.653440 3.064934 16.077777 0.280826 18.287556 3.571671 
7.661253 3.065675 16.111081 0.281240 18.308828 3.577190 
7.669066 3.066412 16.144419 0.281655 18.330110 3.582711 
7.676878 3.067145 16.177789 0.282071 18.351400 3.588234 
7.684691 3.067875 16.211193 0.282487 18.372700 3.593758 
7.692504 3.068601 16.244629 0.282904 18.394009 3.599285 
7.700316 3.069323 16.278099 0.283323 18.415327 3.604813 
7.708129 3.070042 16.311601 0.283742 18.436655 3.610342 
7.715942 3.070756 16.345136 0.284162 18.457991 3.615874 
7.723754 3.071467 16.378705 0.284583 18.479337 3.621407 
7.731567 3.072175 16.412306 0.285004 18.500692 3.626942 
7.739380 3.072878 16.445940 0.285427 18.522057 3.632479 
7.747193 3.073578 16.479607 0.285850 18.543430 3.638018 
7.755005 3.074274 16.513307 0.286275 18.564813 3.643558 
7.762818 3.074967 16.547040 0.286700 18.586204 3.649100 
7.770631 3.075656 16.580806 0.287126 18.607605 3.654644 
7.778443 3.076341 16.614604 0.287553 18.629015 3.660189 
7.786256 3.077023 16.648436 0.287980 18.650435 3.665736 
7.794069 3.077701 16.682300 0.288409 18.671863 3.671285 
7.801881 3.078375 16.716198 0.288839 18.693301 3.676836 
7.809694 3.079046 16.750128 0.289269 18.714747 3.682388 
7.817507 3.079713 16.784091 0.289700 18.736203 3.687942 
7.825320 3.080376 16.818087 0.290132 18.757668 3.693498 
7.833132 3.081036 16.852116 0.290565 18.779142 3.699055 
7.840945 3.081693 16.886178 0.290999 18.800626 3.704614 
7.848758 3.082345 16.920272 0.291434 18.822118 3.710175 
7.856570 3.082995 16.954399 0.291869 18.843620 3.715738 
7.864383 3.083640 16.988560 0.292306 18.865130 3.721302 
7.872196 3.084282 17.022753 0.292743 18.886650 3.726868 
7.880008 3.084921 17.056979 0.293181 18.908179 3.732436 
7.887821 3.085556 17.091237 0.293620 18.929717 3.738005 
7.895634 3.086187 17.125529 0.294060 18.951264 3.743576 
7.903447 3.086815 17.159853 0.294501 18.972820 3.749149 
7.911259 3.087440 17.194210 0.294943 18.994385 3.754723 
7.919072 3.088061 17.228600 0.295386 19.015960 3.760299 
7.926885 3.088678 17.263023 0.295829 19.037543 3.765877 
7.934697 3.089292 17.297478 0.296274 19.059136 3.771456 
7.942510 3.089902 17.331967 0.296719 19.080737 3.777038 
7.950323 3.090509 17.366488 0.297165 19.102348 3.782620 
7.958135 3.091113 17.401042 0.297612 19.123968 3.788205 
7.965948 3.091713 17.435628 0.298060 19.145597 3.793791 
7.973761 3.092310 17.470248 0.298509 19.167234 3.799379 
7.981574 3.092903 17.504900 0.298959 19.188881 3.804968 
7.989386 3.093493 17.539585 0.299409 19.210537 3.810560 
7.997199 3.094079 17.574302 0.299861 19.232202 3.816152 
8.005012 3.094662 17.609053 0.300313 19.253876 3.821747 
