0.060038    0.001255 
0.080050    0.001228 
0.100063    0.001234 
0.120075    0.001300 
0.140088    0.001440 
0.160100    0.001661 
0.180113    0.001963 
0.200125    0.002346 
0.220138    0.002809 
0.240150    0.003349 
0.260163    0.003964 
0.280175    0.004651 
0.300188    0.005408 
0.320200    0.006231 
0.340213    0.007119 
0.360226    0.008069 
0.380238    0.009078 
0.400251    0.010146 
0.420263    0.011269 
0.440276    0.012292 
0.460288    0.013821 
0.480301    0.014955 
0.500313    0.016284 
0.520326    0.017661 
0.540338    0.019085 
0.560351    0.020553 
0.580363    0.022065 
0.600376    0.023619 
0.620388    0.025215 
0.640401    0.026851 
0.660413    0.028527 
0.680426    0.030240 
0.700439    0.031990 
0.720451    0.033776 
0.740464    0.035598 
0.760476    0.037453 
0.780489    0.039341 
0.800501    0.041261 
0.820514    0.043107 
0.840526    0.044391 
0.860539    0.045886 
0.880551    0.047593 
0.900564    0.049396 
0.920576    0.051266 
0.940589    0.053190 
0.960601    0.055159 
0.980614    0.057168 
1.000626    0.059215 
1.020639    0.061294 
1.040652    0.063405 
1.060664    0.065545 
1.080677    0.067713 
1.100689    0.069906 
1.120702    0.072124 
1.140714    0.074364 
1.160727    0.076626 
1.180739    0.078908 
1.200752    0.081210 
1.220764    0.083529 
1.240777    0.085866 
1.260789    0.088219 
1.280802    0.090587 
1.300814    0.092970 
1.320827    0.095366 
1.340839    0.097774 
1.360852    0.100194 
1.380865    0.102626 
1.400877    0.105067 
1.420890    0.107518 
1.440902    0.109977 
1.460915    0.112444 
1.480927    0.114919 
1.500940    0.117400 
1.520952    0.119887 
1.540965    0.122380 
1.560977    0.124878 
1.580990    0.127379 
1.601002    0.129885 
1.621015    0.132393 
1.641027    0.134905 
1.661040    0.137418 
1.681052    0.139933 
1.701065    0.142449 
1.721077    0.144966 
1.741090    0.147483 
1.761103    0.150000 
1.781115    0.152516 
1.801128    0.155032 
1.821140    0.157545 
1.841153    0.160058 
1.861165    0.162568 
1.881178    0.165076 
1.901190    0.167580 
1.921203    0.170082 
1.941215    0.172580 
1.961228    0.175076 
1.981240    0.177566 
2.001253    0.180052 
2.021265    0.182535 
2.041278    0.185010 
2.061290    0.187484 
2.081303    0.189949 
2.101316    0.192411 
2.121328    0.194868 
2.141341    0.197316 
2.161353    0.199759 
2.181366    0.202197 
2.201378    0.204628 
2.221391    0.207052 
2.241403    0.209468 
2.261416    0.211879 
2.281428    0.214281 
2.301441    0.216677 
2.321453    0.219065 
2.341466    0.221446 
2.361478    0.223819 
2.381491    0.226183 
2.401503    0.228540 
2.421516    0.230889 
2.441529    0.233230 
2.461541    0.235562 
2.481554    0.237886 
2.501566    0.240203 
2.521579    0.242508 
2.541591    0.244809 
2.561604    0.247095 
2.581616    0.249379 
2.601629    0.251650 
2.621641    0.253911 
2.641654    0.256168 
2.661666    0.258413 
2.681679    0.260647 
2.701691    0.262875 
2.721704    0.265092 
2.741716    0.267302 
2.761729    0.269502 
2.781742    0.271690 
2.801754    0.273873 
2.821767    0.276042 
2.841779    0.278206 
2.861792    0.280355 
2.881804    0.282502 
2.901817    0.284635 
2.921829    0.286758 
2.941842    0.288875 
2.961854    0.290980 
2.981867    0.293076 
3.001879    0.295158 
3.021892    0.297242 
3.041904    0.299307 
3.061917    0.301363 
3.081929    0.303415 
3.101942    0.305450 
3.121955    0.307485 
3.141967    0.309501 
3.161980    0.311512 
3.181992    0.313516 
3.202005    0.315508 
3.222017    0.317487 
3.242030    0.319463 
3.262042    0.321425 
3.282055    0.323381 
3.302067    0.325324 
3.322080    0.327260 
3.342092    0.329191 
3.362105    0.331102 
3.382117    0.333013 
3.402130    0.334909 
3.422142    0.336804 
3.442155    0.338679 
3.462168    0.340554 
3.482180    0.342410 
3.502193    0.344269 
3.522205    0.346109 
3.542218    0.347950 
3.562230    0.349767 
3.582243    0.351589 
3.602255    0.353397 
3.622268    0.355195 
3.642280    0.356985 
3.662293    0.358769 
3.682305    0.360534 
3.702318    0.362306 
3.722330    0.364057 
3.742343    0.365803 
3.762355    0.367544 
3.782368    0.369268 
3.802381    0.370992 
3.822393    0.372700 
3.842406    0.374409 
3.862418    0.376101 
3.882431    0.377786 
3.902443    0.379465 
3.922456    0.381135 
3.942468    0.382794 
3.962481    0.384448 
3.982493    0.386099 
4.002506    0.387727 
4.022518    0.389358 
4.042531    0.390981 
4.062543    0.392591 
4.082556    0.394197 
4.102568    0.395786 
4.122581    0.397383 
4.142594    0.398960 
4.162606    0.400534 
4.182619    0.402095 
4.202631    0.403656 
4.222644    0.405202 
4.242656    0.406742 
4.262669    0.408280 
4.282681    0.409801 
4.302694    0.411326 
4.322706    0.412828 
4.342719    0.414340 
4.362731    0.415824 
4.382744    0.417326 
4.402756    0.418805 
4.422769    0.420271 
4.442781    0.421737 
4.462794    0.423203 
4.482807    0.424651 
4.502819    0.426103 
4.522832    0.427523 
4.542844    0.428969 
4.562857    0.430391 
4.582869    0.431804 
4.602882    0.433207 
4.622894    0.434616 
4.642907    0.436018 
4.662919    0.437396 
4.682932    0.438779 
4.702944    0.440157 
4.722957    0.441523 
4.742969    0.442892 
4.762982    0.444237 
4.782994    0.445586 
4.803007    0.446938 
4.823019    0.448257 
4.843032    0.449592 
4.863045    0.450924 
4.883057    0.452227 
4.903070    0.453547 
4.923082    0.454847 
4.943095    0.456127 
4.963107    0.457442 
4.983120    0.458707 
5.003132    0.459998 
5.023145    0.461256 
5.043157    0.462534 
5.063170    0.463788 
5.083182    0.465043 
5.103195    0.466283 
5.123207    0.467535 
5.143220    0.468763 
5.163232    0.470001 
5.183245    0.471216 
5.203258    0.472431 
5.223270    0.473655 
5.243283    0.474843 
5.263295    0.476058 
5.283308    0.477259 
5.303320    0.478431 
5.323333    0.479608 
5.343345    0.480817 
5.363358    0.481964 
5.383370    0.483126 
5.403383    0.484315 
5.423395    0.485439 
5.443408    0.486606 
5.463420    0.487747 
5.483433    0.488891 
5.503445    0.490016 
5.523458    0.491154 
5.543471    0.492270 
5.563483    0.493396 
5.583496    0.494497 
5.603508    0.495609 
5.623521    0.496721 
5.643533    0.497809 
5.663546    0.498909 
5.683558    0.499985 
5.703571    0.501075 
5.723583    0.502145 
5.743596    0.503234 
5.763608    0.504279 
5.783621    0.505365 
5.803633    0.506395 
5.823646    0.507479 
5.843658    0.508496 
5.863671    0.509561 
5.883684    0.510601 
5.903696    0.511608 
5.923709    0.512668 
5.943721    0.513678 
5.963734    0.514694 
5.983746    0.515713 
6.003759    0.516730 
6.023771    0.517724 
6.043784    0.518730 
6.063796    0.519731 
6.083809    0.520723 
6.103821    0.521703 
6.123834    0.522695 
6.143846    0.523669 
6.163859    0.524641 
6.183871    0.525627 
6.203884    0.526571 
6.223897    0.527545 
6.243909    0.528508 
6.263922    0.529447 
6.283934    0.530404 
6.303947    0.531343 
6.323959    0.532300 
6.343972    0.533210 
6.363984    0.534158 
6.383997    0.535097 
6.404009    0.536016 
6.424022    0.536903 
6.444034    0.537859 
6.464047    0.538757 
6.484059    0.539671 
6.504072    0.540564 
6.524084    0.541477 
6.544097    0.542365 
6.564110    0.543258 
6.584122    0.544147 
6.604135    0.545034 
6.624147    0.545917 
6.644160    0.546793 
6.664172    0.547653 
6.684185    0.548545 
6.704197    0.549406 
6.724210    0.550251 
6.744222    0.551124 
6.764235    0.551969 
6.784247    0.552837 
6.804260    0.553680 
6.824272    0.554513 
6.844285    0.555365 
6.864297    0.556195 
6.884310    0.557027 
6.904323    0.557864 
6.924335    0.558690 
6.944348    0.559506 
6.964360    0.560326 
6.984373    0.561157 
7.004385    0.561946 
7.024398    0.562776 
7.044410    0.563584 
7.064423    0.564377 
7.084435    0.565166 
7.104448    0.565971 
7.124460    0.566766 
7.144473    0.567554 
7.164485    0.568357 
7.184498    0.569109 
7.204510    0.569906 
7.224523    0.570683 
7.244536    0.571455 
7.264548    0.572221 
7.284561    0.572999 
7.304573    0.573752 
7.324586    0.574515 
7.344598    0.575282 
7.364611    0.576021 
7.384623    0.576785 
7.404636    0.577534 
7.424648    0.578261 
7.444661    0.579025 
7.464673    0.579762 
7.484686    0.580493 
7.504698    0.581223 
7.524711    0.581956 
7.544723    0.582702 
7.564736    0.583401 
7.584749    0.584141 
7.604761    0.584847 
7.624774    0.585564 
7.644786    0.586309 
7.664799    0.586972 
7.684811    0.587713 
7.704824    0.588406 
7.724836    0.589113 
7.744849    0.589808 
7.764861    0.590507 
7.784874    0.591189 
7.804886    0.591914 
7.824899    0.592566 
7.844911    0.593279 
7.864924    0.593936 
7.884936    0.594634 
7.904949    0.595328 
7.924962    0.595986 
7.944974    0.596638 
7.964987    0.597338 
7.984999    0.597991 
8.005012    0.598674 
