0.040025  0.999266   0.000734   
0.060038  0.998746   0.001254   
0.080050  0.998140   0.001860   
0.100063  0.997467   0.002533   
0.120075  0.996736   0.003264   
0.140088  0.995953   0.004047   
0.160100  0.995122   0.004878   
0.180113  0.994249   0.005751   
0.200125  0.993338   0.006662   
0.220138  0.992393   0.007607   
0.240150  0.991417   0.008583   
0.260163  0.990415   0.009585   
0.280175  0.989389   0.010611   
0.300188  0.988342   0.011658   
0.320200  0.987277   0.012723   
0.340213  0.986196   0.013804   
0.360226  0.985103   0.014897   
0.380238  0.983999   0.016001   
0.400251  0.982886   0.017114   
0.420263  0.981767   0.018233   
0.440276  0.980638   0.019362   
0.460288  0.979510   0.020490   
0.480301  0.978381   0.021619   
0.500313  0.977251   0.022749   
0.520326  0.976123   0.023877   
0.540338  0.974996   0.025004   
0.560351  0.973873   0.026127   
0.580363  0.972754   0.027246   
0.600376  0.971640   0.028360   
0.620388  0.970532   0.029468   
0.640401  0.969430   0.030570   
0.660413  0.968337   0.031663   
0.680426  0.967251   0.032749   
0.700439  0.966173   0.033827   
0.720451  0.965105   0.034895   
0.740464  0.964046   0.035954   
0.760476  0.962996   0.037004   
0.780489  0.961957   0.038043   
0.800501  0.960928   0.039072   
0.820514  0.959811   0.040189   
0.840526  0.958535   0.041465   
0.860539  0.957195   0.042805   
0.880551  0.955818   0.044182   
0.900564  0.954420   0.045580   
0.920576  0.953011   0.046989   
0.940589  0.951596   0.048404   
0.960601  0.950183   0.049817   
0.980614  0.948773   0.051227   
1.000626  0.947371   0.052629   
1.020639  0.945978   0.054022   
1.040652  0.944597   0.055403   
1.060664  0.943229   0.056771   
1.080677  0.941874   0.058126   
1.100689  0.940534   0.059466   
1.120702  0.939209   0.060791   
1.140714  0.937901   0.062099   
1.160727  0.936609   0.063391   
1.180739  0.935333   0.064667   
1.200752  0.934075   0.065925   
1.220764  0.932833   0.067167   
1.240777  0.931608   0.068392   
1.260789  0.930401   0.069599   
1.280802  0.929210   0.070790   
1.300814  0.928036   0.071964   
1.320827  0.926878   0.073122   
1.340839  0.925737   0.074263   
1.360852  0.924613   0.075387   
1.380865  0.923505   0.076495   
1.400877  0.922412   0.077588   
1.420890  0.921336   0.078664   
1.440902  0.920275   0.079725   
1.460915  0.919229   0.080771   
1.480927  0.918198   0.081802   
1.500940  0.917182   0.082818   
1.520952  0.916180   0.083820   
1.540965  0.915193   0.084807   
1.560977  0.914220   0.085780   
1.580990  0.913260   0.086740   
1.601002  0.912314   0.087686   
1.621015  0.911381   0.088619   
1.641027  0.910462   0.089538   
1.661040  0.909555   0.090445   
1.681052  0.908660   0.091340   
1.701065  0.907778   0.092222   
1.721077  0.906908   0.093092   
1.741090  0.906049   0.093951   
1.761103  0.905202   0.094798   
1.781115  0.904367   0.095633   
1.801128  0.903543   0.096457   
1.821140  0.902729   0.097271   
1.841153  0.901926   0.098074   
1.861165  0.901134   0.098866   
1.881178  0.900352   0.099648   
1.901190  0.899580   0.100420   
1.921203  0.898818   0.101182   
1.941215  0.898065   0.101935   
1.961228  0.897322   0.102678   
1.981240  0.896589   0.103411   
2.001253  0.895864   0.104136   
2.021265  0.895148   0.104852   
2.041278  0.894442   0.105558   
2.061290  0.893743   0.106257   
2.081303  0.893053   0.106947   
2.101316  0.892372   0.107628   
2.121328  0.891698   0.108302   
2.141341  0.891033   0.108967   
2.161353  0.890375   0.109625   
2.181366  0.889725   0.110275   
2.201378  0.889083   0.110917   
2.221391  0.888447   0.111553   
2.241403  0.887820   0.112180   
2.261416  0.887199   0.112801   
2.281428  0.886585   0.113415   
2.301441  0.885978   0.114022   
2.321453  0.885378   0.114622   
2.341466  0.884784   0.115216   
2.361478  0.884197   0.115803   
2.381491  0.883616   0.116384   
2.401503  0.883041   0.116959   
2.421516  0.882472   0.117528   
2.441529  0.881910   0.118090   
2.461541  0.881353   0.118647   
2.481554  0.880803   0.119197   
2.501566  0.880258   0.119742   
2.521579  0.879718   0.120282   
2.541591  0.879184   0.120816   
2.561604  0.878656   0.121344   
2.581616  0.878133   0.121867   
2.601629  0.877615   0.122385   
2.621641  0.877102   0.122898   
2.641654  0.876594   0.123406   
2.661666  0.876091   0.123909   
2.681679  0.875594   0.124406   
2.701691  0.875100   0.124900   
2.721704  0.874612   0.125388   
2.741716  0.874129   0.125871   
2.761729  0.873650   0.126350   
2.781742  0.873175   0.126825   
2.801754  0.872705   0.127295   
2.821767  0.872239   0.127761   
2.841779  0.871778   0.128222   
2.861792  0.871321   0.128679   
2.881804  0.870868   0.129132   
2.901817  0.870419   0.129581   
2.921829  0.869974   0.130026   
2.941842  0.869533   0.130467   
2.961854  0.869096   0.130904   
2.981867  0.868663   0.131337   
3.001879  0.868234   0.131766   
3.021892  0.867808   0.132192   
3.041904  0.867386   0.132614   
3.061917  0.866968   0.133032   
3.081929  0.866553   0.133447   
3.101942  0.866142   0.133858   
3.121955  0.865734   0.134266   
3.141967  0.865330   0.134670   
3.161980  0.864929   0.135071   
3.181992  0.864532   0.135468   
3.202005  0.864137   0.135863   
3.222017  0.863746   0.136254   
3.242030  0.863359   0.136641   
3.262042  0.862974   0.137026   
3.282055  0.862592   0.137408   
3.302067  0.862214   0.137786   
3.322080  0.861838   0.138162   
3.342092  0.861466   0.138534   
3.362105  0.861096   0.138904   
3.382117  0.860729   0.139271   
3.402130  0.860366   0.139634   
3.422142  0.860005   0.139995   
3.442155  0.859646   0.140354   
3.462168  0.859291   0.140709   
3.482180  0.858938   0.141062   
3.502193  0.858588   0.141412   
3.522205  0.858240   0.141760   
3.542218  0.857895   0.142105   
3.562230  0.857553   0.142447   
3.582243  0.857213   0.142787   
3.602255  0.856876   0.143124   
3.622268  0.856541   0.143459   
3.642280  0.856209   0.143791   
3.662293  0.855879   0.144121   
3.682305  0.855552   0.144448   
3.702318  0.855226   0.144774   
3.722330  0.854904   0.145096   
3.742343  0.854583   0.145417   
3.762355  0.854265   0.145735   
3.782368  0.853949   0.146051   
3.802381  0.853635   0.146365   
3.822393  0.853323   0.146677   
3.842406  0.853014   0.146986   
3.862418  0.852706   0.147294   
3.882431  0.852401   0.147599   
3.902443  0.852098   0.147902   
3.922456  0.851797   0.148203   
3.942468  0.851498   0.148502   
3.962481  0.851201   0.148799   
3.982493  0.850906   0.149094   
4.002506  0.850613   0.149387   
4.022518  0.850321   0.149679   
4.042531  0.850032   0.149968   
4.062543  0.849745   0.150255   
4.082556  0.849459   0.150541   
4.102568  0.849176   0.150824   
4.122581  0.848894   0.151106   
4.142594  0.848614   0.151386   
4.162606  0.848336   0.151664   
4.182619  0.848060   0.151940   
4.202631  0.847785   0.152215   
4.222644  0.847512   0.152488   
4.242656  0.847241   0.152759   
4.262669  0.846972   0.153028   
4.282681  0.846704   0.153296   
4.302694  0.846438   0.153562   
4.322706  0.846174   0.153826   
4.342719  0.845911   0.154089   
4.362731  0.845650   0.154350   
4.382744  0.845390   0.154610   
4.402756  0.845132   0.154868   
4.422769  0.844876   0.155124   
4.442781  0.844621   0.155379   
4.462794  0.844368   0.155632   
4.482807  0.844116   0.155884   
4.502819  0.843866   0.156134   
4.522832  0.843617   0.156383   
4.542844  0.843369   0.156631   
4.562857  0.843124   0.156876   
4.582869  0.842879   0.157121   
4.602882  0.842636   0.157364   
4.622894  0.842395   0.157605   
4.642907  0.842154   0.157846   
4.662919  0.841916   0.158084   
4.682932  0.841678   0.158322   
4.702944  0.841442   0.158558   
4.722957  0.841207   0.158793   
4.742969  0.840974   0.159026   
4.762982  0.840742   0.159258   
4.782994  0.840511   0.159489   
4.803007  0.840282   0.159718   
4.823019  0.840053   0.159947   
4.843032  0.839827   0.160173   
4.863045  0.839601   0.160399   
4.883057  0.839376   0.160624   
4.903070  0.839153   0.160847   
4.923082  0.838931   0.161069   
4.943095  0.838711   0.161289   
4.963107  0.838491   0.161509   
4.983120  0.838273   0.161727   
5.003132  0.838056   0.161944   
5.023145  0.837840   0.162160   
5.043157  0.837625   0.162375   
5.063170  0.837411   0.162589   
5.083182  0.837199   0.162801   
5.103195  0.836987   0.163013   
5.123207  0.836777   0.163223   
5.143220  0.836568   0.163432   
5.163232  0.836360   0.163640   
5.183245  0.836153   0.163847   
5.203258  0.835947   0.164053   
5.223270  0.835742   0.164258   
5.243283  0.835538   0.164462   
5.263295  0.835335   0.164665   
5.283308  0.835133   0.164867   
5.303320  0.834933   0.165067   
5.323333  0.834733   0.165267   
5.343345  0.834534   0.165466   
5.363358  0.834337   0.165663   
5.383370  0.834140   0.165860   
5.403383  0.833945   0.166055   
5.423395  0.833750   0.166250   
5.443408  0.833556   0.166444   
5.463420  0.833363   0.166637   
5.483433  0.833172   0.166828   
5.503445  0.832981   0.167019   
5.523458  0.832791   0.167209   
5.543471  0.832602   0.167398   
5.563483  0.832414   0.167586   
5.583496  0.832227   0.167773   
5.603508  0.832041   0.167959   
5.623521  0.831855   0.168145   
5.643533  0.831671   0.168329   
5.663546  0.831487   0.168513   
5.683558  0.831305   0.168695   
5.703571  0.831123   0.168877   
5.723583  0.830942   0.169058   
5.743596  0.830762   0.169238   
5.763608  0.830583   0.169417   
5.783621  0.830404   0.169596   
5.803633  0.830227   0.169773   
5.823646  0.830050   0.169950   
5.843658  0.829874   0.170126   
5.863671  0.829699   0.170301   
5.883684  0.829525   0.170475   
5.903696  0.829352   0.170648   
5.923709  0.829179   0.170821   
5.943721  0.829007   0.170993   
5.963734  0.828836   0.171164   
5.983746  0.828666   0.171334   
6.003759  0.828496   0.171504   
6.023771  0.828328   0.171672   
6.043784  0.828160   0.171840   
6.063796  0.827992   0.172008   
6.083809  0.827826   0.172174   
6.103821  0.827660   0.172340   
6.123834  0.827495   0.172505   
6.143846  0.827331   0.172669   
6.163859  0.827168   0.172832   
6.183871  0.827005   0.172995   
6.203884  0.826843   0.173157   
6.223897  0.826681   0.173319   
6.243909  0.826521   0.173479   
6.263922  0.826361   0.173639   
6.283934  0.826202   0.173798   
6.303947  0.826043   0.173957   
6.323959  0.825885   0.174115   
6.343972  0.825728   0.174272   
6.363984  0.825571   0.174429   
6.383997  0.825416   0.174584   
6.404009  0.825260   0.174740   
6.424022  0.825106   0.174894   
6.444034  0.824952   0.175048   
6.464047  0.824799   0.175201   
6.484059  0.824646   0.175354   
6.504072  0.824495   0.175505   
6.524084  0.824343   0.175657   
6.544097  0.824193   0.175807   
6.564110  0.824043   0.175957   
6.584122  0.823893   0.176107   
6.604135  0.823745   0.176255   
6.624147  0.823596   0.176404   
6.644160  0.823449   0.176551   
6.664172  0.823302   0.176698   
6.684185  0.823156   0.176844   
6.704197  0.823010   0.176990   
6.724210  0.822865   0.177135   
6.744222  0.822720   0.177280   
6.764235  0.822576   0.177424   
6.784247  0.822433   0.177567   
6.804260  0.822290   0.177710   
6.824272  0.822148   0.177852   
6.844285  0.822006   0.177994   
6.864297  0.821865   0.178135   
6.884310  0.821725   0.178275   
6.904323  0.821585   0.178415   
6.924335  0.821446   0.178554   
6.944348  0.821307   0.178693   
6.964360  0.821168   0.178832   
6.984373  0.821031   0.178969   
7.004385  0.820893   0.179107   
7.024398  0.820757   0.179243   
7.044410  0.820621   0.179379   
7.064423  0.820485   0.179515   
7.084435  0.820350   0.179650   
7.104448  0.820216   0.179784   
7.124460  0.820081   0.179919   
7.144473  0.819948   0.180052   
7.164485  0.819815   0.180185   
7.184498  0.819683   0.180317   
7.204510  0.819551   0.180449   
7.224523  0.819419   0.180581   
7.244536  0.819288   0.180712   
7.264548  0.819158   0.180842   
7.284561  0.819028   0.180972   
7.304573  0.818898   0.181102   
7.324586  0.818769   0.181231   
7.344598  0.818641   0.181359   
7.364611  0.818513   0.181487   
7.384623  0.818385   0.181615   
7.404636  0.818258   0.181742   
7.424648  0.818131   0.181869   
7.444661  0.818005   0.181995   
7.464673  0.817880   0.182120   
7.484686  0.817754   0.182246   
7.504698  0.817630   0.182370   
7.524711  0.817505   0.182495   
7.544723  0.817381   0.182619   
7.564736  0.817258   0.182742   
7.584749  0.817135   0.182865   
7.604761  0.817013   0.182987   
7.624774  0.816891   0.183109   
7.644786  0.816769   0.183231   
7.664799  0.816648   0.183352   
7.684811  0.816527   0.183473   
7.704824  0.816407   0.183593   
7.724836  0.816287   0.183713   
7.744849  0.816167   0.183833   
7.764861  0.816048   0.183952   
7.784874  0.815930   0.184070   
7.804886  0.815812   0.184188   
7.824899  0.815694   0.184306   
7.844911  0.815576   0.184424   
7.864924  0.815459   0.184541   
7.884936  0.815343   0.184657   
7.904949  0.815227   0.184773   
7.924962  0.815111   0.184889   
7.944974  0.814996   0.185004   
7.964987  0.814881   0.185119   
7.984999  0.814766   0.185234   
8.005012  0.814652   0.185348   
