0.004005   0.000000   
0.008009   0.000061   
0.012014   -0.000014   
0.016018   -0.000243   
0.020023   -0.000639   
0.024027   -0.001210   
0.028032   -0.001962   
0.032036   -0.002896   
0.036041   -0.004013   
0.040045   -0.005315   
0.044050   -0.006801   
0.048054   -0.008469   
0.052059   -0.010318   
0.056063   -0.012347   
0.060068   -0.014554   
0.064072   -0.016936   
0.068077   -0.019490   
0.072081   -0.022216   
0.076086   -0.025109   
0.080090   -0.028167   
0.084095   -0.031387   
0.088099   -0.034767   
0.092104   -0.038303   
0.096108   -0.041993   
0.100113   -0.045834   
0.104117   -0.049822   
0.108122   -0.053954   
0.112126   -0.058228   
0.116131   -0.062640   
0.120135   -0.067187   
0.124140   -0.071866   
0.128144   -0.076675   
0.132149   -0.081609   
0.136153   -0.086666   
0.140158   -0.091843   
0.144162   -0.097136   
0.148167   -0.102543   
0.152171   -0.108060   
0.156176   -0.113685   
0.160180   -0.119414   
0.164185   -0.125244   
0.168189   -0.131172   
0.172194   -0.137195   
0.176198   -0.143311   
0.180203   -0.149516   
0.184207   -0.155806   
0.188212   -0.162180   
0.192216   -0.168635   
0.196221   -0.175166   
0.200225   -0.181772   
0.204230   -0.188449   
0.208234   -0.195195   
0.212239   -0.202006   
0.216243   -0.208880   
0.220248   -0.215814   
0.224252   -0.222805   
0.228257   -0.229851   
0.232261   -0.236948   
0.236266   -0.244093   
0.240270   -0.251285   
0.244275   -0.258520   
0.248279   -0.265795   
0.252284   -0.273108   
0.256289   -0.280455   
0.260293   -0.287836   
0.264298   -0.295246   
0.268302   -0.302683   
0.272307   -0.310144   
0.276311   -0.317627   
0.280316   -0.325130   
0.284320   -0.332649   
0.288325   -0.340182   
0.292329   -0.347727   
0.296334   -0.355280   
0.300338   -0.362840   
0.304343   -0.370404   
0.308347   -0.377969   
0.312352   -0.385534   
0.316356   -0.393095   
0.320361   -0.400650   
0.324365   -0.408197   
0.328370   -0.415733   
0.332374   -0.423256   
0.336379   -0.430763   
0.340383   -0.438253   
0.344388   -0.445722   
0.348392   -0.453169   
0.352397   -0.460591   
0.356401   -0.467986   
0.360406   -0.475351   
0.364410   -0.482685   
0.368415   -0.489985   
0.372419   -0.497249   
0.376424   -0.504474   
0.380428   -0.511658   
0.384433   -0.518800   
0.388437   -0.525896   
0.392442   -0.532946   
0.396446   -0.539946   
0.400451   -0.546894   
0.404455   -0.553789   
0.408460   -0.560628   
0.412464   -0.567409   
0.416469   -0.574130   
0.420473   -0.580789   
0.424478   -0.587384   
0.428482   -0.593913   
0.432487   -0.600374   
0.436491   -0.606764   
0.440496   -0.613082   
0.444500   -0.619325   
0.448505   -0.625493   
0.452509   -0.631582   
0.456514   -0.637590   
0.460518   -0.643517   
0.464523   -0.649359   
0.468527   -0.655115   
0.472532   -0.660784   
0.476536   -0.666362   
0.480541   -0.671849   
0.484545   -0.677241   
0.488550   -0.682538   
0.492554   -0.687738   
0.496559   -0.692838   
0.500564   -0.697838   
0.504568   -0.702734   
0.508573   -0.707525   
0.512577   -0.712209   
0.516582   -0.716786   
0.520586   -0.721251   
0.524591   -0.725605   
0.528595   -0.729845   
0.532600   -0.733970   
0.536604   -0.737977   
0.540609   -0.741865   
0.544613   -0.745632   
0.548618   -0.749277   
0.552622   -0.752797   
0.556627   -0.756191   
0.560631   -0.759458   
0.564636   -0.762596   
0.568640   -0.765602   
0.572645   -0.768476   
0.576649   -0.771215   
0.580654   -0.773818   
0.584658   -0.776284   
0.588663   -0.778611   
0.592667   -0.780796   
0.596672   -0.782839   
0.600676   -0.784738   
0.604681   -0.786491   
0.608685   -0.788097   
0.612690   -0.789554   
0.616694   -0.790861   
0.620699   -0.792016   
0.624703   -0.793017   
0.628708   -0.793863   
0.632712   -0.794552   
0.636717   -0.795083   
0.640721   -0.795455   
0.644726   -0.795665   
0.648730   -0.795713   
0.652735   -0.795596   
0.656739   -0.795314   
0.660744   -0.794865   
0.664748   -0.794246   
0.668753   -0.793458   
0.672757   -0.792498   
0.676762   -0.791366   
0.680766   -0.790058   
0.684771   -0.788575   
0.688775   -0.786914   
0.692780   -0.785075   
0.696784   -0.783056   
0.700789   -0.780855   
0.704793   -0.778471   
0.708798   -0.775902   
0.712802   -0.773148   
0.716807   -0.770207   
0.720811   -0.767077   
0.724816   -0.763757   
0.728820   -0.760246   
0.732825   -0.756542   
0.736829   -0.752645   
0.740834   -0.748552   
0.744838   -0.744262   
0.748843   -0.739775   
0.752848   -0.735088   
0.756852   -0.730201   
0.760857   -0.725112   
0.764861   -0.719820   
0.768866   -0.714323   
0.772870   -0.708620   
0.776875   -0.702711   
0.780879   -0.696593   
0.784884   -0.690265   
0.788888   -0.683727   
0.792893   -0.676976   
0.796897   -0.670012   
0.800902   -0.662833   
0.804906   -0.655439   
0.808911   -0.647827   
0.812915   -0.639997   
0.816920   -0.631948   
0.820924   -0.623678   
0.824929   -0.615185   
0.828933   -0.606470   
0.832938   -0.597530   
0.836942   -0.588365   
0.840947   -0.578972   
0.844951   -0.569352   
0.848956   -0.559503   
0.852960   -0.549423   
0.856965   -0.539112   
0.860969   -0.528568   
0.864974   -0.517790   
0.868978   -0.506778   
0.872983   -0.495529   
0.876987   -0.484043   
0.880992   -0.472318   
0.884996   -0.460354   
0.889001   -0.448150   
0.893005   -0.435703   
0.897010   -0.423014   
0.901014   -0.410080   
0.905019   -0.396902   
0.909023   -0.383477   
0.913028   -0.369805   
0.917032   -0.355884   
0.921037   -0.341714   
0.925041   -0.327293   
0.929046   -0.312621   
0.933050   -0.297696   
0.937055   -0.282517   
0.941059   -0.267083   
0.945064   -0.251393   
0.949068   -0.235446   
0.953073   -0.219241   
0.957077   -0.202777   
0.961082   -0.186052   
0.965086   -0.169067   
0.969091   -0.151819   
0.973095   -0.134308   
0.977100   -0.116533   
0.981104   -0.098492   
0.985109   -0.080185   
0.989113   -0.061610   
0.993118   -0.042767   
0.997123   -0.023655   
1.001127   -0.004272   
1.005132   0.015382   
1.009136   0.035308   
1.013141   0.055508   
1.017145   0.075982   
1.021150   0.096732   
1.025154   0.117757   
1.029159   0.139060   
1.033163   0.160642   
1.037168   0.182503   
1.041172   0.204643   
1.045177   0.227065   
1.049181   0.249770   
1.053186   0.272757   
1.057190   0.296028   
1.061195   0.319584   
1.065199   0.343426   
1.069204   0.367555   
1.073208   0.391972   
1.077213   0.416677   
1.081217   0.441672   
1.085222   0.466958   
1.089226   0.492535   
1.093231   0.518404   
1.097235   0.544567   
1.101240   0.571024   
1.105244   0.597776   
1.109249   0.624824   
1.113253   0.652169   
1.117258   0.679811   
1.121262   0.707753   
1.125267   0.735994   
1.129271   0.764535   
1.133276   0.793378   
1.137280   0.822523   
1.141285   0.851971   
1.145289   0.881723   
1.149294   0.911780   
1.153298   0.942143   
1.157303   0.972812   
1.161307   1.003789   
1.165312   1.035074   
1.169316   1.066668   
1.173321   1.098572   
1.177325   1.130787   
1.181330   1.163314   
1.185334   1.196153   
1.189339   1.229305   
1.193343   1.262772   
1.197348   1.296553   
1.201352   1.330651   
1.205357   1.365065   
1.209361   1.399797   
1.213366   1.434847   
1.217370   1.470216   
1.221375   1.505905   
1.225379   1.541914   
1.229384   1.578246   
1.233388   1.614899   
1.237393   1.651876   
1.241397   1.689177   
1.245402   1.726803   
1.249407   1.764754   
1.253411   1.803031   
1.257416   1.841636   
1.261420   1.880568   
1.265425   1.919829   
1.269429   1.959420   
1.273434   1.999341   
1.277438   2.039593   
1.281443   2.080176   
1.285447   2.121093   
1.289452   2.162342   
1.293456   2.203926   
1.297461   2.245845   
1.301465   2.288099   
1.305470   2.330689   
1.309474   2.373617   
1.313479   2.416882   
1.317483   2.460487   
1.321488   2.504430   
1.325492   2.548714   
1.329497   2.593338   
1.333501   2.638304   
1.337506   2.683613   
1.341510   2.729264   
1.345515   2.775259   
1.349519   2.821599   
1.353524   2.868284   
1.357528   2.915315   
1.361533   2.962692   
1.365537   3.010417   
1.369542   3.058490   
1.373546   3.106912   
1.377551   3.155684   
1.381555   3.204805   
1.385560   3.254278   
1.389564   3.304102   
1.393569   3.354279   
1.397573   3.404809   
1.401578   3.455692   
1.405582   3.506930   
1.409587   3.558523   
1.413591   3.610472   
1.417596   3.662778   
1.421600   3.715440   
1.425605   3.768461   
1.429609   3.821840   
1.433614   3.875578   
1.437618   3.929677   
1.441623   3.984136   
1.445627   4.038956   
1.449632   4.094138   
1.453636   4.149683   
1.457641   4.205591   
1.461645   4.261863   
1.465650   4.318499   
1.469654   4.375501   
1.473659   4.432869   
1.477663   4.490603   
1.481668   4.548705   
1.485672   4.607174   
1.489677   4.666012   
1.493682   4.725220   
1.497686   4.784797   
1.501691   4.844744   
1.505695   4.905063   
1.509700   4.965753   
1.513704   5.026816   
1.517709   5.088252   
1.521713   5.150061   
1.525718   5.212245   
1.529722   5.274804   
1.533727   5.337738   
1.537731   5.401048   
1.541736   5.464735   
1.545740   5.528800   
1.549745   5.593242   
1.553749   5.658064   
1.557754   5.723264   
1.561758   5.788845   
1.565763   5.854806   
1.569767   5.921148   
1.573772   5.987871   
1.577776   6.054977   
1.581781   6.122466   
1.585785   6.190339   
1.589790   6.258596   
1.593794   6.327237   
1.597799   6.396264   
1.601803   6.465676   
1.605808   6.535475   
1.609812   6.605662   
1.613817   6.676236   
1.617821   6.747198   
1.621826   6.818549   
1.625830   6.890289   
1.629835   6.962420   
1.633839   7.034941   
1.637844   7.107853   
1.641848   7.181158   
1.645853   7.254854   
1.649857   7.328943   
1.653862   7.403426   
1.657866   7.478303   
1.661871   7.553575   
1.665875   7.629242   
1.669880   7.705304   
1.673884   7.781763   
1.677889   7.858619   
1.681893   7.935872   
1.685898   8.013523   
1.689902   8.091573   
1.693907   8.170022   
1.697911   8.248871   
1.701916   8.328120   
1.705920   8.407769   
1.709925   8.487820   
1.713929   8.568273   
1.717934   8.649128   
1.721938   8.730386   
1.725943   8.812048   
1.729947   8.894114   
1.733952   8.976584   
1.737956   9.059459   
1.741961   9.142741   
1.745966   9.226428   
1.749970   9.310522   
1.753975   9.395023   
1.757979   9.479932   
1.761984   9.565249   
1.765988   9.650976   
1.769993   9.737111   
1.773997   9.823657   
1.778002   9.910612   
1.782006   9.997979   
1.786011   10.085757   
1.790015   10.173948   
1.794020   10.262550   
1.798024   10.351566   
1.802029   10.440995   
1.806033   10.530838   
1.810038   10.621096   
1.814042   10.711768   
1.818047   10.802857   
1.822051   10.894361   
1.826056   10.986282   
1.830060   11.078620   
1.834065   11.171375   
1.838069   11.264599   
1.842074   11.360019   
1.846078   11.461948   
1.850083   11.572804   
1.854087   11.692624   
1.858092   11.820381   
1.862096   11.954846   
1.866101   12.094919   
1.870105   12.239699   
1.874110   12.388473   
1.878114   12.540677   
1.882119   12.695864   
1.886123   12.853676   
1.890128   13.013824   
1.894132   13.176069   
1.898137   13.340217   
1.902141   13.506103   
1.906146   13.673588   
1.910150   13.842555   
1.914155   14.012903   
1.918159   14.184544   
1.922164   14.357403   
1.926168   14.531412   
1.930173   14.706513   
1.934177   14.882655   
1.938182   15.059790   
1.942186   15.237877   
1.946191   15.416879   
1.950195   15.596763   
1.954200   15.777498   
1.958204   15.959057   
1.962209   16.141413   
1.966213   16.324546   
1.970218   16.508432   
1.974222   16.693054   
1.978227   16.878393   
1.982231   17.064432   
1.986236   17.251157   
1.990241   17.438552   
1.994245   17.626606   
1.998250   17.815305   
2.002254   18.004638   
2.006259   18.194595   
2.010263   18.385165   
2.014268   18.576340   
2.018272   18.768109   
2.022277   18.960465   
2.026281   19.153400   
2.030286   19.346906   
2.034290   19.540976   
2.038295   19.735605   
2.042299   19.930785   
2.046304   20.126511   
2.050308   20.322776   
2.054313   20.519576   
2.058317   20.716906   
2.062322   20.914760   
2.066326   21.113134   
2.070331   21.312023   
2.074335   21.511424   
2.078340   21.711332   
2.082344   21.911743   
2.086349   22.112654   
2.090353   22.314061   
2.094358   22.515961   
2.098362   22.718351   
2.102367   22.921227   
2.106371   23.124586   
2.110376   23.328426   
2.114380   23.532743   
2.118385   23.737536   
2.122389   23.942801   
2.126394   24.148536   
2.130398   24.354739   
2.134403   24.561407   
2.138407   24.768538   
2.142412   24.976130   
2.146416   25.184181   
2.150421   25.392689   
2.154425   25.601652   
2.158430   25.811068   
2.162434   26.020935   
2.166439   26.231252   
2.170443   26.442017   
2.174448   26.653228   
2.178452   26.864883   
2.182457   27.076982   
2.186461   27.289522   
2.190466   27.502502   
2.194470   27.715921   
2.198475   27.929777   
2.202479   28.144069   
2.206484   28.358796   
2.210488   28.573956   
2.214493   28.789548   
2.218497   29.005572   
2.222502   29.222025   
2.226506   29.438907   
2.230511   29.656217   
2.234515   29.873953   
2.238520   30.092114   
2.242525   30.310700   
2.246529   30.529710   
2.250534   30.749142   
2.254538   30.968995   
2.258543   31.189270   
2.262547   31.409964   
2.266552   31.631077   
2.270556   31.852608   
2.274561   32.074556   
2.278565   32.296920   
2.282570   32.519700   
2.286574   32.742895   
2.290579   32.966504   
2.294583   33.190526   
2.298588   33.414961   
2.302592   33.639808   
2.306597   33.865065   
2.310601   34.090734   
2.314606   34.316812   
2.318610   34.543299   
2.322615   34.770194   
2.326619   34.997498   
2.330624   35.225209   
2.334628   35.453326   
2.338633   35.681850   
2.342637   35.910779   
2.346642   36.140113   
2.350646   36.369851   
2.354651   36.599994   
2.358655   36.830539   
2.362660   37.061488   
2.366664   37.292838   
2.370669   37.524591   
2.374673   37.756745   
2.378678   37.989299   
2.382682   38.222254   
2.386687   38.455609   
2.390691   38.689363   
2.394696   38.923516   
2.398700   39.158067   
2.402705   39.393017   
2.406709   39.628364   
2.410714   39.864109   
2.414718   40.100250   
2.418723   40.336788   
2.422727   40.573721   
2.426732   40.811051   
2.430736   41.048775   
2.434741   41.286895   
2.438745   41.525409   
2.442750   41.764317   
2.446754   42.003619   
2.450759   42.243314   
2.454763   42.483402   
2.458768   42.723883   
2.462772   42.964757   
2.466777   43.206022   
2.470781   43.447679   
2.474786   43.689728   
2.478790   43.932168   
2.482795   44.174998   
2.486800   44.418219   
2.490804   44.661830   
2.494809   44.905831   
2.498813   45.150222   
2.502818   45.395002   
2.506822   45.640171   
2.510827   45.885729   
2.514831   46.131675   
2.518836   46.378009   
2.522840   46.624731   
2.526845   46.871841   
2.530849   47.119338   
2.534854   47.367223   
2.538858   47.615494   
2.542863   47.864152   
2.546867   48.113196   
2.550872   48.362627   
2.554876   48.612443   
2.558881   48.862645   
2.562885   49.113233   
2.566890   49.364205   
2.570894   49.615563   
2.574899   49.867305   
2.578903   50.119432   
2.582908   50.371944   
2.586912   50.624839   
2.590917   50.878118   
2.594921   51.131781   
2.598926   51.385828   
2.602930   51.640258   
2.606935   51.895071   
2.610939   52.150266   
2.614944   52.405845   
2.618948   52.661805   
2.622953   52.918149   
2.626957   53.174874   
2.630962   53.431981   
2.634966   53.689470   
2.638971   53.947340   
2.642975   54.205592   
2.646980   54.464225   
2.650984   54.723239   
2.654989   54.982634   
2.658993   55.242410   
2.662998   55.502566   
2.667002   55.763102   
2.671007   56.024019   
2.675011   56.285315   
2.679016   56.546992   
2.683020   56.809048   
2.687025   57.071484   
2.691029   57.334299   
2.695034   57.597493   
2.699038   57.861066   
2.703043   58.125018   
2.707047   58.389349   
2.711052   58.654059   
2.715056   58.919147   
2.719061   59.184613   
2.723065   59.450458   
2.727070   59.716681   
2.731074   59.983281   
2.735079   60.250259   
2.739084   60.517615   
2.743088   60.785349   
2.747093   61.053459   
2.751097   61.321947   
2.755102   61.590812   
2.759106   61.860054   
2.763111   62.129673   
2.767115   62.399669   
2.771120   62.670041   
2.775124   62.940789   
2.779129   63.211914   
2.783133   63.483416   
2.787138   63.755293   
2.791142   64.027546   
2.795147   64.300175   
2.799151   64.573180   
2.803156   64.846560   
2.807160   65.120316   
2.811165   65.394447   
2.815169   65.668954   
2.819174   65.943836   
2.823178   66.219092   
2.827183   66.494724   
2.831187   66.770731   
2.835192   67.047112   
2.839196   67.323868   
2.843201   67.600998   
2.847205   67.878503   
2.851210   68.156382   
2.855214   68.434635   
2.859219   68.713263   
2.863223   68.992264   
2.867228   69.271640   
2.871232   69.551389   
2.875237   69.831512   
2.879241   70.112008   
2.883246   70.392878   
2.887250   70.674121   
2.891255   70.955738   
2.895259   71.237728   
2.899264   71.520091   
2.903268   71.802827   
2.907273   72.085936   
2.911277   72.369418   
2.915282   72.653273   
2.919286   72.937500   
2.923291   73.222100   
2.927295   73.507073   
2.931300   73.792418   
2.935304   74.078135   
2.939309   74.364224   
2.943313   74.650686   
2.947318   74.937520   
2.951322   75.224726   
2.955327   75.512303   
2.959331   75.800253   
2.963336   76.088574   
2.967340   76.377267   
2.971345   76.666331   
2.975349   76.955767   
2.979354   77.245575   
2.983359   77.535753   
2.987363   77.826304   
2.991368   78.117225   
2.995372   78.408517   
2.999377   78.700181   
3.003381   78.992215   
3.007386   79.284620   
3.011390   79.577397   
3.015395   79.870544   
3.019399   80.164061   
3.023404   80.457949   
3.027408   80.752208   
3.031413   81.046837   
3.035417   81.341837   
3.039422   81.637207   
3.043426   81.932947   
3.047431   82.229058   
3.051435   82.525538   
3.055440   82.822389   
3.059444   83.119609   
3.063449   83.417200   
3.067453   83.715160   
3.071458   84.013490   
3.075462   84.312190   
3.079467   84.611259   
3.083471   84.910699   
3.087476   85.210507   
3.091480   85.510685   
3.095485   85.811233   
3.099489   86.112150   
3.103494   86.413436   
3.107498   86.715091   
3.111503   87.017116   
3.115507   87.319509   
3.119512   87.622272   
3.123516   87.925403   
3.127521   88.228904   
3.131525   88.532773   
3.135530   88.837012   
3.139534   89.141618   
3.143539   89.446594   
3.147543   89.751938   
3.151548   90.057651   
3.155552   90.363732   
3.159557   90.670182   
3.163561   90.977000   
3.167566   91.284187   
3.171570   91.591742   
3.175575   91.899665   
3.179579   92.207956   
3.183584   92.516615   
3.187588   92.825642   
3.191593   93.135038   
3.195597   93.444801   
3.199602   93.754932   
3.203606   94.065432   
3.207611   94.376298   
3.211615   94.687533   
3.215620   94.999136   
3.219624   95.311106   
3.223629   95.623443   
3.227633   95.936148   
3.231638   96.249221   
3.235643   96.562661   
3.239647   96.876469   
3.243652   97.190644   
3.247656   97.505186   
3.251661   97.820095   
3.255665   98.135372   
3.259670   98.451016   
3.263674   98.767027   
3.267679   99.083405   
3.271683   99.400149   
3.275688   99.717261   
3.279692   100.034740   
3.283697   100.352586   
3.287701   100.670799   
3.291706   100.989378   
3.295710   101.308324   
3.299715   101.627637   
3.303719   101.947316   
3.307724   102.267362   
3.311728   102.587775   
3.315733   102.908554   
3.319737   103.229699   
3.323742   103.551211   
3.327746   103.873090   
3.331751   104.195334   
3.335755   104.517945   
3.339760   104.840923   
3.343764   105.164266   
3.347769   105.487976   
3.351773   105.812051   
3.355778   106.136493   
3.359782   106.461301   
3.363787   106.786475   
3.367791   107.112015   
3.371796   107.437921   
3.375800   107.764192   
3.379805   108.090830   
3.383809   108.417833   
3.387814   108.745202   
3.391818   109.072937   
3.395823   109.401037   
3.399827   109.729503   
3.403832   110.058335   
3.407836   110.387532   
3.411841   110.717094   
3.415845   111.047023   
3.419850   111.377316   
3.423854   111.707975   
3.427859   112.039000   
3.431863   112.370389   
3.435868   112.702144   
3.439872   113.034265   
3.443877   113.366750   
3.447881   113.699601   
3.451886   114.032817   
3.455890   114.366397   
3.459895   114.700343   
3.463899   115.034654   
3.467904   115.369330   
3.471908   115.704371   
3.475913   116.039777   
3.479918   116.375548   
3.483922   116.711684   
3.487927   117.048184   
3.491931   117.385049   
3.495936   117.722279   
3.499940   118.059874   
3.503945   118.397833   
3.507949   118.736157   
3.511954   119.074846   
3.515958   119.413899   
3.519963   119.753317   
3.523967   120.093099   
3.527972   120.433246   
3.531976   120.773757   
3.535981   121.114633   
3.539985   121.455872   
3.543990   121.797477   
3.547994   122.139445   
3.551999   122.481778   
3.556003   122.824475   
3.560008   123.167537   
3.564012   123.510962   
3.568017   123.854752   
3.572021   124.198905   
3.576026   124.543423   
3.580030   124.888305   
3.584035   125.233551   
3.588039   125.579161   
3.592044   125.925135   
3.596048   126.271473   
3.600053   126.618174   
3.604057   126.965240   
3.608062   127.312669   
3.612066   127.660462   
3.616071   128.008619   
3.620075   128.357140   
3.624080   128.706024   
3.628084   129.055273   
3.632089   129.404884   
3.636093   129.754860   
3.640098   130.105199   
3.644102   130.455901   
3.648107   130.806967   
3.652111   131.158397   
3.656116   131.510190   
3.660120   131.862346   
3.664125   132.214866   
3.668129   132.567749   
3.672134   132.920996   
3.676138   133.274606   
3.680143   133.628579   
3.684147   133.982916   
3.688152   134.337616   
3.692156   134.692679   
3.696161   135.048105   
3.700165   135.403894   
3.704170   135.760047   
3.708174   136.116562   
3.712179   136.473441   
3.716183   136.830683   
3.720188   137.188287   
3.724192   137.546255   
3.728197   137.904586   
3.732202   138.263280   
3.736206   138.622336   
3.740211   138.981756   
3.744215   139.341538   
3.748220   139.701683   
3.752224   140.062191   
3.756229   140.423062   
3.760233   140.784295   
3.764238   141.145892   
3.768242   141.507851   
3.772247   141.870172   
3.776251   142.232857   
3.780256   142.595903   
3.784260   142.959313   
3.788265   143.323085   
3.792269   143.687220   
3.796274   144.051717   
3.800278   144.416577   
3.804283   144.781799   
3.808287   145.147383   
3.812292   145.513330   
3.816296   145.879640   
3.820301   146.246312   
3.824305   146.613346   
3.828310   146.980742   
3.832314   147.348501   
3.836319   147.716622   
3.840323   148.085105   
3.844328   148.453951   
3.848332   148.823159   
3.852337   149.192729   
3.856341   149.562661   
3.860346   149.932955   
3.864350   150.303611   
3.868355   150.674630   
3.872359   151.046010   
3.876364   151.417752   
3.880368   151.789857   
3.884373   152.162323   
3.888377   152.535152   
3.892382   152.908342   
3.896386   153.281895   
3.900391   153.655809   
3.904395   154.030085   
3.908400   154.404723   
3.912404   154.779723   
3.916409   155.155084   
3.920413   155.530808   
3.924418   155.906893   
3.928422   156.283340   
3.932427   156.660148   
3.936431   157.037319   
3.940436   157.414851   
3.944440   157.792744   
3.948445   158.170999   
3.952449   158.549616   
3.956454   158.928595   
3.960458   159.307935   
3.964463   159.687636   
3.968467   160.067699   
3.972472   160.448124   
3.976477   160.828910   
3.980481   161.210057   
3.984486   161.591566   
3.988490   161.973436   
3.992495   162.355668   
3.996499   162.738261   
4.000504   163.121215   
4.004508   163.504531   
4.008513   163.888208   
4.012517   164.272246   
4.016522   164.656646   
4.020526   165.041406   
4.024531   165.426528   
4.028535   165.812012   
4.032540   166.197856   
4.036544   166.584061   
4.040549   166.970628   
4.044553   167.357556   
4.048558   167.744845   
4.052562   168.132495   
4.056567   168.520506   
4.060571   168.908878   
4.064576   169.297611   
4.068580   169.686705   
4.072585   170.076160   
4.076589   170.465976   
4.080594   170.856152   
4.084598   171.246690   
4.088603   171.637589   
4.092607   172.028848   
4.096612   172.420469   
4.100616   172.812450   
4.104621   173.204792   
4.108625   173.597495   
4.112630   173.990558   
4.116634   174.383983   
4.120639   174.777768   
4.124643   175.171914   
4.128648   175.566420   
4.132652   175.961287   
4.136657   176.356515   
4.140661   176.752104   
4.144666   177.148053   
4.148670   177.544363   
4.152675   177.941033   
4.156679   178.338064   
4.160684   178.735455   
4.164688   179.133207   
4.168693   179.531319   
4.172697   179.929792   
4.176702   180.328626   
4.180706   180.727819   
4.184711   181.127374   
4.188715   181.527288   
4.192720   181.927563   
4.196724   182.328199   
4.200729   182.729195   
4.204733   183.130551   
4.208738   183.532267   
4.212742   183.934344   
4.216747   184.336781   
4.220751   184.739578   
4.224756   185.142736   
4.228761   185.546254   
4.232765   185.950132   
4.236770   186.354370   
4.240774   186.758968   
4.244779   187.163927   
4.248783   187.569245   
4.252788   187.974924   
4.256792   188.380963   
4.260797   188.787362   
4.264801   189.194121   
4.268806   189.601240   
4.272810   190.008719   
4.276815   190.416559   
4.280819   190.824758   
4.284824   191.233317   
4.288828   191.642236   
4.292833   192.051515   
4.296837   192.461154   
4.300842   192.871153   
4.304846   193.281512   
4.308851   193.692230   
4.312855   194.103309   
4.316860   194.514747   
4.320864   194.926546   
4.324869   195.338704   
4.328873   195.751221   
4.332878   196.164099   
4.336882   196.577336   
4.340887   196.990933   
4.344891   197.404890   
4.348896   197.819207   
4.352900   198.233883   
4.356905   198.648919   
4.360909   199.064315   
4.364914   199.480070   
4.368918   199.896185   
4.372923   200.312659   
4.376927   200.729493   
4.380932   201.146687   
4.384936   201.564240   
4.388941   201.982153   
4.392945   202.400425   
4.396950   202.819057   
4.400954   203.238048   
4.404959   203.657399   
4.408963   204.077109   
4.412968   204.497179   
4.416972   204.917608   
4.420977   205.338396   
4.424981   205.759544   
4.428986   206.181052   
4.432990   206.602918   
4.436995   207.025144   
4.440999   207.447730   
4.445004   207.870674   
4.449008   208.293978   
4.453013   208.717642   
4.457017   209.141664   
4.461022   209.566046   
4.465026   209.990787   
4.469031   210.415887   
4.473036   210.841347   
4.477040   211.267166   
4.481045   211.693344   
4.485049   212.119881   
4.489054   212.546777   
4.493058   212.974032   
4.497063   213.401647   
4.501067   213.829620   
4.505072   214.257953   
4.509076   214.686645   
4.513081   215.115695   
4.517085   215.545105   
4.521090   215.974874   
4.525094   216.405002   
4.529099   216.835489   
4.533103   217.266335   
4.537108   217.697540   
4.541112   218.129103   
4.545117   218.561026   
4.549121   218.993308   
4.553126   219.425948   
4.557130   219.858948   
4.561135   220.292306   
4.565139   220.726023   
4.569144   221.160099   
4.573148   221.594534   
4.577153   222.029328   
4.581157   222.464481   
4.585162   222.899992   
4.589166   223.335862   
4.593171   223.772091   
4.597175   224.208678   
4.601180   224.645625   
4.605184   225.082930   
4.609189   225.520594   
4.613193   225.958616   
4.617198   226.396997   
4.621202   226.835737   
4.625207   227.274835   
4.629211   227.714293   
4.633216   228.154108   
4.637220   228.594283   
4.641225   229.034815   
4.645229   229.475707   
4.649234   229.916957   
4.653238   230.358566   
4.657243   230.800533   
4.661247   231.242858   
4.665252   231.685542   
4.669256   232.128585   
4.673261   232.571986   
4.677265   233.015746   
4.681270   233.459864   
4.685274   233.904340   
4.689279   234.349175   
4.693283   234.794369   
4.697288   235.239920   
4.701292   235.685830   
4.705297   236.132099   
4.709301   236.578726   
4.713306   237.025711   
4.717310   237.473054   
4.721315   237.920756   
4.725320   238.368816   
4.729324   238.817234   
4.733329   239.266011   
4.737333   239.715146   
4.741338   240.164639   
4.745342   240.614491   
4.749347   241.064700   
4.753351   241.515268   
4.757356   241.966194   
4.761360   242.417478   
4.765365   242.869121   
4.769369   243.321121   
4.773374   243.773480   
4.777378   244.226197   
4.781383   244.679271   
4.785387   245.132704   
4.789392   245.586495   
4.793396   246.040645   
4.797401   246.495152   
4.801405   246.950017   
4.805410   247.405240   
4.809414   247.860822   
4.813419   248.316761   
4.817423   248.773058   
4.821428   249.229714   
4.825432   249.686727   
4.829437   250.144098   
4.833441   250.601827   
4.837446   251.059914   
4.841450   251.518359   
4.845455   251.977162   
4.849459   252.436323   
4.853464   252.895842   
4.857468   253.355718   
4.861473   253.815953   
4.865477   254.276545   
4.869482   254.737495   
4.873486   255.198803   
4.877491   255.660468   
4.881495   256.122492   
4.885500   256.584873   
4.889504   257.047612   
4.893509   257.510709   
4.897513   257.974163   
4.901518   258.437976   
4.905522   258.902146   
4.909527   259.366673   
4.913531   259.831559   
4.917536   260.296802   
4.921540   260.762402   
4.925545   261.228361   
4.929549   261.694677   
4.933554   262.161350   
4.937558   262.628381   
4.941563   263.095770   
4.945567   263.563517   
4.949572   264.031621   
4.953576   264.500082   
4.957581   264.968901   
4.961585   265.438078   
4.965590   265.907612   
4.969595   266.377504   
4.973599   266.847753   
4.977604   267.318360   
4.981608   267.789324   
4.985613   268.260646   
4.989617   268.732325   
4.993622   269.204361   
4.997626   269.676755   
5.001631   270.149507   
5.005635   270.622615   
5.009640   271.096082   
5.013644   271.569905   
5.017649   272.044086   
5.021653   272.518625   
5.025658   272.993520   
5.029662   273.468773   
5.033667   273.944384   
5.037671   274.420351   
5.041676   274.896676   
5.045680   275.373358   
5.049685   275.850398   
5.053689   276.327795   
5.057694   276.805549   
5.061698   277.283660   
5.065703   277.762129   
5.069707   278.240954   
5.073712   278.720137   
5.077716   279.199677   
5.081721   279.679575   
5.085725   280.159829   
5.089730   280.640441   
5.093734   281.121410   
5.097739   281.602736   
5.101743   282.084419   
5.105748   282.566459   
5.109752   283.048856   
5.113757   283.531611   
5.117761   284.014722   
5.121766   284.498191   
5.125770   284.982016   
5.129775   285.466199   
5.133779   285.950739   
5.137784   286.435635   
5.141788   286.920889   
5.145793   287.406500   
5.149797   287.892467   
5.153802   288.378792   
5.157806   288.865474   
5.161811   289.352512   
5.165815   289.839908   
5.169820   290.327660   
5.173824   290.815770   
5.177829   291.304236   
5.181833   291.793059   
5.185838   292.282239   
5.189842   292.771776   
5.193847   293.261670   
5.197851   293.751921   
5.201856   294.242528   
5.205860   294.733493   
5.209865   295.224814   
5.213869   295.716492   
5.217874   296.208527   
5.221879   296.700919   
5.225883   297.193667   
5.229888   297.686772   
5.233892   298.180234   
5.237897   298.674053   
5.241901   299.168228   
5.245906   299.662760   
5.249910   300.157649   
5.253915   300.652895   
5.257919   301.148497   
5.261924   301.644456   
5.265928   302.140771   
5.269933   302.637443   
5.273937   303.134472   
5.277942   303.631858   
5.281946   304.129600   
5.285951   304.627699   
5.289955   305.126154   
5.293960   305.624966   
5.297964   306.124135   
5.301969   306.623660   
5.305973   307.123541   
5.309978   307.623780   
5.313982   308.124374   
5.317987   308.625326   
5.321991   309.126633   
5.325996   309.628298   
5.330000   310.130319   
5.334005   310.632696   
5.338009   311.135430   
5.342014   311.638520   
5.346018   312.141967   
5.350023   312.645770   
5.354027   313.149929   
5.358032   313.654445   
5.362036   314.159318   
5.366041   314.664547   
5.370045   315.170132   
5.374050   315.676073   
5.378054   316.182371   
5.382059   316.689026   
5.386063   317.196036   
5.390068   317.703404   
5.394072   318.211127   
5.398077   318.719207   
5.402081   319.227643   
5.406086   319.736435   
5.410090   320.245583   
5.414095   320.755088   
5.418099   321.264949   
5.422104   321.775167   
5.426108   322.285740   
5.430113   322.796670   
5.434117   323.307956   
5.438122   323.819599   
5.442126   324.331597   
5.446131   324.843952   
5.450135   325.356663   
5.454140   325.869730   
5.458144   326.383153   
5.462149   326.896933   
5.466154   327.411068   
5.470158   327.925560   
5.474163   328.440408   
5.478167   328.955612   
5.482172   329.471172   
5.486176   329.987088   
5.490181   330.503360   
5.494185   331.019988   
5.498190   331.536973   
5.502194   332.054313   
5.506199   332.572010   
5.510203   333.090062   
5.514208   333.608471   
5.518212   334.127235   
5.522217   334.646356   
5.526221   335.165832   
5.530226   335.685665   
5.534230   336.205854   
5.538235   336.726398   
5.542239   337.247299   
5.546244   337.768555   
5.550248   338.290167   
5.554253   338.812136   
5.558257   339.334460   
5.562262   339.857140   
5.566266   340.380176   
5.570271   340.903568   
5.574275   341.427315   
5.578280   341.951419   
5.582284   342.475879   
5.586289   343.000694   
5.590293   343.525865   
5.594298   344.051392   
5.598302   344.577275   
5.602307   345.103514   
5.606311   345.630108   
5.610316   346.157058   
5.614320   346.684364   
5.618325   347.212026   
5.622329   347.740044   
5.626334   348.268417   
5.630338   348.797146   
5.634343   349.326231   
5.638347   349.855671   
5.642352   350.385467   
5.646356   350.915619   
5.650361   351.446127   
5.654365   351.976990   
5.658370   352.508209   
5.662374   353.039784   
5.666379   353.571714   
5.670383   354.104000   
5.674388   354.636642   
5.678392   355.169639   
5.682397   355.702992   
5.686401   356.236700   
5.690406   356.770764   
5.694410   357.305184   
5.698415   357.839959   
5.702419   358.375090   
5.706424   358.910577   
5.710428   359.446419   
5.714433   359.982616   
5.718438   360.519169   
5.722442   361.056078   
5.726447   361.593342   
5.730451   362.130961   
5.734456   362.668936   
5.738460   363.207267   
5.742465   363.745953   
5.746469   364.284994   
5.750474   364.824391   
5.754478   365.364144   
5.758483   365.904252   
5.762487   366.444715   
5.766492   366.985534   
5.770496   367.526708   
5.774501   368.068237   
5.778505   368.610122   
5.782510   369.152363   
5.786514   369.694958   
5.790519   370.237909   
5.794523   370.781216   
5.798528   371.324878   
5.802532   371.868895   
5.806537   372.413267   
5.810541   372.957995   
5.814546   373.503078   
5.818550   374.048517   
5.822555   374.594310   
5.826559   375.140459   
5.830564   375.686964   
5.834568   376.233823   
5.838573   376.781038   
5.842577   377.328608   
5.846582   377.876533   
5.850586   378.424814   
5.854591   378.973450   
5.858595   379.522441   
5.862600   380.071787   
5.866604   380.621488   
5.870609   381.171545   
5.874613   381.721957   
5.878618   382.272724   
5.882622   382.823846   
5.886627   383.375323   
5.890631   383.927155   
5.894636   384.479343   
5.898640   385.031886   
5.902645   385.584783   
5.906649   386.138036   
5.910654   386.691644   
5.914658   387.245607   
5.918663   387.799926   
5.922667   388.354599   
5.926672   388.909627   
5.930676   389.465011   
5.934681   390.020749   
5.938685   390.576842   
5.942690   391.133291   
5.946694   391.690094   
5.950699   392.247253   
5.954703   392.804766   
5.958708   393.362635   
5.962713   393.920859   
5.966717   394.479437   
5.970722   395.038371   
5.974726   395.597659   
5.978731   396.157302   
5.982735   396.717301   
5.986740   397.277654   
5.990744   397.838362   
5.994749   398.399425   
5.998753   398.960843   
6.002758   399.522616   
6.006762   400.084744   
6.010767   400.647227   
6.014771   401.210064   
6.018776   401.773257   
6.022780   402.336804   
6.026785   402.900706   
6.030789   403.464963   
6.034794   404.029575   
6.038798   404.594542   
6.042803   405.159863   
6.046807   405.725539   
6.050812   406.291570   
6.054816   406.857956   
6.058821   407.424697   
6.062825   407.991792   
6.066830   408.559242   
6.070834   409.127047   
6.074839   409.695207   
6.078843   410.263721   
6.082848   410.832591   
6.086852   411.401814   
6.090857   411.971393   
6.094861   412.541326   
6.098866   413.111614   
6.102870   413.682257   
6.106875   414.253254   
6.110879   414.824606   
6.114884   415.396313   
6.118888   415.968374   
6.122893   416.540790   
6.126897   417.113561   
6.130902   417.686686   
6.134906   418.260166   
6.138911   418.834001   
6.142915   419.408190   
6.146920   419.982733   
6.150924   420.557632   
6.154929   421.132885   
6.158933   421.708492   
6.162938   422.284454   
6.166942   422.860771   
6.170947   423.437442   
6.174951   424.014467   
6.178956   424.591848   
6.182960   425.169582   
6.186965   425.747672   
6.190969   426.326115   
6.194974   426.904914   
6.198978   427.484066   
6.202983   428.063573   
6.206987   428.643435   
6.210992   429.223651   
6.214997   429.804222   
6.219001   430.385147   
6.223006   430.966426   
6.227010   431.548060   
6.231015   432.130049   
6.235019   432.712391   
6.239024   433.295089   
6.243028   433.878140   
6.247033   434.461546   
6.251037   435.045307   
6.255042   435.629421   
6.259046   436.213890   
6.263051   436.798714   
6.267055   437.383892   
6.271060   437.969424   
6.275064   438.555310   
6.279069   439.141551   
6.283073   439.728146   
6.287078   440.315096   
6.291082   440.902400   
6.295087   441.490058   
6.299091   442.078070   
6.303096   442.666437   
6.307100   443.255158   
6.311105   443.844233   
6.315109   444.433662   
6.319114   445.023446   
6.323118   445.613584   
6.327123   446.204076   
6.331127   446.794922   
6.335132   447.386123   
6.339136   447.977678   
6.343141   448.569587   
6.347145   449.161850   
6.351150   449.754468   
6.355154   450.347439   
6.359159   450.940765   
6.363163   451.534445   
6.367168   452.128479   
6.371172   452.722867   
6.375177   453.317609   
6.379181   453.912706   
6.383186   454.508156   
6.387190   455.103961   
6.391195   455.700120   
6.395199   456.296633   
6.399204   456.893500   
6.403208   457.490721   
6.407213   458.088296   
6.411217   458.686226   
6.415222   459.284509   
6.419226   459.883146   
6.423231   460.482138   
6.427235   461.081483   
6.431240   461.681183   
6.435244   462.281236   
6.439249   462.881644   
6.443253   463.482405   
6.447258   464.083521   
6.451262   464.684990   
6.455267   465.286814   
6.459272   465.888991   
6.463276   466.491523   
6.467281   467.094408   
6.471285   467.697647   
6.475290   468.301241   
6.479294   468.905188   
6.483299   469.509489   
6.487303   470.114144   
6.491308   470.719153   
6.495312   471.324516   
6.499317   471.930233   
6.503321   472.536304   
6.507326   473.142728   
6.511330   473.749507   
6.515335   474.356639   
6.519339   474.964126   
6.523344   475.571966   
6.527348   476.180160   
6.531353   476.788707   
6.535357   477.397609   
6.539362   478.006864   
6.543366   478.616474   
6.547371   479.226437   
6.551375   479.836753   
6.555380   480.447424   
6.559384   481.058449   
6.563389   481.669827   
6.567393   482.281559   
6.571398   482.893645   
6.575402   483.506084   
6.579407   484.118877   
6.583411   484.732024   
6.587416   485.345525   
6.591420   485.959380   
6.595425   486.573588   
6.599429   487.188150   
6.603434   487.803065   
6.607438   488.418335   
6.611443   489.033957   
6.615447   489.649934   
6.619452   490.266265   
6.623456   490.882949   
6.627461   491.499986   
6.631465   492.117378   
6.635470   492.735123   
6.639474   493.353221   
6.643479   493.971673   
6.647483   494.590479   
6.651488   495.209639   
6.655492   495.829152   
6.659497   496.449019   
6.663501   497.069239   
6.667506   497.689813   
6.671510   498.310740   
6.675515   498.932021   
6.679519   499.553656   
6.683524   500.175644   
6.687528   500.797986   
6.691533   501.420681   
6.695537   502.043730   
6.699542   502.667132   
6.703546   503.290888   
6.707551   503.914997   
6.711556   504.539460   
6.715560   505.164277   
6.719565   505.789447   
6.723569   506.414970   
6.727574   507.040847   
6.731578   507.667077   
6.735583   508.293661   
6.739587   508.920598   
6.743592   509.547889   
6.747596   510.175533   
6.751601   510.803530   
6.755605   511.431881   
6.759610   512.060586   
6.763614   512.689644   
6.767619   513.319055   
6.771623   513.948819   
6.775628   514.578937   
6.779632   515.209409   
6.783637   515.840234   
6.787641   516.471412   
6.791646   517.102943   
6.795650   517.734828   
6.799655   518.367066   
6.803659   518.999658   
6.807664   519.632603   
6.811668   520.265901   
6.815673   520.899553   
6.819677   521.533557   
6.823682   522.167916   
6.827686   522.802627   
6.831691   523.437692   
6.835695   524.073110   
6.839700   524.708881   
6.843704   525.345006   
6.847709   525.981484   
6.851713   526.618315   
6.855718   527.255499   
6.859722   527.893037   
6.863727   528.530928   
6.867731   529.169172   
6.871736   529.807769   
6.875740   530.446720   
6.879745   531.086023   
6.883749   531.725680   
6.887754   532.365690   
6.891758   533.006054   
6.895763   533.646770   
6.899767   534.287840   
6.903772   534.929263   
6.907776   535.571039   
6.911781   536.213168   
6.915785   536.855650   
6.919790   537.498486   
6.923794   538.141674   
6.927799   538.785216   
6.931803   539.429111   
6.935808   540.073359   
6.939812   540.717960   
6.943817   541.362914   
6.947821   542.008221   
6.951826   542.653881   
6.955831   543.299895   
6.959835   543.946261   
6.963840   544.592981   
6.967844   545.240053   
6.971849   545.887479   
6.975853   546.535258   
6.979858   547.183389   
6.983862   547.831874   
6.987867   548.480712   
6.991871   549.129903   
6.995876   549.779446   
6.999880   550.429343   
7.003885   551.079593   
7.007889   551.730196   
7.011894   552.381152   
7.015898   553.032460   
7.019903   553.684122   
7.023907   554.336137   
7.027912   554.988504   
7.031916   555.641225   
7.035921   556.294298   
7.039925   556.947725   
7.043930   557.601504   
7.047934   558.255636   
7.051939   558.910122   
7.055943   559.564960   
7.059948   560.220151   
7.063952   560.875695   
7.067957   561.531591   
7.071961   562.187841   
7.075966   562.844444   
7.079970   563.501399   
7.083975   564.158707   
7.087979   564.816368   
7.091984   565.474382   
7.095988   566.132749   
7.099993   566.791469   
7.103997   567.450541   
7.108002   568.109966   
7.112006   568.769745   
7.116011   569.429875   
7.120015   570.090359   
7.124020   570.751196   
7.128024   571.412385   
7.132029   572.073927   
7.136033   572.735822   
7.140038   573.398069   
7.144042   574.060670   
7.148047   574.723623   
7.152051   575.386929   
7.156056   576.050587   
7.160060   576.714599   
7.164065   577.378963   
7.168069   578.043680   
7.172074   578.708749   
7.176078   579.374171   
7.180083   580.039946   
7.184087   580.706074   
7.188092   581.372554   
7.192096   582.039387   
7.196101   582.706573   
7.200105   583.374111   
7.204110   584.042002   
7.208115   584.710246   
7.212119   585.378842   
7.216124   586.047791   
7.220128   586.717092   
7.224133   587.386747   
7.228137   588.056753   
7.232142   588.727113   
7.236146   589.397825   
7.240151   590.068889   
7.244155   590.740307   
7.248160   591.412076   
7.252164   592.084199   
7.256169   592.756674   
7.260173   593.429501   
7.264178   594.102681   
7.268182   594.776214   
7.272187   595.450099   
7.276191   596.124337   
7.280196   596.798927   
7.284200   597.473870   
7.288205   598.149166   
7.292209   598.824813   
7.296214   599.500814   
7.300218   600.177167   
7.304223   600.853872   
7.308227   601.530930   
7.312232   602.208340   
7.316236   602.886103   
7.320241   603.564218   
7.324245   604.242686   
7.328250   604.921506   
7.332254   605.600679   
7.336259   606.280204   
7.340263   606.960082   
7.344268   607.640312   
7.348272   608.320894   
7.352277   609.001829   
7.356281   609.683117   
7.360286   610.364756   
7.364290   611.046748   
7.368295   611.729093   
7.372299   612.411790   
7.376304   613.094839   
7.380308   613.778241   
7.384313   614.461995   
7.388317   615.146101   
7.392322   615.830560   
7.396326   616.515371   
7.400331   617.200534   
7.404335   617.886050   
7.408340   618.571918   
7.412344   619.258139   
7.416349   619.944711   
7.420353   620.631637   
7.424358   621.318914   
7.428362   622.006544   
7.432367   622.694526   
7.436371   623.382860   
7.440376   624.071546   
7.444380   624.760585   
7.448385   625.449976   
7.452390   626.139720   
7.456394   626.829815   
7.460399   627.520263   
7.464403   628.211063   
7.468408   628.902216   
7.472412   629.593720   
7.476417   630.285577   
7.480421   630.977786   
7.484426   631.670347   
7.488430   632.363261   
7.492435   633.056527   
7.496439   633.750145   
7.500444   634.444115   
7.504448   635.138437   
7.508453   635.833111   
7.512457   636.528138   
7.516462   637.223517   
7.520466   637.919247   
7.524471   638.615331   
7.528475   639.311766   
7.532480   640.008553   
7.536484   640.705693   
7.540489   641.403184   
7.544493   642.101028   
7.548498   642.799224   
7.552502   643.497772   
7.556507   644.196672   
7.560511   644.895924   
7.564516   645.595528   
7.568520   646.295485   
7.572525   646.995793   
7.576529   647.696453   
7.580534   648.397466   
7.584538   649.098831   
7.588543   649.800547   
7.592547   650.502616   
7.596552   651.205037   
7.600556   651.907809   
7.604561   652.610934   
7.608565   653.314411   
7.612570   654.018240   
7.616574   654.722421   
7.620579   655.426954   
7.624583   656.131839   
7.628588   656.837075   
7.632592   657.542664   
7.636597   658.248605   
7.640601   658.954898   
7.644606   659.661543   
7.648610   660.368540   
7.652615   661.075888   
7.656619   661.783589   
7.660624   662.491641   
7.664628   663.200046   
7.668633   663.908802   
7.672637   664.617911   
7.676642   665.327371   
7.680646   666.037183   
7.684651   666.747348   
7.688655   667.457864   
7.692660   668.168732   
7.696664   668.879951   
7.700669   669.591523   
7.704674   670.303447   
7.708678   671.015722   
7.712683   671.728349   
7.716687   672.441329   
7.720692   673.154660   
7.724696   673.868343   
7.728701   674.582377   
7.732705   675.296764   
7.736710   676.011502   
7.740714   676.726593   
7.744719   677.442035   
7.748723   678.157828   
7.752728   678.873974   
7.756732   679.590472   
7.760737   680.307321   
7.764741   681.024522   
7.768746   681.742075   
7.772750   682.459979   
7.776755   683.178236   
7.780759   683.896844   
7.784764   684.615804   
7.788768   685.335116   
7.792773   686.054779   
7.796777   686.774794   
7.800782   687.495161   
7.804786   688.215880   
7.808791   688.936950   
7.812795   689.658372   
7.816800   690.380146   
7.820804   691.102271   
7.824809   691.824748   
7.828813   692.547577   
7.832818   693.270758   
7.836822   693.994290   
7.840827   694.718174   
7.844831   695.442410   
7.848836   696.166997   
7.852840   696.891936   
7.856845   697.617226   
7.860849   698.342869   
7.864854   699.068863   
7.868858   699.795208   
7.872863   700.521905   
7.876867   701.248954   
7.880872   701.976354   
7.884876   702.704106   
7.888881   703.432210   
7.892885   704.160665   
7.896890   704.889472   
7.900894   705.618630   
7.904899   706.348140   
7.908903   707.078002   
7.912908   707.808215   
7.916912   708.538780   
7.920917   709.269696   
7.924921   710.000964   
7.928926   710.732583   
7.932930   711.464554   
7.936935   712.196876   
7.940939   712.929550   
7.944944   713.662576   
7.948949   714.395953   
7.952953   715.129681   
7.956958   715.863761   
7.960962   716.598193   
7.964967   717.332976   
7.968971   718.068111   
7.972976   718.803597   
7.976980   719.539434   
7.980985   720.275623   
7.984989   721.012164   
7.988994   721.749055   
7.992998   722.486299   
7.997003   723.223894   
8.001007   723.961840   
8.005012   724.700138   
