0.004005   0.000000   
0.008009   0.000061   
0.012014   -0.000014   
0.016018   -0.000243   
0.020023   -0.000639   
0.024027   -0.001210   
0.028032   -0.001962   
0.032036   -0.002896   
0.036041   -0.004013   
0.040045   -0.005315   
0.044050   -0.006801   
0.048054   -0.008469   
0.052059   -0.010318   
0.056063   -0.012347   
0.060068   -0.014554   
0.064072   -0.016936   
0.068077   -0.019490   
0.072081   -0.022216   
0.076086   -0.025109   
0.080090   -0.028167   
0.084095   -0.031387   
0.088099   -0.034767   
0.092104   -0.038303   
0.096108   -0.041993   
0.100113   -0.045834   
0.104117   -0.049822   
0.108122   -0.053954   
0.112126   -0.058228   
0.116131   -0.062640   
0.120135   -0.067187   
0.124140   -0.071866   
0.128144   -0.076675   
0.132149   -0.081609   
0.136153   -0.086666   
0.140158   -0.091843   
0.144162   -0.097136   
0.148167   -0.102543   
0.152171   -0.108060   
0.156176   -0.113685   
0.160180   -0.119414   
0.164185   -0.125244   
0.168189   -0.131172   
0.172194   -0.137195   
0.176198   -0.143311   
0.180203   -0.149516   
0.184207   -0.155806   
0.188212   -0.162180   
0.192216   -0.168635   
0.196221   -0.175166   
0.200225   -0.181772   
0.204230   -0.188449   
0.208234   -0.195195   
0.212239   -0.202006   
0.216243   -0.208880   
0.220248   -0.215814   
0.224252   -0.222805   
0.228257   -0.229851   
0.232261   -0.236948   
0.236266   -0.244093   
0.240270   -0.251285   
0.244275   -0.258520   
0.248279   -0.265795   
0.252284   -0.273108   
0.256289   -0.280455   
0.260293   -0.287836   
0.264298   -0.295246   
0.268302   -0.302683   
0.272307   -0.310144   
0.276311   -0.317627   
0.280316   -0.325130   
0.284320   -0.332649   
0.288325   -0.340182   
0.292329   -0.347727   
0.296334   -0.355280   
0.300338   -0.362840   
0.304343   -0.370404   
0.308347   -0.377969   
0.312352   -0.385534   
0.316356   -0.393095   
0.320361   -0.400650   
0.324365   -0.408197   
0.328370   -0.415733   
0.332374   -0.423256   
0.336379   -0.430763   
0.340383   -0.438253   
0.344388   -0.445722   
0.348392   -0.453169   
0.352397   -0.460591   
0.356401   -0.467986   
0.360406   -0.475351   
0.364410   -0.482685   
0.368415   -0.489985   
0.372419   -0.497249   
0.376424   -0.504474   
0.380428   -0.511658   
0.384433   -0.518800   
0.388437   -0.525896   
0.392442   -0.532946   
0.396446   -0.539946   
0.400451   -0.546894   
0.404455   -0.553789   
0.408460   -0.560628   
0.412464   -0.567409   
0.416469   -0.574130   
0.420473   -0.580789   
0.424478   -0.587384   
0.428482   -0.593913   
0.432487   -0.600374   
0.436491   -0.606764   
0.440496   -0.613082   
0.444500   -0.619325   
0.448505   -0.625493   
0.452509   -0.631582   
0.456514   -0.637590   
0.460518   -0.643517   
0.464523   -0.649359   
0.468527   -0.655115   
0.472532   -0.660784   
0.476536   -0.666362   
0.480541   -0.671849   
0.484545   -0.677241   
0.488550   -0.682538   
0.492554   -0.687738   
0.496559   -0.692838   
0.500564   -0.697838   
0.504568   -0.702734   
0.508573   -0.707525   
0.512577   -0.712209   
0.516582   -0.716786   
0.520586   -0.721251   
0.524591   -0.725605   
0.528595   -0.729845   
0.532600   -0.733970   
0.536604   -0.737977   
0.540609   -0.741865   
0.544613   -0.745632   
0.548618   -0.749277   
0.552622   -0.752797   
0.556627   -0.756191   
0.560631   -0.759458   
0.564636   -0.762596   
0.568640   -0.765602   
0.572645   -0.768476   
0.576649   -0.771215   
0.580654   -0.773818   
0.584658   -0.776284   
0.588663   -0.778611   
0.592667   -0.780796   
0.596672   -0.782839   
0.600676   -0.784738   
0.604681   -0.786491   
0.608685   -0.788097   
0.612690   -0.789554   
0.616694   -0.790861   
0.620699   -0.792016   
0.624703   -0.793017   
0.628708   -0.793863   
0.632712   -0.794552   
0.636717   -0.795083   
0.640721   -0.795455   
0.644726   -0.795665   
0.648730   -0.795713   
0.652735   -0.795596   
0.656739   -0.795314   
0.660744   -0.794865   
0.664748   -0.794246   
0.668753   -0.793458   
0.672757   -0.792498   
0.676762   -0.791366   
0.680766   -0.790058   
0.684771   -0.788575   
0.688775   -0.786914   
0.692780   -0.785075   
0.696784   -0.783056   
0.700789   -0.780855   
0.704793   -0.778471   
0.708798   -0.775902   
0.712802   -0.773148   
0.716807   -0.770207   
0.720811   -0.767077   
0.724816   -0.763757   
0.728820   -0.760246   
0.732825   -0.756542   
0.736829   -0.752645   
0.740834   -0.748552   
0.744838   -0.744262   
0.748843   -0.739775   
0.752848   -0.735088   
0.756852   -0.730201   
0.760857   -0.725112   
0.764861   -0.719820   
0.768866   -0.714323   
0.772870   -0.708620   
0.776875   -0.702711   
0.780879   -0.696593   
0.784884   -0.690265   
0.788888   -0.683727   
0.792893   -0.676976   
0.796897   -0.670012   
0.800902   -0.662833   
0.804906   -0.655439   
0.808911   -0.647827   
0.812915   -0.639997   
0.816920   -0.631948   
0.820924   -0.623678   
0.824929   -0.615185   
0.828933   -0.606470   
0.832938   -0.597530   
0.836942   -0.588365   
0.840947   -0.578972   
0.844951   -0.569352   
0.848956   -0.559503   
0.852960   -0.549423   
0.856965   -0.539112   
0.860969   -0.528568   
0.864974   -0.517790   
0.868978   -0.506778   
0.872983   -0.495529   
0.876987   -0.484043   
0.880992   -0.472318   
0.884996   -0.460354   
0.889001   -0.448150   
0.893005   -0.435703   
0.897010   -0.423014   
0.901014   -0.410080   
0.905019   -0.396902   
0.909023   -0.383477   
0.913028   -0.369805   
0.917032   -0.355884   
0.921037   -0.341714   
0.925041   -0.327293   
0.929046   -0.312621   
0.933050   -0.297696   
0.937055   -0.282517   
0.941059   -0.267083   
0.945064   -0.251393   
0.949068   -0.235446   
0.953073   -0.219241   
0.957077   -0.202777   
0.961082   -0.186052   
0.965086   -0.169067   
0.969091   -0.151819   
0.973095   -0.134308   
0.977100   -0.116533   
0.981104   -0.098492   
0.985109   -0.080185   
0.989113   -0.061610   
0.993118   -0.042767   
0.997123   -0.023655   
1.001127   -0.004272   
1.005132   0.015382   
1.009136   0.035308   
1.013141   0.055508   
1.017145   0.075982   
1.021150   0.096732   
1.025154   0.117757   
1.029159   0.139060   
1.033163   0.160642   
1.037168   0.182503   
1.041172   0.204643   
1.045177   0.227065   
1.049181   0.249770   
1.053186   0.272757   
1.057190   0.296028   
1.061195   0.319584   
1.065199   0.343426   
1.069204   0.367555   
1.073208   0.391972   
1.077213   0.416677   
1.081217   0.441672   
1.085222   0.466958   
1.089226   0.492535   
1.093231   0.518404   
1.097235   0.544567   
1.101240   0.571024   
1.105244   0.597776   
1.109249   0.624824   
1.113253   0.652169   
1.117258   0.679811   
1.121262   0.707753   
1.125267   0.735994   
1.129271   0.764535   
1.133276   0.793378   
1.137280   0.822523   
1.141285   0.851971   
1.145289   0.881723   
1.149294   0.911780   
1.153298   0.942143   
1.157303   0.972812   
1.161307   1.003789   
1.165312   1.035074   
1.169316   1.066668   
1.173321   1.098572   
1.177325   1.130787   
1.181330   1.163314   
1.185334   1.196153   
1.189339   1.229305   
1.193343   1.262772   
1.197348   1.296553   
1.201352   1.330651   
1.205357   1.365065   
1.209361   1.399797   
1.213366   1.434847   
1.217370   1.470216   
1.221375   1.505905   
1.225379   1.541914   
1.229384   1.578246   
1.233388   1.614899   
1.237393   1.651876   
1.241397   1.689177   
1.245402   1.726803   
1.249407   1.764754   
1.253411   1.803031   
1.257416   1.841636   
1.261420   1.880568   
1.265425   1.919829   
1.269429   1.959420   
1.273434   1.999341   
1.277438   2.039593   
1.281443   2.080176   
1.285447   2.121093   
1.289452   2.162342   
1.293456   2.203926   
1.297461   2.245845   
1.301465   2.288099   
1.305470   2.330689   
1.309474   2.373617   
1.313479   2.416882   
1.317483   2.460487   
1.321488   2.504430   
1.325492   2.548714   
1.329497   2.593338   
1.333501   2.638304   
1.337506   2.683613   
1.341510   2.729264   
1.345515   2.775259   
1.349519   2.821599   
1.353524   2.868284   
1.357528   2.915315   
1.361533   2.962692   
1.365537   3.010417   
1.369542   3.058490   
1.373546   3.106912   
1.377551   3.155684   
1.381555   3.204805   
1.385560   3.254278   
1.389564   3.304102   
1.393569   3.354279   
1.397573   3.404809   
1.401578   3.455692   
1.405582   3.506930   
1.409587   3.558523   
1.413591   3.610472   
1.417596   3.662778   
1.421600   3.715440   
1.425605   3.768461   
1.429609   3.821840   
1.433614   3.875578   
1.437618   3.929677   
1.441623   3.984136   
1.445627   4.038956   
1.449632   4.094138   
1.453636   4.149683   
1.457641   4.205591   
1.461645   4.261863   
1.465650   4.318499   
1.469654   4.375501   
1.473659   4.432869   
1.477663   4.490603   
1.481668   4.548705   
1.485672   4.607174   
1.489677   4.666012   
1.493682   4.725220   
1.497686   4.784797   
1.501691   4.844744   
1.505695   4.905063   
1.509700   4.965753   
1.513704   5.026816   
1.517709   5.088252   
1.521713   5.150061   
1.525718   5.212245   
1.529722   5.274804   
1.533727   5.337738   
1.537731   5.401048   
1.541736   5.464735   
1.545740   5.528800   
1.549745   5.593242   
1.553749   5.658064   
1.557754   5.723264   
1.561758   5.788845   
1.565763   5.854806   
1.569767   5.921148   
1.573772   5.987871   
1.577776   6.054977   
1.581781   6.122466   
1.585785   6.190339   
1.589790   6.258596   
1.593794   6.327237   
1.597799   6.396264   
1.601803   6.465676   
1.605808   6.535475   
1.609812   6.605662   
1.613817   6.676236   
1.617821   6.747198   
1.621826   6.818549   
1.625830   6.890289   
1.629835   6.962420   
1.633839   7.034941   
1.637844   7.107853   
1.641848   7.181158   
1.645853   7.254854   
1.649857   7.328943   
1.653862   7.403426   
1.657866   7.478303   
1.661871   7.553575   
1.665875   7.629242   
1.669880   7.705304   
1.673884   7.781763   
1.677889   7.858619   
1.681893   7.935872   
1.685898   8.013523   
1.689902   8.091573   
1.693907   8.170022   
1.697911   8.248871   
1.701916   8.328120   
1.705920   8.407769   
1.709925   8.487820   
1.713929   8.568273   
1.717934   8.649128   
1.721938   8.730386   
1.725943   8.812048   
1.729947   8.894114   
1.733952   8.976584   
1.737956   9.059459   
1.741961   9.142741   
1.745966   9.226428   
1.749970   9.310522   
1.753975   9.395023   
1.757979   9.479932   
1.761984   9.565249   
1.765988   9.650976   
1.769993   9.737111   
1.773997   9.823657   
1.778002   9.910612   
1.782006   9.997979   
1.786011   10.085757   
1.790015   10.173948   
1.794020   10.262550   
1.798024   10.351566   
1.802029   10.440995   
1.806033   10.530838   
1.810038   10.621096   
1.814042   10.711768   
1.818047   10.802857   
1.822051   10.894361   
1.826056   10.986282   
1.830060   11.078620   
1.834065   11.171375   
1.838069   11.264548   
1.842074   11.358140   
1.846078   11.452151   
1.850083   11.546582   
1.854087   11.641433   
1.858092   11.736704   
1.862096   11.832396   
1.866101   11.928509   
1.870105   12.025045   
1.874110   12.122003   
1.878114   12.219384   
1.882119   12.317189   
1.886123   12.415417   
1.890128   12.514070   
1.894132   12.613147   
1.898137   12.712650   
1.902141   12.812579   
1.906146   12.912934   
1.910150   13.013716   
1.914155   13.114926   
1.918159   13.216562   
1.922164   13.318628   
1.926168   13.421121   
1.930173   13.524044   
1.934177   13.627397   
1.938182   13.731179   
1.942186   13.835392   
1.946191   13.940036   
1.950195   14.045112   
1.954200   14.150619   
1.958204   14.256559   
1.962209   14.362931   
1.966213   14.469737   
1.970218   14.576976   
1.974222   14.684650   
1.978227   14.792758   
1.982231   14.901302   
1.986236   15.010280   
1.990241   15.119695   
1.994245   15.229546   
1.998250   15.339834   
2.002254   15.450560   
2.006259   15.561723   
2.010263   15.673324   
2.014268   15.785364   
2.018272   15.897843   
2.022277   16.010761   
2.026281   16.124119   
2.030286   16.237918   
2.034290   16.352157   
2.038295   16.466838   
2.042299   16.581960   
2.046304   16.697524   
2.050308   16.813531   
2.054313   16.929981   
2.058317   17.046874   
2.062322   17.164211   
2.066326   17.281992   
2.070331   17.400217   
2.074335   17.518888   
2.078340   17.638004   
2.082344   17.757566   
2.086349   17.877574   
2.090353   17.998029   
2.094358   18.118931   
2.098362   18.240281   
2.102367   18.362078   
2.106371   18.484324   
2.110376   18.607019   
2.114380   18.730162   
2.118385   18.853756   
2.122389   18.977799   
2.126394   19.102292   
2.130398   19.227237   
2.134403   19.352632   
2.138407   19.478479   
2.142412   19.604779   
2.146416   19.731530   
2.150421   19.858734   
2.154425   19.986392   
2.158430   20.114503   
2.162434   20.243067   
2.166439   20.372087   
2.170443   20.501561   
2.174448   20.631490   
2.178452   20.761874   
2.182457   20.892715   
2.186461   21.024011   
2.190466   21.155765   
2.194470   21.287975   
2.198475   21.420643   
2.202479   21.553769   
2.206484   21.687352   
2.210488   21.821395   
2.214493   21.955896   
2.218497   22.090857   
2.222502   22.226277   
2.226506   22.362157   
2.230511   22.498498   
2.234515   22.635300   
2.238520   22.772563   
2.242525   22.910287   
2.246529   23.048474   
2.250534   23.187122   
2.254538   23.326233   
2.258543   23.465808   
2.262547   23.605845   
2.266552   23.746347   
2.270556   23.887312   
2.274561   24.028742   
2.278565   24.170637   
2.282570   24.312997   
2.286574   24.455822   
2.290579   24.599114   
2.294583   24.742871   
2.298588   24.887096   
2.302592   25.031787   
2.306597   25.176945   
2.310601   25.322572   
2.314606   25.468666   
2.318610   25.615228   
2.322615   25.762260   
2.326619   25.909760   
2.330624   26.057729   
2.334628   26.206169   
2.338633   26.355078   
2.342637   26.504458   
2.346642   26.654309   
2.350646   26.804631   
2.354651   26.955424   
2.358655   27.106689   
2.362660   27.258426   
2.366664   27.410636   
2.370669   27.563318   
2.374673   27.716474   
2.378678   27.870103   
2.382682   28.024205   
2.386687   28.178782   
2.390691   28.333833   
2.394696   28.489359   
2.398700   28.645361   
2.402705   28.801837   
2.406709   28.958789   
2.410714   29.116218   
2.414718   29.274122   
2.418723   29.432504   
2.422727   29.591362   
2.426732   29.750698   
2.430736   29.910512   
2.434741   30.070803   
2.438745   30.231573   
2.442750   30.392821   
2.446754   30.554549   
2.450759   30.716755   
2.454763   30.879441   
2.458768   31.042607   
2.462772   31.206254   
2.466777   31.370380   
2.470781   31.534988   
2.474786   31.700076   
2.478790   31.865646   
2.482795   32.031698   
2.486800   32.198232   
2.490804   32.365248   
2.494809   32.532746   
2.498813   32.700728   
2.502818   32.869193   
2.506822   33.038141   
2.510827   33.207573   
2.514831   33.377489   
2.518836   33.547890   
2.522840   33.718775   
2.526845   33.890146   
2.530849   34.062001   
2.534854   34.234342   
2.538858   34.407169   
2.542863   34.580483   
2.546867   34.754282   
2.550872   34.928569   
2.554876   35.103342   
2.558881   35.278603   
2.562885   35.454351   
2.566890   35.630588   
2.570894   35.807312   
2.574899   35.984525   
2.578903   36.162226   
2.582908   36.340417   
2.586912   36.519097   
2.590917   36.698266   
2.594921   36.877925   
2.598926   37.058075   
2.602930   37.238714   
2.606935   37.419845   
2.610939   37.601466   
2.614944   37.783579   
2.618948   37.966183   
2.622953   38.149278   
2.626957   38.332866   
2.630962   38.516946   
2.634966   38.701519   
2.638971   38.886584   
2.642975   39.072143   
2.646980   39.258194   
2.650984   39.444740   
2.654989   39.631779   
2.658993   39.819313   
2.662998   40.007340   
2.667002   40.195863   
2.671007   40.384880   
2.675011   40.574393   
2.679016   40.764401   
2.683020   40.954904   
2.687025   41.145904   
2.691029   41.337400   
2.695034   41.529392   
2.699038   41.721881   
2.703043   41.914866   
2.707047   42.108349   
2.711052   42.302330   
2.715056   42.496808   
2.719061   42.691784   
2.723065   42.887258   
2.727070   43.083231   
2.731074   43.279702   
2.735079   43.476672   
2.739084   43.674142   
2.743088   43.872110   
2.747093   44.070579   
2.751097   44.269547   
2.755102   44.469015   
2.759106   44.668984   
2.763111   44.869454   
2.767115   45.070424   
2.771120   45.271895   
2.775124   45.473867   
2.779129   45.676341   
2.783133   45.879317   
2.787138   46.082795   
2.791142   46.286775   
2.795147   46.491257   
2.799151   46.696242   
2.803156   46.901730   
2.807160   47.107721   
2.811165   47.314215   
2.815169   47.521213   
2.819174   47.728715   
2.823178   47.936721   
2.827183   48.145231   
2.831187   48.354246   
2.835192   48.563765   
2.839196   48.773789   
2.843201   48.984318   
2.847205   49.195353   
2.851210   49.406893   
2.855214   49.618938   
2.859219   49.831490   
2.863223   50.044548   
2.867228   50.258113   
2.871232   50.472184   
2.875237   50.686762   
2.879241   50.901847   
2.883246   51.117439   
2.887250   51.333538   
2.891255   51.550146   
2.895259   51.767261   
2.899264   51.984884   
2.903268   52.203016   
2.907273   52.421656   
2.911277   52.640804   
2.915282   52.860462   
2.919286   53.080629   
2.923291   53.301305   
2.927295   53.522490   
2.931300   53.744185   
2.935304   53.966390   
2.939309   54.189105   
2.943313   54.412331   
2.947318   54.636067   
2.951322   54.860313   
2.955327   55.085071   
2.959331   55.310339   
2.963336   55.536119   
2.967340   55.762410   
2.971345   55.989213   
2.975349   56.216527   
2.979354   56.444354   
2.983359   56.672692   
2.987363   56.901543   
2.991368   57.130907   
2.995372   57.360783   
2.999377   57.591173   
3.003381   57.822075   
3.007386   58.053491   
3.011390   58.285420   
3.015395   58.517863   
3.019399   58.750819   
3.023404   58.984290   
3.027408   59.218275   
3.031413   59.452774   
3.035417   59.687788   
3.039422   59.923316   
3.043426   60.159360   
3.047431   60.395918   
3.051435   60.632992   
3.055440   60.870581   
3.059444   61.108685   
3.063449   61.347305   
3.067453   61.586442   
3.071458   61.826094   
3.075462   62.066263   
3.079467   62.306947   
3.083471   62.548149   
3.087476   62.789867   
3.091480   63.032102   
3.095485   63.274855   
3.099489   63.518124   
3.103494   63.761911   
3.107498   64.006215   
3.111503   64.251037   
3.115507   64.496377   
3.119512   64.742235   
3.123516   64.988612   
3.127521   65.235506   
3.131525   65.482919   
3.135530   65.730851   
3.139534   65.979301   
3.143539   66.228271   
3.147543   66.477759   
3.151548   66.727767   
3.155552   66.978294   
3.159557   67.229341   
3.163561   67.480907   
3.167566   67.732994   
3.171570   67.985600   
3.175575   68.238726   
3.179579   68.492373   
3.183584   68.746540   
3.187588   69.001228   
3.191593   69.256437   
3.195597   69.512166   
3.199602   69.768416   
3.203606   70.025188   
3.207611   70.282481   
3.211615   70.540295   
3.215620   70.798631   
3.219624   71.057488   
3.223629   71.316867   
3.227633   71.576769   
3.231638   71.837192   
3.235643   72.098138   
3.239647   72.359606   
3.243652   72.621596   
3.247656   72.884109   
3.251661   73.147145   
3.255665   73.410704   
3.259670   73.674786   
3.263674   73.939391   
3.267679   74.204519   
3.271683   74.470171   
3.275688   74.736346   
3.279692   75.003045   
3.283697   75.270268   
3.287701   75.538014   
3.291706   75.806285   
3.295710   76.075079   
3.299715   76.344399   
3.303719   76.614242   
3.307724   76.884610   
3.311728   77.155502   
3.315733   77.426920   
3.319737   77.698862   
3.323742   77.971329   
3.327746   78.244321   
3.331751   78.517839   
3.335755   78.791882   
3.339760   79.066450   
3.343764   79.341544   
3.347769   79.617163   
3.351773   79.893308   
3.355778   80.169980   
3.359782   80.447177   
3.363787   80.724900   
3.367791   81.003149   
3.371796   81.281925   
3.375800   81.561227   
3.379805   81.841056   
3.383809   82.121412   
3.387814   82.402294   
3.391818   82.683703   
3.395823   82.965638   
3.399827   83.248101   
3.403832   83.531092   
3.407836   83.814609   
3.411841   84.098654   
3.415845   84.383226   
3.419850   84.668325   
3.423854   84.953953   
3.427859   85.240108   
3.431863   85.526791   
3.435868   85.814001   
3.439872   86.101740   
3.443877   86.390007   
3.447881   86.678802   
3.451886   86.968126   
3.455890   87.257978   
3.459895   87.548358   
3.463899   87.839267   
3.467904   88.130705   
3.471908   88.422671   
3.475913   88.715166   
3.479918   89.008190   
3.483922   89.301743   
3.487927   89.595825   
3.491931   89.890437   
3.495936   90.185577   
3.499940   90.481247   
3.503945   90.777447   
3.507949   91.074176   
3.511954   91.371434   
3.515958   91.669222   
3.519963   91.967540   
3.523967   92.266388   
3.527972   92.565766   
3.531976   92.865673   
3.535981   93.166111   
3.539985   93.467079   
3.543990   93.768577   
3.547994   94.070605   
3.551999   94.373164   
3.556003   94.676253   
3.560008   94.979872   
3.564012   95.284023   
3.568017   95.588703   
3.572021   95.893915   
3.576026   96.199657   
3.580030   96.505930   
3.584035   96.812734   
3.588039   97.120069   
3.592044   97.427935   
3.596048   97.736333   
3.600053   98.045261   
3.604057   98.354721   
3.608062   98.664712   
3.612066   98.975234   
3.616071   99.286288   
3.620075   99.597873   
3.624080   99.909990   
3.628084   100.222638   
3.632089   100.535818   
3.636093   100.849530   
3.640098   101.163774   
3.644102   101.478549   
3.648107   101.793856   
3.652111   102.109696   
3.656116   102.426067   
3.660120   102.742971   
3.664125   103.060406   
3.668129   103.378374   
3.672134   103.696874   
3.676138   104.015906   
3.680143   104.335470   
3.684147   104.655567   
3.688152   104.976197   
3.692156   105.297359   
3.696161   105.619053   
3.700165   105.941280   
3.704170   106.264039   
3.708174   106.587332   
3.712179   106.911157   
3.716183   107.235514   
3.720188   107.560405   
3.724192   107.885828   
3.728197   108.211784   
3.732202   108.538273   
3.736206   108.865296   
3.740211   109.192851   
3.744215   109.520939   
3.748220   109.849560   
3.752224   110.178715   
3.756229   110.508402   
3.760233   110.838623   
3.764238   111.169377   
3.768242   111.500664   
3.772247   111.832485   
3.776251   112.164839   
3.780256   112.497726   
3.784260   112.831147   
3.788265   113.165101   
3.792269   113.499589   
3.796274   113.834610   
3.800278   114.170165   
3.804283   114.506253   
3.808287   114.842875   
3.812292   115.180031   
3.816296   115.517720   
3.820301   115.855943   
3.824305   116.194700   
3.828310   116.533990   
3.832314   116.873814   
3.836319   117.214172   
3.840323   117.555064   
3.844328   117.896490   
3.848332   118.238449   
3.852337   118.580943   
3.856341   118.923970   
3.860346   119.267531   
3.864350   119.611626   
3.868355   119.956256   
3.872359   120.301419   
3.876364   120.647116   
3.880368   120.993347   
3.884373   121.340112   
3.888377   121.687411   
3.892382   122.035245   
3.896386   122.383612   
3.900391   122.732514   
3.904395   123.081949   
3.908400   123.431919   
3.912404   123.782423   
3.916409   124.133461   
3.920413   124.485034   
3.924418   124.837140   
3.928422   125.189781   
3.932427   125.542956   
3.936431   125.896665   
3.940436   126.250908   
3.944440   126.605686   
3.948445   126.960998   
3.952449   127.316844   
3.956454   127.673224   
3.960458   128.030139   
3.964463   128.387587   
3.968467   128.745571   
3.972472   129.104088   
3.976477   129.463140   
3.980481   129.822726   
3.984486   130.182846   
3.988490   130.543500   
3.992495   130.904689   
3.996499   131.266412   
4.000504   131.628670   
4.004508   131.991461   
4.008513   132.354787   
4.012517   132.718648   
4.016522   133.083042   
4.020526   133.447971   
4.024531   133.813434   
4.028535   134.179431   
4.032540   134.545963   
4.036544   134.913029   
4.040549   135.280629   
4.044553   135.648763   
4.048558   136.017432   
4.052562   136.386635   
4.056567   136.756372   
4.060571   137.126643   
4.064576   137.497449   
4.068580   137.868788   
4.072585   138.240662   
4.076589   138.613070   
4.080594   138.986013   
4.084598   139.359489   
4.088603   139.733500   
4.092607   140.108044   
4.096612   140.483123   
4.100616   140.858736   
4.104621   141.234883   
4.108625   141.611564   
4.112630   141.988779   
4.116634   142.366528   
4.120639   142.744811   
4.124643   143.123628   
4.128648   143.502979   
4.132652   143.882864   
4.136657   144.263283   
4.140661   144.644236   
4.144666   145.025723   
4.148670   145.407744   
4.152675   145.790299   
4.156679   146.173387   
4.160684   146.557009   
4.164688   146.941165   
4.168693   147.325855   
4.172697   147.711079   
4.176702   148.096836   
4.180706   148.483127   
4.184711   148.869952   
4.188715   149.257310   
4.192720   149.645202   
4.196724   150.033627   
4.200729   150.422586   
4.204733   150.812079   
4.208738   151.202105   
4.212742   151.592665   
4.216747   151.983758   
4.220751   152.375384   
4.224756   152.767544   
4.228761   153.160237   
4.232765   153.553464   
4.236770   153.947224   
4.240774   154.341517   
4.244779   154.736343   
4.248783   155.131702   
4.252788   155.527595   
4.256792   155.924021   
4.260797   156.320980   
4.264801   156.718471   
4.268806   157.116496   
4.272810   157.515054   
4.276815   157.914145   
4.280819   158.313769   
4.284824   158.713925   
4.288828   159.114615   
4.292833   159.515837   
4.296837   159.917592   
4.300842   160.319879   
4.304846   160.722699   
4.308851   161.126052   
4.312855   161.529938   
4.316860   161.934356   
4.320864   162.339306   
4.324869   162.744789   
4.328873   163.150805   
4.332878   163.557352   
4.336882   163.964432   
4.340887   164.372044   
4.344891   164.780189   
4.348896   165.188866   
4.352900   165.598074   
4.356905   166.007815   
4.360909   166.418088   
4.364914   166.828893   
4.368918   167.240230   
4.372923   167.652099   
4.376927   168.064499   
4.380932   168.477432   
4.384936   168.890896   
4.388941   169.304891   
4.392945   169.719419   
4.396950   170.134478   
4.400954   170.550068   
4.404959   170.966190   
4.408963   171.382844   
4.412968   171.800028   
4.416972   172.217745   
4.420977   172.635992   
4.424981   173.054771   
4.428986   173.474080   
4.432990   173.893921   
4.436995   174.314293   
4.440999   174.735196   
4.445004   175.156630   
4.449008   175.578594   
4.453013   176.001090   
4.457017   176.424116   
4.461022   176.847673   
4.465026   177.271760   
4.469031   177.696378   
4.473036   178.121527   
4.477040   178.547206   
4.481045   178.973415   
4.485049   179.400155   
4.489054   179.827425   
4.493058   180.255225   
4.497063   180.683556   
4.501067   181.112416   
4.505072   181.541806   
4.509076   181.971727   
4.513081   182.402177   
4.517085   182.833157   
4.521090   183.264667   
4.525094   183.696707   
4.529099   184.129276   
4.533103   184.562374   
4.537108   184.996002   
4.541112   185.430160   
4.545117   185.864847   
4.549121   186.300063   
4.553126   186.735809   
4.557130   187.172083   
4.561135   187.608887   
4.565139   188.046219   
4.569144   188.484081   
4.573148   188.922471   
4.577153   189.361390   
4.581157   189.800838   
4.585162   190.240815   
4.589166   190.681320   
4.593171   191.122354   
4.597175   191.563916   
4.601180   192.006006   
4.605184   192.448625   
4.609189   192.891772   
4.613193   193.335446   
4.617198   193.779650   
4.621202   194.224381   
4.625207   194.669639   
4.629211   195.115426   
4.633216   195.561741   
4.637220   196.008583   
4.641225   196.455952   
4.645229   196.903850   
4.649234   197.352274   
4.653238   197.801226   
4.657243   198.250706   
4.661247   198.700712   
4.665252   199.151246   
4.669256   199.602306   
4.673261   200.053894   
4.677265   200.506008   
4.681270   200.958650   
4.685274   201.411818   
4.689279   201.865512   
4.693283   202.319733   
4.697288   202.774481   
4.701292   203.229755   
4.705297   203.685555   
4.709301   204.141882   
4.713306   204.598734   
4.717310   205.056113   
4.721315   205.514017   
4.725320   205.972448   
4.729324   206.431404   
4.733329   206.890886   
4.737333   207.350894   
4.741338   207.811427   
4.745342   208.272485   
4.749347   208.734069   
4.753351   209.196178   
4.757356   209.658812   
4.761360   210.121972   
4.765365   210.585656   
4.769369   211.049865   
4.773374   211.514599   
4.777378   211.979858   
4.781383   212.445642   
4.785387   212.911949   
4.789392   213.378782   
4.793396   213.846139   
4.797401   214.314020   
4.801405   214.782425   
4.805410   215.251354   
4.809414   215.720807   
4.813419   216.190785   
4.817423   216.661286   
4.821428   217.132310   
4.825432   217.603859   
4.829437   218.075930   
4.833441   218.548526   
4.837446   219.021644   
4.841450   219.495286   
4.845455   219.969451   
4.849459   220.444139   
4.853464   220.919350   
4.857468   221.395084   
4.861473   221.871340   
4.865477   222.348119   
4.869482   222.825421   
4.873486   223.303245   
4.877491   223.781592   
4.881495   224.260461   
4.885500   224.739852   
4.889504   225.219765   
4.893509   225.700200   
4.897513   226.181157   
4.901518   226.662635   
4.905522   227.144636   
4.909527   227.627157   
4.913531   228.110201   
4.917536   228.593765   
4.921540   229.077851   
4.925545   229.562458   
4.929549   230.047587   
4.933554   230.533236   
4.937558   231.019406   
4.941563   231.506096   
4.945567   231.993308   
4.949572   232.481039   
4.953576   232.969292   
4.957581   233.458064   
4.961585   233.947357   
4.965590   234.437170   
4.969595   234.927503   
4.973599   235.418356   
4.977604   235.909729   
4.981608   236.401621   
4.985613   236.894033   
4.989617   237.386964   
4.993622   237.880415   
4.997626   238.374385   
5.001631   238.868874   
5.005635   239.363882   
5.009640   239.859410   
5.013644   240.355456   
5.017649   240.852020   
5.021653   241.349104   
5.025658   241.846706   
5.029662   242.344826   
5.033667   242.843464   
5.037671   243.342621   
5.041676   243.842296   
5.045680   244.342489   
5.049685   244.843199   
5.053689   245.344428   
5.057694   245.846174   
5.061698   246.348437   
5.065703   246.851218   
5.069707   247.354516   
5.073712   247.858331   
5.077716   248.362664   
5.081721   248.867513   
5.085725   249.372879   
5.089730   249.878762   
5.093734   250.385161   
5.097739   250.892077   
5.101743   251.399510   
5.105748   251.907458   
5.109752   252.415923   
5.113757   252.924904   
5.117761   253.434400   
5.121766   253.944413   
5.125770   254.454941   
5.129775   254.965985   
5.133779   255.477544   
5.137784   255.989618   
5.141788   256.502208   
5.145793   257.015313   
5.149797   257.528933   
5.153802   258.043067   
5.157806   258.557717   
5.161811   259.072881   
5.165815   259.588559   
5.169820   260.104752   
5.173824   260.621460   
5.177829   261.138681   
5.181833   261.656416   
5.185838   262.174666   
5.189842   262.693429   
5.193847   263.212706   
5.197851   263.732496   
5.201856   264.252800   
5.205860   264.773617   
5.209865   265.294947   
5.213869   265.816791   
5.217874   266.339147   
5.221879   266.862016   
5.225883   267.385398   
5.229888   267.909293   
5.233892   268.433699   
5.237897   268.958619   
5.241901   269.484050   
5.245906   270.009994   
5.249910   270.536449   
5.253915   271.063417   
5.257919   271.590896   
5.261924   272.118887   
5.265928   272.647389   
5.269933   273.176402   
5.273937   273.705927   
5.277942   274.235963   
5.281946   274.766510   
5.285951   275.297568   
5.289955   275.829136   
5.293960   276.361215   
5.297964   276.893805   
5.301969   277.426904   
5.305973   277.960515   
5.309978   278.494635   
5.313982   279.029265   
5.317987   279.564405   
5.321991   280.100055   
5.325996   280.636214   
5.330000   281.172883   
5.334005   281.710061   
5.338009   282.247748   
5.342014   282.785945   
5.346018   283.324650   
5.350023   283.863864   
5.354027   284.403587   
5.358032   284.943819   
5.362036   285.484559   
5.366041   286.025807   
5.370045   286.567563   
5.374050   287.109828   
5.378054   287.652600   
5.382059   288.195880   
5.386063   288.739668   
5.390068   289.283963   
5.394072   289.828766   
5.398077   290.374076   
5.402081   290.919893   
5.406086   291.466217   
5.410090   292.013048   
5.414095   292.560386   
5.418099   293.108230   
5.422104   293.656581   
5.426108   294.205439   
5.430113   294.754802   
5.434117   295.304672   
5.438122   295.855047   
5.442126   296.405928   
5.446131   296.957315   
5.450135   297.509208   
5.454140   298.061606   
5.458144   298.614509   
5.462149   299.167918   
5.466154   299.721831   
5.470158   300.276249   
5.474163   300.831172   
5.478167   301.386600   
5.482172   301.942532   
5.486176   302.498969   
5.490181   303.055909   
5.494185   303.613354   
5.498190   304.171303   
5.502194   304.729756   
5.506199   305.288712   
5.510203   305.848172   
5.514208   306.408135   
5.518212   306.968601   
5.522217   307.529571   
5.526221   308.091044   
5.530226   308.653019   
5.534230   309.215497   
5.538235   309.778478   
5.542239   310.341961   
5.546244   310.905947   
5.550248   311.470434   
5.554253   312.035424   
5.558257   312.600916   
5.562262   313.166909   
5.566266   313.733404   
5.570271   314.300401   
5.574275   314.867899   
5.578280   315.435898   
5.582284   316.004398   
5.586289   316.573399   
5.590293   317.142901   
5.594298   317.712904   
5.598302   318.283407   
5.602307   318.854410   
5.606311   319.425914   
5.610316   319.997918   
5.614320   320.570422   
5.618325   321.143425   
5.622329   321.716929   
5.626334   322.290931   
5.630338   322.865434   
5.634343   323.440435   
5.638347   324.015936   
5.642352   324.591935   
5.646356   325.168434   
5.650361   325.745431   
5.654365   326.322927   
5.658370   326.900921   
5.662374   327.479413   
5.666379   328.058404   
5.670383   328.637892   
5.674388   329.217879   
5.678392   329.798363   
5.682397   330.379345   
5.686401   330.960824   
5.690406   331.542800   
5.694410   332.125274   
5.698415   332.708244   
5.702419   333.291712   
5.706424   333.875676   
5.710428   334.460137   
5.714433   335.045094   
5.718438   335.630548   
5.722442   336.216497   
5.726447   336.802943   
5.730451   337.389884   
5.734456   337.977321   
5.738460   338.565254   
5.742465   339.153683   
5.746469   339.742606   
5.750474   340.332025   
5.754478   340.921938   
5.758483   341.512347   
5.762487   342.103250   
5.766492   342.694648   
5.770496   343.286540   
5.774501   343.878927   
5.778505   344.471807   
5.782510   345.065182   
5.786514   345.659050   
5.790519   346.253413   
5.794523   346.848268   
5.798528   347.443617   
5.802532   348.039460   
5.806537   348.635795   
5.810541   349.232624   
5.814546   349.829945   
5.818550   350.427759   
5.822555   351.026066   
5.826559   351.624865   
5.830564   352.224156   
5.834568   352.823939   
5.838573   353.424215   
5.842577   354.024982   
5.846582   354.626240   
5.850586   355.227991   
5.854591   355.830232   
5.858595   356.432965   
5.862600   357.036189   
5.866604   357.639904   
5.870609   358.244109   
5.874613   358.848806   
5.878618   359.453992   
5.882622   360.059669   
5.886627   360.665837   
5.890631   361.272494   
5.894636   361.879641   
5.898640   362.487278   
5.902645   363.095405   
5.906649   363.704021   
5.910654   364.313126   
5.914658   364.922721   
5.918663   365.532804   
5.922667   366.143376   
5.926672   366.754437   
5.930676   367.365987   
5.934681   367.978025   
5.938685   368.590551   
5.942690   369.203566   
5.946694   369.817068   
5.950699   370.431059   
5.954703   371.045536   
5.958708   371.660502   
5.962713   372.275955   
5.966717   372.891895   
5.970722   373.508322   
5.974726   374.125236   
5.978731   374.742637   
5.982735   375.360524   
5.986740   375.978898   
5.990744   376.597758   
5.994749   377.217104   
5.998753   377.836937   
6.002758   378.457255   
6.006762   379.078059   
6.010767   379.699349   
6.014771   380.321124   
6.018776   380.943384   
6.022780   381.566130   
6.026785   382.189360   
6.030789   382.813075   
6.034794   383.437275   
6.038798   384.061960   
6.042803   384.687129   
6.046807   385.312782   
6.050812   385.938919   
6.054816   386.565540   
6.058821   387.192645   
6.062825   387.820233   
6.066830   388.448305   
6.070834   389.076861   
6.074839   389.705899   
6.078843   390.335420   
6.082848   390.965425   
6.086852   391.595912   
6.090857   392.226881   
6.094861   392.858333   
6.098866   393.490268   
6.102870   394.122684   
6.106875   394.755582   
6.110879   395.388962   
6.114884   396.022824   
6.118888   396.657167   
6.122893   397.291992   
6.126897   397.927298   
6.130902   398.563085   
6.134906   399.199352   
6.138911   399.836101   
6.142915   400.473330   
6.146920   401.111039   
6.150924   401.749229   
6.154929   402.387899   
6.158933   403.027049   
6.162938   403.666679   
6.166942   404.306788   
6.170947   404.947377   
6.174951   405.588445   
6.178956   406.229993   
6.182960   406.872019   
6.186965   407.514525   
6.190969   408.157509   
6.194974   408.800972   
6.198978   409.444913   
6.202983   410.089333   
6.206987   410.734230   
6.210992   411.379606   
6.214997   412.025460   
6.219001   412.671791   
6.223006   413.318600   
6.227010   413.965886   
6.231015   414.613649   
6.235019   415.261889   
6.239024   415.910607   
6.243028   416.559801   
6.247033   417.209471   
6.251037   417.859619   
6.255042   418.510242   
6.259046   419.161342   
6.263051   419.812917   
6.267055   420.464969   
6.271060   421.117496   
6.275064   421.770498   
6.279069   422.423976   
6.283073   423.077929   
6.287078   423.732358   
6.291082   424.387261   
6.295087   425.042639   
6.299091   425.698491   
6.303096   426.354818   
6.307100   427.011620   
6.311105   427.668895   
6.315109   428.326645   
6.319114   428.984868   
6.323118   429.643565   
6.327123   430.302735   
6.331127   430.962379   
6.335132   431.622496   
6.339136   432.283086   
6.343141   432.944149   
6.347145   433.605685   
6.351150   434.267693   
6.355154   434.930174   
6.359159   435.593127   
6.363163   436.256552   
6.367168   436.920449   
6.371172   437.584818   
6.375177   438.249659   
6.379181   438.914971   
6.383186   439.580754   
6.387190   440.247009   
6.391195   440.913735   
6.395199   441.580931   
6.399204   442.248599   
6.403208   442.916737   
6.407213   443.585345   
6.411217   444.254424   
6.415222   444.923972   
6.419226   445.593991   
6.423231   446.264479   
6.427235   446.935437   
6.431240   447.606865   
6.435244   448.278762   
6.439249   448.951128   
6.443253   449.623963   
6.447258   450.297267   
6.451262   450.971040   
6.455267   451.645281   
6.459272   452.319991   
6.463276   452.995169   
6.467281   453.670815   
6.471285   454.346928   
6.475290   455.023510   
6.479294   455.700559   
6.483299   456.378076   
6.487303   457.056060   
6.491308   457.734511   
6.495312   458.413429   
6.499317   459.092815   
6.503321   459.772666   
6.507326   460.452984   
6.511330   461.133769   
6.515335   461.815020   
6.519339   462.496737   
6.523344   463.178919   
6.527348   463.861568   
6.531353   464.544682   
6.535357   465.228262   
6.539362   465.912306   
6.543366   466.596816   
6.547371   467.281791   
6.551375   467.967231   
6.555380   468.653135   
6.559384   469.339504   
6.563389   470.026337   
6.567393   470.713635   
6.571398   471.401396   
6.575402   472.089621   
6.579407   472.778310   
6.583411   473.467463   
6.587416   474.157079   
6.591420   474.847158   
6.595425   475.537700   
6.599429   476.228705   
6.603434   476.920173   
6.607438   477.612103   
6.611443   478.304496   
6.615447   478.997352   
6.619452   479.690669   
6.623456   480.384449   
6.627461   481.078690   
6.631465   481.773393   
6.635470   482.468557   
6.639474   483.164183   
6.643479   483.860270   
6.647483   484.556818   
6.651488   485.253827   
6.655492   485.951297   
6.659497   486.649227   
6.663501   487.347618   
6.667506   488.046468   
6.671510   488.745780   
6.675515   489.445550   
6.679519   490.145781   
6.683524   490.846472   
6.687528   491.547622   
6.691533   492.249231   
6.695537   492.951299   
6.699542   493.653826   
6.703546   494.356813   
6.707551   495.060258   
6.711556   495.764161   
6.715560   496.468523   
6.719565   497.173343   
6.723569   497.878621   
6.727574   498.584357   
6.731578   499.290551   
6.735583   499.997202   
6.739587   500.704311   
6.743592   501.411877   
6.747596   502.119900   
6.751601   502.828380   
6.755605   503.537317   
6.759610   504.246711   
6.763614   504.956561   
6.767619   505.666867   
6.771623   506.377630   
6.775628   507.088849   
6.779632   507.800523   
6.783637   508.512653   
6.787641   509.225239   
6.791646   509.938280   
6.795650   510.651777   
6.799655   511.365728   
6.803659   512.080134   
6.807664   512.794995   
6.811668   513.510311   
6.815673   514.226081   
6.819677   514.942306   
6.823682   515.658984   
6.827686   516.376117   
6.831691   517.093703   
6.835695   517.811744   
6.839700   518.530237   
6.843704   519.249184   
6.847709   519.968584   
6.851713   520.688437   
6.855718   521.408743   
6.859722   522.129502   
6.863727   522.850713   
6.867731   523.572377   
6.871736   524.294493   
6.875740   525.017061   
6.879745   525.740081   
6.883749   526.463553   
6.887754   527.187476   
6.891758   527.911851   
6.895763   528.636677   
6.899767   529.361954   
6.903772   530.087683   
6.907776   530.813862   
6.911781   531.540491   
6.915785   532.267572   
6.919790   532.995102   
6.923794   533.723083   
6.927799   534.451514   
6.931803   535.180395   
6.935808   535.909725   
6.939812   536.639505   
6.943817   537.369735   
6.947821   538.100414   
6.951826   538.831541   
6.955831   539.563118   
6.959835   540.295144   
6.963840   541.027618   
6.967844   541.760541   
6.971849   542.493912   
6.975853   543.227731   
6.979858   543.961998   
6.983862   544.696713   
6.987867   545.431875   
6.991871   546.167486   
6.995876   546.903543   
6.999880   547.640048   
7.003885   548.377000   
7.007889   549.114398   
7.011894   549.852244   
7.015898   550.590536   
7.019903   551.329274   
7.023907   552.068459   
7.027912   552.808090   
7.031916   553.548167   
7.035921   554.288689   
7.039925   555.029658   
7.043930   555.771071   
7.047934   556.512930   
7.051939   557.255235   
7.055943   557.997984   
7.059948   558.741178   
7.063952   559.484817   
7.067957   560.228900   
7.071961   560.973428   
7.075966   561.718399   
7.079970   562.463815   
7.083975   563.209675   
7.087979   563.955979   
7.091984   564.702726   
7.095988   565.449917   
7.099993   566.197551   
7.103997   566.945628   
7.108002   567.694148   
7.112006   568.443111   
7.116011   569.192516   
7.120015   569.942364   
7.124020   570.692655   
7.128024   571.443387   
7.132029   572.194562   
7.136033   572.946178   
7.140038   573.698236   
7.144042   574.450736   
7.148047   575.203677   
7.152051   575.957059   
7.156056   576.710883   
7.160060   577.465147   
7.164065   578.219852   
7.168069   578.974998   
7.172074   579.730584   
7.176078   580.486611   
7.180083   581.243077   
7.184087   581.999984   
7.188092   582.757330   
7.192096   583.515116   
7.196101   584.273342   
7.200105   585.032007   
7.204110   585.791111   
7.208115   586.550654   
7.212119   587.310636   
7.216124   588.071057   
7.220128   588.831916   
7.224133   589.593214   
7.228137   590.354950   
7.232142   591.117124   
7.236146   591.879736   
7.240151   592.642786   
7.244155   593.406274   
7.248160   594.170199   
7.252164   594.934561   
7.256169   595.699360   
7.260173   596.464597   
7.264178   597.230270   
7.268182   597.996380   
7.272187   598.762927   
7.276191   599.529909   
7.280196   600.297329   
7.284200   601.065184   
7.288205   601.833475   
7.292209   602.602202   
7.296214   603.371364   
7.300218   604.140962   
7.304223   604.910995   
7.308227   605.681463   
7.312232   606.452366   
7.316236   607.223704   
7.320241   607.995477   
7.324245   608.767684   
7.328250   609.540326   
7.332254   610.313401   
7.336259   611.086911   
7.340263   611.860855   
7.344268   612.635232   
7.348272   613.410043   
7.352277   614.185287   
7.356281   614.960965   
7.360286   615.737075   
7.364290   616.513619   
7.368295   617.290595   
7.372299   618.068004   
7.376304   618.845845   
7.380308   619.624119   
7.384313   620.402825   
7.388317   621.181962   
7.392322   621.961532   
7.396326   622.741533   
7.400331   623.521966   
7.404335   624.302830   
7.408340   625.084126   
7.412344   625.865852   
7.416349   626.648010   
7.420353   627.430598   
7.424358   628.213616   
7.428362   628.997066   
7.432367   629.780945   
7.436371   630.565254   
7.440376   631.349994   
7.444380   632.135163   
7.448385   632.920762   
7.452390   633.706791   
7.456394   634.493248   
7.460399   635.280135   
7.464403   636.067451   
7.468408   636.855196   
7.472412   637.643369   
7.476417   638.431972   
7.480421   639.221002   
7.484426   640.010461   
7.488430   640.800348   
7.492435   641.590662   
7.496439   642.381405   
7.500444   643.172575   
7.504448   643.964173   
7.508453   644.756197   
7.512457   645.548650   
7.516462   646.341529   
7.520466   647.134834   
7.524471   647.928567   
7.528475   648.722726   
7.532480   649.517312   
7.536484   650.312323   
7.540489   651.107761   
7.544493   651.903625   
7.548498   652.699914   
7.552502   653.496629   
7.556507   654.293770   
7.560511   655.091335   
7.564516   655.889326   
7.568520   656.687742   
7.572525   657.486583   
7.576529   658.285848   
7.580534   659.085538   
7.584538   659.885652   
7.588543   660.686190   
7.592547   661.487152   
7.596552   662.288539   
7.600556   663.090349   
7.604561   663.892582   
7.608565   664.695239   
7.612570   665.498319   
7.616574   666.301823   
7.620579   667.105749   
7.624583   667.910098   
7.628588   668.714870   
7.632592   669.520064   
7.636597   670.325680   
7.640601   671.131719   
7.644606   671.938180   
7.648610   672.745062   
7.652615   673.552367   
7.656619   674.360092   
7.660624   675.168240   
7.664628   675.976808   
7.668633   676.785798   
7.672637   677.595208   
7.676642   678.405039   
7.680646   679.215291   
7.684651   680.025963   
7.688655   680.837056   
7.692660   681.648569   
7.696664   682.460501   
7.700669   683.272854   
7.704674   684.085626   
7.708678   684.898818   
7.712683   685.712429   
7.716687   686.526460   
7.720692   687.340909   
7.724696   688.155778   
7.728701   688.971065   
7.732705   689.786771   
7.736710   690.602895   
7.740714   691.419437   
7.744719   692.236398   
7.748723   693.053777   
7.752728   693.871573   
7.756732   694.689787   
7.760737   695.508419   
7.764741   696.327468   
7.768746   697.146934   
7.772750   697.966817   
7.776755   698.787117   
7.780759   699.607834   
7.784764   700.428968   
7.788768   701.250518   
7.792773   702.072484   
7.796777   702.894866   
7.800782   703.717664   
7.804786   704.540879   
7.808791   705.364508   
7.812795   706.188554   
7.816800   707.013014   
7.820804   707.837890   
7.824809   708.663181   
7.828813   709.488887   
7.832818   710.315007   
7.836822   711.141542   
7.840827   711.968492   
7.844831   712.795855   
7.848836   713.623633   
7.852840   714.451825   
7.856845   715.280431   
7.860849   716.109450   
7.864854   716.938883   
7.868858   717.768729   
7.872863   718.598988   
7.876867   719.429661   
7.880872   720.260746   
7.884876   721.092244   
7.888881   721.924154   
7.892885   722.756477   
7.896890   723.589213   
7.900894   724.422360   
7.904899   725.255919   
7.908903   726.089890   
7.912908   726.924273   
7.916912   727.759067   
7.920917   728.594273   
7.924921   729.429889   
7.928926   730.265917   
7.932930   731.102356   
7.936935   731.939205   
7.940939   732.776465   
7.944944   733.614135   
7.948949   734.452216   
7.952953   735.290707   
7.956958   736.129607   
7.960962   736.968918   
7.964967   737.808638   
7.968971   738.648767   
7.972976   739.489306   
7.976980   740.330254   
7.980985   741.171612   
7.984989   742.013378   
7.988994   742.855552   
7.992998   743.698136   
7.997003   744.541127   
8.001007   745.384527   
8.005012   746.228335   
