0.008009    0.000101 
0.012014    -0.000125 
0.016018    -0.000381 
0.020023    -0.000659 
0.024027    -0.000951 
0.028032    -0.001251 
0.032036    -0.001555 
0.036041    -0.001861 
0.040045    -0.002168 
0.044050    -0.002475 
0.048054    -0.002780 
0.052059    -0.003083 
0.056063    -0.003383 
0.060068    -0.003680 
0.064072    -0.003973 
0.068077    -0.004263 
0.072081    -0.004549 
0.076086    -0.004830 
0.080090    -0.005107 
0.084095    -0.005380 
0.088099    -0.005647 
0.092104    -0.005911 
0.096108    -0.006169 
0.100113    -0.006422 
0.104117    -0.006671 
0.108122    -0.006914 
0.112126    -0.007153 
0.116131    -0.007386 
0.120135    -0.007614 
0.124140    -0.007838 
0.128144    -0.008056 
0.132149    -0.008269 
0.136153    -0.008477 
0.140158    -0.008680 
0.144162    -0.008877 
0.148167    -0.009070 
0.152171    -0.009257 
0.156176    -0.009440 
0.160180    -0.009617 
0.164185    -0.009790 
0.168189    -0.009957 
0.172194    -0.010119 
0.176198    -0.010276 
0.180203    -0.010429 
0.184207    -0.010576 
0.188212    -0.010718 
0.192216    -0.010856 
0.196221    -0.010988 
0.200225    -0.011116 
0.204230    -0.011238 
0.208234    -0.011356 
0.212239    -0.011469 
0.216243    -0.011577 
0.220248    -0.011681 
0.224252    -0.011780 
0.228257    -0.011873 
0.232261    -0.011963 
0.236266    -0.012047 
0.240270    -0.012127 
0.244275    -0.012203 
0.248279    -0.012273 
0.252284    -0.012339 
0.256289    -0.012401 
0.260293    -0.012458 
0.264298    -0.012510 
0.268302    -0.012559 
0.272307    -0.012602 
0.276311    -0.012641 
0.280316    -0.012676 
0.284320    -0.012706 
0.288325    -0.012732 
0.292329    -0.012754 
0.296334    -0.012772 
0.300338    -0.012785 
0.304343    -0.012794 
0.308347    -0.012798 
0.312352    -0.012799 
0.316356    -0.012795 
0.320361    -0.012787 
0.324365    -0.012775 
0.328370    -0.012759 
0.332374    -0.012739 
0.336379    -0.012714 
0.340383    -0.012686 
0.344388    -0.012654 
0.348392    -0.012617 
0.352397    -0.012577 
0.356401    -0.012533 
0.360406    -0.012485 
0.364410    -0.012433 
0.368415    -0.012377 
0.372419    -0.012317 
0.376424    -0.012254 
0.380428    -0.012186 
0.384433    -0.012115 
0.388437    -0.012040 
0.392442    -0.011961 
0.396446    -0.011879 
0.400451    -0.011793 
0.404455    -0.011703 
0.408460    -0.011610 
0.412464    -0.011513 
0.416469    -0.011412 
0.420473    -0.011308 
0.424478    -0.011201 
0.428482    -0.011089 
0.432487    -0.010974 
0.436491    -0.010856 
0.440496    -0.010734 
0.444500    -0.010609 
0.448505    -0.010481 
0.452509    -0.010348 
0.456514    -0.010213 
0.460518    -0.010074 
0.464523    -0.009932 
0.468527    -0.009786 
0.472532    -0.009638 
0.476536    -0.009485 
0.480541    -0.009330 
0.484545    -0.009171 
0.488550    -0.009009 
0.492554    -0.008844 
0.496559    -0.008676 
0.500564    -0.008504 
0.504568    -0.008330 
0.508573    -0.008152 
0.512577    -0.007971 
0.516582    -0.007787 
0.520586    -0.007599 
0.524591    -0.007409 
0.528595    -0.007216 
0.532600    -0.007020 
0.536604    -0.006820 
0.540609    -0.006618 
0.544613    -0.006413 
0.548618    -0.006204 
0.552622    -0.005993 
0.556627    -0.005779 
0.560631    -0.005562 
0.564636    -0.005342 
0.568640    -0.005119 
0.572645    -0.004893 
0.576649    -0.004664 
0.580654    -0.004433 
0.584658    -0.004199 
0.588663    -0.003962 
0.592667    -0.003722 
0.596672    -0.003479 
0.600676    -0.003234 
0.604681    -0.002986 
0.608685    -0.002735 
0.612690    -0.002482 
0.616694    -0.002225 
0.620699    -0.001967 
0.624703    -0.001705 
0.628708    -0.001441 
0.632712    -0.001174 
0.636717    -0.000905 
0.640721    -0.000633 
0.644726    -0.000358 
0.648730    -0.000081 
0.652735    0.000199 
0.656739    0.000481 
0.660744    0.000766 
0.664748    0.001053 
0.668753    0.001343 
0.672757    0.001635 
0.676762    0.001929 
0.680766    0.002227 
0.684771    0.002526 
0.688775    0.002828 
0.692780    0.003132 
0.696784    0.003439 
0.700789    0.003748 
0.704793    0.004060 
0.708798    0.004374 
0.712802    0.004690 
0.716807    0.005009 
0.720811    0.005329 
0.724816    0.005653 
0.728820    0.005978 
0.732825    0.006306 
0.736829    0.006636 
0.740834    0.006968 
0.744838    0.007302 
0.748843    0.007639 
0.752848    0.007978 
0.756852    0.008319 
0.760857    0.008662 
0.764861    0.009008 
0.768866    0.009355 
0.772870    0.009705 
0.776875    0.010057 
0.780879    0.010411 
0.784884    0.010767 
0.788888    0.011125 
0.792893    0.011485 
0.796897    0.011848 
0.800902    0.012212 
0.804906    0.012578 
0.808911    0.012947 
0.812915    0.013317 
0.816920    0.013690 
0.820924    0.014064 
0.824929    0.014441 
0.828933    0.014819 
0.832938    0.015200 
0.836942    0.015582 
0.840947    0.015967 
0.844951    0.016353 
0.848956    0.016741 
0.852960    0.017131 
0.856965    0.017523 
0.860969    0.017917 
0.864974    0.018313 
0.868978    0.018711 
0.872983    0.019110 
0.876987    0.019511 
0.880992    0.019915 
0.884996    0.020320 
0.889001    0.020726 
0.893005    0.021135 
0.897010    0.021545 
0.901014    0.021958 
0.905019    0.022371 
0.909023    0.022787 
0.913028    0.023205 
0.917032    0.023624 
0.921037    0.024045 
0.925041    0.024467 
0.929046    0.024892 
0.933050    0.025318 
0.937055    0.025746 
0.941059    0.026175 
0.945064    0.026606 
0.949068    0.027039 
0.953073    0.027473 
0.957077    0.027909 
0.961082    0.028347 
0.965086    0.028786 
0.969091    0.029227 
0.973095    0.029670 
0.977100    0.030114 
0.981104    0.030560 
0.985109    0.031007 
0.989113    0.031456 
0.993118    0.031906 
0.997123    0.032358 
1.001127    0.032811 
1.005132    0.033266 
1.009136    0.033723 
1.013141    0.034181 
1.017145    0.034641 
1.021150    0.035102 
1.025154    0.035564 
1.029159    0.036028 
1.033163    0.036493 
1.037168    0.036960 
1.041172    0.037429 
1.045177    0.037898 
1.049181    0.038370 
1.053186    0.038842 
1.057190    0.039316 
1.061195    0.039792 
1.065199    0.040269 
1.069204    0.040747 
1.073208    0.041226 
1.077213    0.041707 
1.081217    0.042190 
1.085222    0.042673 
1.089226    0.043158 
1.093231    0.043645 
1.097235    0.044132 
1.101240    0.044621 
1.105244    0.045112 
1.109249    0.045603 
1.113253    0.046096 
1.117258    0.046590 
1.121262    0.047086 
1.125267    0.047583 
1.129271    0.048081 
1.133276    0.048580 
1.137280    0.049081 
1.141285    0.049582 
1.145289    0.050085 
1.149294    0.050590 
1.153298    0.051095 
1.157303    0.051602 
1.161307    0.052109 
1.165312    0.052619 
1.169316    0.053129 
1.173321    0.053640 
1.177325    0.054153 
1.181330    0.054666 
1.185334    0.055181 
1.189339    0.055697 
1.193343    0.056215 
1.197348    0.056733 
1.201352    0.057252 
1.205357    0.057773 
1.209361    0.058295 
1.213366    0.058818 
1.217370    0.059341 
1.221375    0.059866 
1.225379    0.060393 
1.229384    0.060920 
1.233388    0.061448 
1.237393    0.061977 
1.241397    0.062508 
1.245402    0.063039 
1.249407    0.063571 
1.253411    0.064105 
1.257416    0.064639 
1.261420    0.065175 
1.265425    0.065711 
1.269429    0.066249 
1.273434    0.066787 
1.277438    0.067327 
1.281443    0.067868 
1.285447    0.068409 
1.289452    0.068952 
1.293456    0.069495 
1.297461    0.070039 
1.301465    0.070585 
1.305470    0.071131 
1.309474    0.071678 
1.313479    0.072227 
1.317483    0.072776 
1.321488    0.073326 
1.325492    0.073877 
1.329497    0.074429 
1.333501    0.074981 
1.337506    0.075535 
1.341510    0.076090 
1.345515    0.076645 
1.349519    0.077202 
1.353524    0.077759 
1.357528    0.078317 
1.361533    0.078876 
1.365537    0.079436 
1.369542    0.079996 
1.373546    0.080558 
1.377551    0.081120 
1.381555    0.081683 
1.385560    0.082247 
1.389564    0.082812 
1.393569    0.083378 
1.397573    0.083944 
1.401578    0.084511 
1.405582    0.085079 
1.409587    0.085648 
1.413591    0.086218 
1.417596    0.086788 
1.421600    0.087359 
1.425605    0.087931 
1.429609    0.088504 
1.433614    0.089077 
1.437618    0.089651 
1.441623    0.090226 
1.445627    0.090802 
1.449632    0.091378 
1.453636    0.091955 
1.457641    0.092533 
1.461645    0.093112 
1.465650    0.093691 
1.469654    0.094271 
1.473659    0.094851 
1.477663    0.095433 
1.481668    0.096015 
1.485672    0.096598 
1.489677    0.097181 
1.493682    0.097765 
1.497686    0.098350 
1.501691    0.098935 
1.505695    0.099521 
1.509700    0.100108 
1.513704    0.100695 
1.517709    0.101283 
1.521713    0.101872 
1.525718    0.102461 
1.529722    0.103051 
1.533727    0.103642 
1.537731    0.104233 
1.541736    0.104824 
1.545740    0.105417 
1.549745    0.106010 
1.553749    0.106603 
1.557754    0.107197 
1.561758    0.107792 
1.565763    0.108387 
1.569767    0.108983 
1.573772    0.109580 
1.577776    0.110176 
1.581781    0.110774 
1.585785    0.111372 
1.589790    0.111971 
1.593794    0.112570 
1.597799    0.113170 
1.601803    0.113770 
1.605808    0.114371 
1.609812    0.114972 
1.613817    0.115574 
1.617821    0.116176 
1.621826    0.116779 
1.625830    0.117383 
1.629835    0.117986 
1.633839    0.118591 
1.637844    0.119196 
1.641848    0.119801 
1.645853    0.120407 
1.649857    0.121013 
1.653862    0.121620 
1.657866    0.122227 
1.661871    0.122835 
1.665875    0.123443 
1.669880    0.124052 
1.673884    0.124661 
1.677889    0.125270 
1.681893    0.125880 
1.685898    0.126491 
1.689902    0.127102 
1.693907    0.127713 
1.697911    0.128325 
1.701916    0.128937 
1.705920    0.129549 
1.709925    0.130162 
1.713929    0.130776 
1.717934    0.131390 
1.721938    0.132004 
1.725943    0.132618 
1.729947    0.133233 
1.733952    0.133849 
1.737956    0.134464 
1.741961    0.135081 
1.745966    0.135697 
1.749970    0.136314 
1.753975    0.136931 
1.757979    0.137549 
1.761984    0.138167 
1.765988    0.138785 
1.769993    0.139404 
1.773997    0.140023 
1.778002    0.140642 
1.782006    0.141262 
1.786011    0.141882 
1.790015    0.142502 
1.794020    0.143123 
1.798024    0.143744 
1.802029    0.144365 
1.806033    0.144986 
1.810038    0.145608 
1.814042    0.146231 
1.818047    0.146853 
1.822051    0.147476 
1.826056    0.148099 
1.830060    0.148722 
1.834065    0.149346 
1.838069    0.150051 
1.842074    0.153535 
1.846078    0.163950 
1.850083    0.178239 
1.854087    0.192572 
1.858092    0.205237 
1.862096    0.215913 
1.866101    0.224808 
1.870105    0.232248 
1.874110    0.238532 
1.878114    0.243905 
1.882119    0.248553 
1.886123    0.252622 
1.890128    0.256221 
1.894132    0.259435 
1.898137    0.262331 
1.902141    0.264960 
1.906146    0.267364 
1.910150    0.269577 
1.914155    0.271625 
1.918159    0.273531 
1.922164    0.275313 
1.926168    0.276986 
1.930173    0.278562 
1.934177    0.280054 
1.938182    0.281470 
1.942186    0.282818 
1.946191    0.284104 
1.950195    0.285336 
1.954200    0.286517 
1.958204    0.287653 
1.962209    0.288747 
1.966213    0.289804 
1.970218    0.290825 
1.974222    0.291814 
1.978227    0.292774 
1.982231    0.293706 
1.986236    0.294612 
1.990241    0.295495 
1.994245    0.296355 
1.998250    0.297195 
2.002254    0.298016 
2.006259    0.298819 
2.010263    0.299604 
2.014268    0.300374 
2.018272    0.301129 
2.022277    0.301869 
2.026281    0.302596 
2.030286    0.303310 
2.034290    0.304013 
2.038295    0.304704 
2.042299    0.305384 
2.046304    0.306053 
2.050308    0.306714 
2.054313    0.307364 
2.058317    0.308006 
2.062322    0.308639 
2.066326    0.309265 
2.070331    0.309882 
2.074335    0.310492 
2.078340    0.311095 
2.082344    0.311691 
2.086349    0.312281 
2.090353    0.312864 
2.094358    0.313441 
2.098362    0.314012 
2.102367    0.314578 
2.106371    0.315138 
2.110376    0.315693 
2.114380    0.316243 
2.118385    0.316788 
2.122389    0.317329 
2.126394    0.317865 
2.130398    0.318396 
2.134403    0.318923 
2.138407    0.319446 
2.142412    0.319965 
2.146416    0.320481 
2.150421    0.320992 
2.154425    0.321500 
2.158430    0.322004 
2.162434    0.322505 
2.166439    0.323003 
2.170443    0.323497 
2.174448    0.323988 
2.178452    0.324476 
2.182457    0.324961 
2.186461    0.325443 
2.190466    0.325922 
2.194470    0.326399 
2.198475    0.326872 
2.202479    0.327343 
2.206484    0.327812 
2.210488    0.328278 
2.214493    0.328741 
2.218497    0.329202 
2.222502    0.329661 
2.226506    0.330118 
2.230511    0.330572 
2.234515    0.331024 
2.238520    0.331474 
2.242525    0.331921 
2.246529    0.332367 
2.250534    0.332811 
2.254538    0.333252 
2.258543    0.333692 
2.262547    0.334130 
2.266552    0.334566 
2.270556    0.335000 
2.274561    0.335432 
2.278565    0.335863 
2.282570    0.336292 
2.286574    0.336719 
2.290579    0.337144 
2.294583    0.337568 
2.298588    0.337990 
2.302592    0.338411 
2.306597    0.338830 
2.310601    0.339247 
2.314606    0.339663 
2.318610    0.340078 
2.322615    0.340491 
2.326619    0.340903 
2.330624    0.341313 
2.334628    0.341721 
2.338633    0.342129 
2.342637    0.342535 
2.346642    0.342940 
2.350646    0.343343 
2.354651    0.343745 
2.358655    0.344146 
2.362660    0.344546 
2.366664    0.344944 
2.370669    0.345341 
2.374673    0.345737 
2.378678    0.346132 
2.382682    0.346525 
2.386687    0.346918 
2.390691    0.347309 
2.394696    0.347699 
2.398700    0.348088 
2.402705    0.348476 
2.406709    0.348863 
2.410714    0.349249 
2.414718    0.349633 
2.418723    0.350017 
2.422727    0.350400 
2.426732    0.350781 
2.430736    0.351162 
2.434741    0.351541 
2.438745    0.351920 
2.442750    0.352298 
2.446754    0.352674 
2.450759    0.353050 
2.454763    0.353425 
2.458768    0.353798 
2.462772    0.354171 
2.466777    0.354543 
2.470781    0.354914 
2.474786    0.355284 
2.478790    0.355654 
2.482795    0.356022 
2.486800    0.356390 
2.490804    0.356756 
2.494809    0.357122 
2.498813    0.357487 
2.502818    0.357851 
2.506822    0.358214 
2.510827    0.358577 
2.514831    0.358939 
2.518836    0.359299 
2.522840    0.359659 
2.526845    0.360019 
2.530849    0.360377 
2.534854    0.360735 
2.538858    0.361092 
2.542863    0.361448 
2.546867    0.361803 
2.550872    0.362158 
2.554876    0.362512 
2.558881    0.362865 
2.562885    0.363217 
2.566890    0.363569 
2.570894    0.363920 
2.574899    0.364270 
2.578903    0.364620 
2.582908    0.364969 
2.586912    0.365317 
2.590917    0.365664 
2.594921    0.366011 
2.598926    0.366357 
2.602930    0.366703 
2.606935    0.367047 
2.610939    0.367391 
2.614944    0.367735 
2.618948    0.368077 
2.622953    0.368420 
2.626957    0.368761 
2.630962    0.369102 
2.634966    0.369442 
2.638971    0.369781 
2.642975    0.370120 
2.646980    0.370459 
2.650984    0.370796 
2.654989    0.371133 
2.658993    0.371470 
2.662998    0.371806 
2.667002    0.372141 
2.671007    0.372475 
2.675011    0.372809 
2.679016    0.373143 
2.683020    0.373475 
2.687025    0.373808 
2.691029    0.374139 
2.695034    0.374470 
2.699038    0.374801 
2.703043    0.375131 
2.707047    0.375460 
2.711052    0.375789 
2.715056    0.376117 
2.719061    0.376445 
2.723065    0.376772 
2.727070    0.377098 
2.731074    0.377424 
2.735079    0.377750 
2.739084    0.378075 
2.743088    0.378399 
2.747093    0.378723 
2.751097    0.379046 
2.755102    0.379369 
2.759106    0.379691 
2.763111    0.380013 
2.767115    0.380334 
2.771120    0.380655 
2.775124    0.380975 
2.779129    0.381295 
2.783133    0.381614 
2.787138    0.381932 
2.791142    0.382250 
2.795147    0.382568 
2.799151    0.382885 
2.803156    0.383202 
2.807160    0.383518 
2.811165    0.383834 
2.815169    0.384149 
2.819174    0.384463 
2.823178    0.384777 
2.827183    0.385091 
2.831187    0.385404 
2.835192    0.385717 
2.839196    0.386029 
2.843201    0.386341 
2.847205    0.386652 
2.851210    0.386963 
2.855214    0.387273 
2.859219    0.387583 
2.863223    0.387893 
2.867228    0.388202 
2.871232    0.388510 
2.875237    0.388818 
2.879241    0.389126 
2.883246    0.389433 
2.887250    0.389739 
2.891255    0.390046 
2.895259    0.390351 
2.899264    0.390657 
2.903268    0.390962 
2.907273    0.391266 
2.911277    0.391570 
2.915282    0.391874 
2.919286    0.392177 
2.923291    0.392479 
2.927295    0.392782 
2.931300    0.393084 
2.935304    0.393385 
2.939309    0.393686 
2.943313    0.393986 
2.947318    0.394287 
2.951322    0.394586 
2.955327    0.394886 
2.959331    0.395184 
2.963336    0.395483 
2.967340    0.395781 
2.971345    0.396078 
2.975349    0.396376 
2.979354    0.396672 
2.983359    0.396969 
2.987363    0.397265 
2.991368    0.397560 
2.995372    0.397855 
2.999377    0.398150 
3.003381    0.398445 
3.007386    0.398739 
3.011390    0.399032 
3.015395    0.399325 
3.019399    0.399618 
3.023404    0.399910 
3.027408    0.400202 
3.031413    0.400494 
3.035417    0.400785 
3.039422    0.401076 
3.043426    0.401366 
3.047431    0.401656 
3.051435    0.401946 
3.055440    0.402235 
3.059444    0.402524 
3.063449    0.402813 
3.067453    0.403101 
3.071458    0.403388 
3.075462    0.403676 
3.079467    0.403963 
3.083471    0.404249 
3.087476    0.404536 
3.091480    0.404821 
3.095485    0.405107 
3.099489    0.405392 
3.103494    0.405677 
3.107498    0.405961 
3.111503    0.406245 
3.115507    0.406529 
3.119512    0.406812 
3.123516    0.407095 
3.127521    0.407378 
3.131525    0.407660 
3.135530    0.407942 
3.139534    0.408223 
3.143539    0.408504 
3.147543    0.408785 
3.151548    0.409065 
3.155552    0.409346 
3.159557    0.409625 
3.163561    0.409905 
3.167566    0.410184 
3.171570    0.410462 
3.175575    0.410741 
3.179579    0.411019 
3.183584    0.411296 
3.187588    0.411573 
3.191593    0.411850 
3.195597    0.412127 
3.199602    0.412403 
3.203606    0.412679 
3.207611    0.412955 
3.211615    0.413230 
3.215620    0.413505 
3.219624    0.413779 
3.223629    0.414054 
3.227633    0.414328 
3.231638    0.414601 
3.235643    0.414874 
3.239647    0.415147 
3.243652    0.415420 
3.247656    0.415692 
3.251661    0.415964 
3.255665    0.416235 
3.259670    0.416507 
3.263674    0.416778 
3.267679    0.417048 
3.271683    0.417318 
3.275688    0.417588 
3.279692    0.417858 
3.283697    0.418127 
3.287701    0.418396 
3.291706    0.418665 
3.295710    0.418933 
3.299715    0.419201 
3.303719    0.419469 
3.307724    0.419736 
3.311728    0.420003 
3.315733    0.420270 
3.319737    0.420537 
3.323742    0.420803 
3.327746    0.421068 
3.331751    0.421334 
3.335755    0.421599 
3.339760    0.421864 
3.343764    0.422129 
3.347769    0.422393 
3.351773    0.422657 
3.355778    0.422920 
3.359782    0.423184 
3.363787    0.423447 
3.367791    0.423709 
3.371796    0.423972 
3.375800    0.424234 
3.379805    0.424496 
3.383809    0.424757 
3.387814    0.425019 
3.391818    0.425279 
3.395823    0.425540 
3.399827    0.425800 
3.403832    0.426060 
3.407836    0.426320 
3.411841    0.426580 
3.415845    0.426839 
3.419850    0.427097 
3.423854    0.427356 
3.427859    0.427614 
3.431863    0.427872 
3.435868    0.428130 
3.439872    0.428387 
3.443877    0.428644 
3.447881    0.428901 
3.451886    0.429158 
3.455890    0.429414 
3.459895    0.429670 
3.463899    0.429925 
3.467904    0.430181 
3.471908    0.430436 
3.475913    0.430691 
3.479918    0.430945 
3.483922    0.431199 
3.487927    0.431453 
3.491931    0.431707 
3.495936    0.431960 
3.499940    0.432213 
3.503945    0.432466 
3.507949    0.432718 
3.511954    0.432971 
3.515958    0.433223 
3.519963    0.433474 
3.523967    0.433726 
3.527972    0.433977 
3.531976    0.434228 
3.535981    0.434478 
3.539985    0.434729 
3.543990    0.434979 
3.547994    0.435228 
3.551999    0.435478 
3.556003    0.435727 
3.560008    0.435976 
3.564012    0.436225 
3.568017    0.436473 
3.572021    0.436721 
3.576026    0.436969 
3.580030    0.437217 
3.584035    0.437464 
3.588039    0.437711 
3.592044    0.437958 
3.596048    0.438204 
3.600053    0.438450 
3.604057    0.438696 
3.608062    0.438942 
3.612066    0.439188 
3.616071    0.439433 
3.620075    0.439678 
3.624080    0.439922 
3.628084    0.440167 
3.632089    0.440411 
3.636093    0.440655 
3.640098    0.440898 
3.644102    0.441142 
3.648107    0.441385 
3.652111    0.441628 
3.656116    0.441870 
3.660120    0.442112 
3.664125    0.442354 
3.668129    0.442596 
3.672134    0.442838 
3.676138    0.443079 
3.680143    0.443320 
3.684147    0.443561 
3.688152    0.443801 
3.692156    0.444042 
3.696161    0.444282 
3.700165    0.444521 
3.704170    0.444761 
3.708174    0.445000 
3.712179    0.445239 
3.716183    0.445478 
3.720188    0.445717 
3.724192    0.445955 
3.728197    0.446193 
3.732202    0.446431 
3.736206    0.446668 
3.740211    0.446905 
3.744215    0.447142 
3.748220    0.447379 
3.752224    0.447616 
3.756229    0.447852 
3.760233    0.448088 
3.764238    0.448324 
3.768242    0.448559 
3.772247    0.448795 
3.776251    0.449030 
3.780256    0.449265 
3.784260    0.449499 
3.788265    0.449733 
3.792269    0.449968 
3.796274    0.450201 
3.800278    0.450435 
3.804283    0.450668 
3.808287    0.450902 
3.812292    0.451134 
3.816296    0.451367 
3.820301    0.451599 
3.824305    0.451832 
3.828310    0.452064 
3.832314    0.452295 
3.836319    0.452527 
3.840323    0.452758 
3.844328    0.452989 
3.848332    0.453220 
3.852337    0.453450 
3.856341    0.453681 
3.860346    0.453911 
3.864350    0.454140 
3.868355    0.454370 
3.872359    0.454599 
3.876364    0.454829 
3.880368    0.455057 
3.884373    0.455286 
3.888377    0.455515 
3.892382    0.455743 
3.896386    0.455971 
3.900391    0.456199 
3.904395    0.456426 
3.908400    0.456653 
3.912404    0.456880 
3.916409    0.457107 
3.920413    0.457334 
3.924418    0.457560 
3.928422    0.457786 
3.932427    0.458012 
3.936431    0.458238 
3.940436    0.458464 
3.944440    0.458689 
3.948445    0.458914 
3.952449    0.459139 
3.956454    0.459363 
3.960458    0.459588 
3.964463    0.459812 
3.968467    0.460036 
3.972472    0.460259 
3.976477    0.460483 
3.980481    0.460706 
3.984486    0.460929 
3.988490    0.461152 
3.992495    0.461375 
3.996499    0.461597 
4.000504    0.461819 
4.004508    0.462041 
4.008513    0.462263 
4.012517    0.462484 
4.016522    0.462705 
4.020526    0.462927 
4.024531    0.463147 
4.028535    0.463368 
4.032540    0.463588 
4.036544    0.463809 
4.040549    0.464029 
4.044553    0.464248 
4.048558    0.464468 
4.052562    0.464687 
4.056567    0.464906 
4.060571    0.465125 
4.064576    0.465344 
4.068580    0.465563 
4.072585    0.465781 
4.076589    0.465999 
4.080594    0.466217 
4.084598    0.466434 
4.088603    0.466652 
4.092607    0.466869 
4.096612    0.467086 
4.100616    0.467303 
4.104621    0.467520 
4.108625    0.467736 
4.112630    0.467952 
4.116634    0.468168 
4.120639    0.468384 
4.124643    0.468599 
4.128648    0.468815 
4.132652    0.469030 
4.136657    0.469245 
4.140661    0.469460 
4.144666    0.469674 
4.148670    0.469888 
4.152675    0.470102 
4.156679    0.470316 
4.160684    0.470530 
4.164688    0.470744 
4.168693    0.470957 
4.172697    0.471170 
4.176702    0.471383 
4.180706    0.471596 
4.184711    0.471808 
4.188715    0.472020 
4.192720    0.472232 
4.196724    0.472444 
4.200729    0.472656 
4.204733    0.472867 
4.208738    0.473079 
4.212742    0.473290 
4.216747    0.473501 
4.220751    0.473711 
4.224756    0.473922 
4.228761    0.474132 
4.232765    0.474342 
4.236770    0.474552 
4.240774    0.474762 
4.244779    0.474971 
4.248783    0.475181 
4.252788    0.475390 
4.256792    0.475599 
4.260797    0.475807 
4.264801    0.476016 
4.268806    0.476224 
4.272810    0.476432 
4.276815    0.476640 
4.280819    0.476848 
4.284824    0.477055 
4.288828    0.477263 
4.292833    0.477470 
4.296837    0.477677 
4.300842    0.477884 
4.304846    0.478090 
4.308851    0.478297 
4.312855    0.478503 
4.316860    0.478709 
4.320864    0.478915 
4.324869    0.479120 
4.328873    0.479326 
4.332878    0.479531 
4.336882    0.479736 
4.340887    0.479941 
4.344891    0.480145 
4.348896    0.480350 
4.352900    0.480554 
4.356905    0.480758 
4.360909    0.480962 
4.364914    0.481166 
4.368918    0.481369 
4.372923    0.481573 
4.376927    0.481776 
4.380932    0.481979 
4.384936    0.482182 
4.388941    0.482384 
4.392945    0.482587 
4.396950    0.482789 
4.400954    0.482991 
4.404959    0.483193 
4.408963    0.483394 
4.412968    0.483596 
4.416972    0.483797 
4.420977    0.483998 
4.424981    0.484199 
4.428986    0.484400 
4.432990    0.484601 
4.436995    0.484801 
4.440999    0.485001 
4.445004    0.485201 
4.449008    0.485401 
4.453013    0.485601 
4.457017    0.485800 
4.461022    0.485999 
4.465026    0.486199 
4.469031    0.486397 
4.473036    0.486596 
4.477040    0.486795 
4.481045    0.486993 
4.485049    0.487191 
4.489054    0.487389 
4.493058    0.487587 
4.497063    0.487785 
4.501067    0.487982 
4.505072    0.488180 
4.509076    0.488377 
4.513081    0.488574 
4.517085    0.488771 
4.521090    0.488967 
4.525094    0.489164 
4.529099    0.489360 
4.533103    0.489556 
4.537108    0.489752 
4.541112    0.489948 
4.545117    0.490143 
4.549121    0.490339 
4.553126    0.490534 
4.557130    0.490729 
4.561135    0.490924 
4.565139    0.491118 
4.569144    0.491313 
4.573148    0.491507 
4.577153    0.491701 
4.581157    0.491895 
4.585162    0.492089 
4.589166    0.492283 
4.593171    0.492476 
4.597175    0.492670 
4.601180    0.492863 
4.605184    0.493056 
4.609189    0.493248 
4.613193    0.493441 
4.617198    0.493634 
4.621202    0.493826 
4.625207    0.494018 
4.629211    0.494210 
4.633216    0.494402 
4.637220    0.494593 
4.641225    0.494785 
4.645229    0.494976 
4.649234    0.495167 
4.653238    0.495358 
4.657243    0.495549 
4.661247    0.495739 
4.665252    0.495930 
4.669256    0.496120 
4.673261    0.496310 
4.677265    0.496500 
4.681270    0.496690 
4.685274    0.496879 
4.689279    0.497069 
4.693283    0.497258 
4.697288    0.497447 
4.701292    0.497636 
4.705297    0.497825 
4.709301    0.498013 
4.713306    0.498202 
4.717310    0.498390 
4.721315    0.498578 
4.725320    0.498766 
4.729324    0.498954 
4.733329    0.499141 
4.737333    0.499329 
4.741338    0.499516 
4.745342    0.499703 
4.749347    0.499890 
4.753351    0.500077 
4.757356    0.500263 
4.761360    0.500450 
4.765365    0.500636 
4.769369    0.500822 
4.773374    0.501008 
4.777378    0.501194 
4.781383    0.501380 
4.785387    0.501565 
4.789392    0.501751 
4.793396    0.501936 
4.797401    0.502121 
4.801405    0.502306 
4.805410    0.502490 
4.809414    0.502675 
4.813419    0.502859 
4.817423    0.503044 
4.821428    0.503228 
4.825432    0.503412 
4.829437    0.503595 
4.833441    0.503779 
4.837446    0.503962 
4.841450    0.504146 
4.845455    0.504329 
4.849459    0.504512 
4.853464    0.504694 
4.857468    0.504877 
4.861473    0.505060 
4.865477    0.505242 
4.869482    0.505424 
4.873486    0.505606 
4.877491    0.505788 
4.881495    0.505970 
4.885500    0.506151 
4.889504    0.506333 
4.893509    0.506514 
4.897513    0.506695 
4.901518    0.506876 
4.905522    0.507057 
4.909527    0.507237 
4.913531    0.507418 
4.917536    0.507598 
4.921540    0.507778 
4.925545    0.507958 
4.929549    0.508138 
4.933554    0.508318 
4.937558    0.508497 
4.941563    0.508677 
4.945567    0.508856 
4.949572    0.509035 
4.953576    0.509214 
4.957581    0.509393 
4.961585    0.509572 
4.965590    0.509750 
4.969595    0.509929 
4.973599    0.510107 
4.977604    0.510285 
4.981608    0.510463 
4.985613    0.510640 
4.989617    0.510818 
4.993622    0.510996 
4.997626    0.511173 
5.001631    0.511350 
5.005635    0.511527 
5.009640    0.511704 
5.013644    0.511881 
5.017649    0.512057 
5.021653    0.512234 
5.025658    0.512410 
5.029662    0.512586 
5.033667    0.512762 
5.037671    0.512938 
5.041676    0.513113 
5.045680    0.513289 
5.049685    0.513464 
5.053689    0.513640 
5.057694    0.513815 
5.061698    0.513990 
5.065703    0.514164 
5.069707    0.514339 
5.073712    0.514514 
5.077716    0.514688 
5.081721    0.514862 
5.085725    0.515036 
5.089730    0.515210 
5.093734    0.515384 
5.097739    0.515558 
5.101743    0.515731 
5.105748    0.515904 
5.109752    0.516078 
5.113757    0.516251 
5.117761    0.516424 
5.121766    0.516596 
5.125770    0.516769 
5.129775    0.516942 
5.133779    0.517114 
5.137784    0.517286 
5.141788    0.517458 
5.145793    0.517630 
5.149797    0.517802 
5.153802    0.517974 
5.157806    0.518145 
5.161811    0.518317 
5.165815    0.518488 
5.169820    0.518659 
5.173824    0.518830 
5.177829    0.519001 
5.181833    0.519171 
5.185838    0.519342 
5.189842    0.519512 
5.193847    0.519682 
5.197851    0.519853 
5.201856    0.520023 
5.205860    0.520192 
5.209865    0.520362 
5.213869    0.520532 
5.217874    0.520701 
5.221879    0.520870 
5.225883    0.521039 
5.229888    0.521208 
5.233892    0.521377 
5.237897    0.521546 
5.241901    0.521715 
5.245906    0.521883 
5.249910    0.522051 
5.253915    0.522220 
5.257919    0.522388 
5.261924    0.522555 
5.265928    0.522723 
5.269933    0.522891 
5.273937    0.523058 
5.277942    0.523226 
5.281946    0.523393 
5.285951    0.523560 
5.289955    0.523727 
5.293960    0.523894 
5.297964    0.524061 
5.301969    0.524227 
5.305973    0.524393 
5.309978    0.524560 
5.313982    0.524726 
5.317987    0.524892 
5.321991    0.525058 
5.325996    0.525224 
5.330000    0.525389 
5.334005    0.525555 
5.338009    0.525720 
5.342014    0.525885 
5.346018    0.526050 
5.350023    0.526215 
5.354027    0.526380 
5.358032    0.526545 
5.362036    0.526709 
5.366041    0.526874 
5.370045    0.527038 
5.374050    0.527202 
5.378054    0.527366 
5.382059    0.527530 
5.386063    0.527694 
5.390068    0.527857 
5.394072    0.528021 
5.398077    0.528184 
5.402081    0.528348 
5.406086    0.528511 
5.410090    0.528674 
5.414095    0.528837 
5.418099    0.528999 
5.422104    0.529162 
5.426108    0.529324 
5.430113    0.529487 
5.434117    0.529649 
5.438122    0.529811 
5.442126    0.529973 
5.446131    0.530135 
5.450135    0.530296 
5.454140    0.530458 
5.458144    0.530619 
5.462149    0.530781 
5.466154    0.530942 
5.470158    0.531103 
5.474163    0.531264 
5.478167    0.531425 
5.482172    0.531585 
5.486176    0.531746 
5.490181    0.531906 
5.494185    0.532067 
5.498190    0.532227 
5.502194    0.532387 
5.506199    0.532547 
5.510203    0.532707 
5.514208    0.532866 
5.518212    0.533026 
5.522217    0.533185 
5.526221    0.533344 
5.530226    0.533504 
5.534230    0.533663 
5.538235    0.533822 
5.542239    0.533980 
5.546244    0.534139 
5.550248    0.534297 
5.554253    0.534456 
5.558257    0.534614 
5.562262    0.534772 
5.566266    0.534930 
5.570271    0.535088 
5.574275    0.535246 
5.578280    0.535404 
5.582284    0.535561 
5.586289    0.535719 
5.590293    0.535876 
5.594298    0.536033 
5.598302    0.536190 
5.602307    0.536347 
5.606311    0.536504 
5.610316    0.536661 
5.614320    0.536817 
5.618325    0.536974 
5.622329    0.537130 
5.626334    0.537286 
5.630338    0.537442 
5.634343    0.537598 
5.638347    0.537754 
5.642352    0.537910 
5.646356    0.538065 
5.650361    0.538221 
5.654365    0.538376 
5.658370    0.538532 
5.662374    0.538687 
5.666379    0.538842 
5.670383    0.538997 
5.674388    0.539151 
5.678392    0.539306 
5.682397    0.539460 
5.686401    0.539615 
5.690406    0.539769 
5.694410    0.539923 
5.698415    0.540077 
5.702419    0.540231 
5.706424    0.540385 
5.710428    0.540539 
5.714433    0.540692 
5.718438    0.540846 
5.722442    0.540999 
5.726447    0.541152 
5.730451    0.541305 
5.734456    0.541458 
5.738460    0.541611 
5.742465    0.541764 
5.746469    0.541917 
5.750474    0.542069 
5.754478    0.542222 
5.758483    0.542374 
5.762487    0.542526 
5.766492    0.542678 
5.770496    0.542830 
5.774501    0.542982 
5.778505    0.543134 
5.782510    0.543285 
5.786514    0.543437 
5.790519    0.543588 
5.794523    0.543739 
5.798528    0.543890 
5.802532    0.544041 
5.806537    0.544192 
5.810541    0.544343 
5.814546    0.544494 
5.818550    0.544644 
5.822555    0.544795 
5.826559    0.544945 
5.830564    0.545095 
5.834568    0.545245 
5.838573    0.545395 
5.842577    0.545545 
5.846582    0.545695 
5.850586    0.545845 
5.854591    0.545994 
5.858595    0.546143 
5.862600    0.546293 
5.866604    0.546442 
5.870609    0.546591 
5.874613    0.546740 
5.878618    0.546889 
5.882622    0.547038 
5.886627    0.547186 
5.890631    0.547335 
5.894636    0.547483 
5.898640    0.547631 
5.902645    0.547780 
5.906649    0.547928 
5.910654    0.548076 
5.914658    0.548223 
5.918663    0.548371 
5.922667    0.548519 
5.926672    0.548666 
5.930676    0.548814 
5.934681    0.548961 
5.938685    0.549108 
5.942690    0.549255 
5.946694    0.549402 
5.950699    0.549549 
5.954703    0.549696 
5.958708    0.549842 
5.962713    0.549989 
5.966717    0.550135 
5.970722    0.550282 
5.974726    0.550428 
5.978731    0.550574 
5.982735    0.550720 
5.986740    0.550866 
5.990744    0.551012 
5.994749    0.551157 
5.998753    0.551303 
6.002758    0.551448 
6.006762    0.551593 
6.010767    0.551739 
6.014771    0.551884 
6.018776    0.552029 
6.022780    0.552174 
6.026785    0.552318 
6.030789    0.552463 
6.034794    0.552608 
6.038798    0.552752 
6.042803    0.552897 
6.046807    0.553041 
6.050812    0.553185 
6.054816    0.553329 
6.058821    0.553473 
6.062825    0.553617 
6.066830    0.553760 
6.070834    0.553904 
6.074839    0.554048 
6.078843    0.554191 
6.082848    0.554334 
6.086852    0.554477 
6.090857    0.554621 
6.094861    0.554763 
6.098866    0.554906 
6.102870    0.555049 
6.106875    0.555192 
6.110879    0.555334 
6.114884    0.555477 
6.118888    0.555619 
6.122893    0.555761 
6.126897    0.555903 
6.130902    0.556046 
6.134906    0.556187 
6.138911    0.556329 
6.142915    0.556471 
6.146920    0.556613 
6.150924    0.556754 
6.154929    0.556896 
6.158933    0.557037 
6.162938    0.557178 
6.166942    0.557319 
6.170947    0.557460 
6.174951    0.557601 
6.178956    0.557742 
6.182960    0.557882 
6.186965    0.558023 
6.190969    0.558164 
6.194974    0.558304 
6.198978    0.558444 
6.202983    0.558584 
6.206987    0.558724 
6.210992    0.558864 
6.214997    0.559004 
6.219001    0.559144 
6.223006    0.559284 
6.227010    0.559423 
6.231015    0.559563 
6.235019    0.559702 
6.239024    0.559841 
6.243028    0.559981 
6.247033    0.560120 
6.251037    0.560259 
6.255042    0.560397 
6.259046    0.560536 
6.263051    0.560675 
6.267055    0.560813 
6.271060    0.560952 
6.275064    0.561090 
6.279069    0.561228 
6.283073    0.561367 
6.287078    0.561505 
6.291082    0.561643 
6.295087    0.561780 
6.299091    0.561918 
6.303096    0.562056 
6.307100    0.562193 
6.311105    0.562331 
6.315109    0.562468 
6.319114    0.562605 
6.323118    0.562743 
6.327123    0.562880 
6.331127    0.563017 
6.335132    0.563154 
6.339136    0.563290 
6.343141    0.563427 
6.347145    0.563564 
6.351150    0.563700 
6.355154    0.563836 
6.359159    0.563973 
6.363163    0.564109 
6.367168    0.564245 
6.371172    0.564381 
6.375177    0.564517 
6.379181    0.564653 
6.383186    0.564788 
6.387190    0.564924 
6.391195    0.565059 
6.395199    0.565195 
6.399204    0.565330 
6.403208    0.565465 
6.407213    0.565600 
6.411217    0.565735 
6.415222    0.565870 
6.419226    0.566005 
6.423231    0.566140 
6.427235    0.566275 
6.431240    0.566409 
6.435244    0.566544 
6.439249    0.566678 
6.443253    0.566812 
6.447258    0.566946 
6.451262    0.567080 
6.455267    0.567214 
6.459272    0.567348 
6.463276    0.567482 
6.467281    0.567616 
6.471285    0.567749 
6.475290    0.567883 
6.479294    0.568016 
6.483299    0.568149 
6.487303    0.568283 
6.491308    0.568416 
6.495312    0.568549 
6.499317    0.568682 
6.503321    0.568815 
6.507326    0.568947 
6.511330    0.569080 
6.515335    0.569212 
6.519339    0.569345 
6.523344    0.569477 
6.527348    0.569610 
6.531353    0.569742 
6.535357    0.569874 
6.539362    0.570006 
6.543366    0.570138 
6.547371    0.570270 
6.551375    0.570401 
6.555380    0.570533 
6.559384    0.570664 
6.563389    0.570796 
6.567393    0.570927 
6.571398    0.571058 
6.575402    0.571190 
6.579407    0.571321 
6.583411    0.571452 
6.587416    0.571583 
6.591420    0.571713 
6.595425    0.571844 
6.599429    0.571975 
6.603434    0.572105 
6.607438    0.572236 
6.611443    0.572366 
6.615447    0.572496 
6.619452    0.572626 
6.623456    0.572756 
6.627461    0.572886 
6.631465    0.573016 
6.635470    0.573146 
6.639474    0.573276 
6.643479    0.573405 
6.647483    0.573535 
6.651488    0.573664 
6.655492    0.573794 
6.659497    0.573923 
6.663501    0.574052 
6.667506    0.574181 
6.671510    0.574310 
6.675515    0.574439 
6.679519    0.574568 
6.683524    0.574696 
6.687528    0.574825 
6.691533    0.574954 
6.695537    0.575082 
6.699542    0.575210 
6.703546    0.575339 
6.707551    0.575467 
6.711556    0.575595 
6.715560    0.575723 
6.719565    0.575851 
6.723569    0.575979 
6.727574    0.576106 
6.731578    0.576234 
6.735583    0.576362 
6.739587    0.576489 
6.743592    0.576617 
6.747596    0.576744 
6.751601    0.576871 
6.755605    0.576998 
6.759610    0.577125 
6.763614    0.577252 
6.767619    0.577379 
6.771623    0.577506 
6.775628    0.577632 
6.779632    0.577759 
6.783637    0.577886 
6.787641    0.578012 
6.791646    0.578138 
6.795650    0.578265 
6.799655    0.578391 
6.803659    0.578517 
6.807664    0.578643 
6.811668    0.578769 
6.815673    0.578895 
6.819677    0.579020 
6.823682    0.579146 
6.827686    0.579271 
6.831691    0.579397 
6.835695    0.579522 
6.839700    0.579648 
6.843704    0.579773 
6.847709    0.579898 
6.851713    0.580023 
6.855718    0.580148 
6.859722    0.580273 
6.863727    0.580398 
6.867731    0.580522 
6.871736    0.580647 
6.875740    0.580772 
6.879745    0.580896 
6.883749    0.581020 
6.887754    0.581145 
6.891758    0.581269 
6.895763    0.581393 
6.899767    0.581517 
6.903772    0.581641 
6.907776    0.581765 
6.911781    0.581889 
6.915785    0.582012 
6.919790    0.582136 
6.923794    0.582259 
6.927799    0.582383 
6.931803    0.582506 
6.935808    0.582629 
6.939812    0.582753 
6.943817    0.582876 
6.947821    0.582999 
6.951826    0.583122 
6.955831    0.583245 
6.959835    0.583367 
6.963840    0.583490 
6.967844    0.583613 
6.971849    0.583735 
6.975853    0.583858 
6.979858    0.583980 
6.983862    0.584102 
6.987867    0.584225 
6.991871    0.584347 
6.995876    0.584469 
6.999880    0.584591 
7.003885    0.584712 
7.007889    0.584834 
7.011894    0.584956 
7.015898    0.585078 
7.019903    0.585199 
7.023907    0.585321 
7.027912    0.585442 
7.031916    0.585563 
7.035921    0.585685 
7.039925    0.585806 
7.043930    0.585927 
7.047934    0.586048 
7.051939    0.586169 
7.055943    0.586289 
7.059948    0.586410 
7.063952    0.586531 
7.067957    0.586651 
7.071961    0.586772 
7.075966    0.586892 
7.079970    0.587013 
7.083975    0.587133 
7.087979    0.587253 
7.091984    0.587373 
7.095988    0.587493 
7.099993    0.587613 
7.103997    0.587733 
7.108002    0.587853 
7.112006    0.587972 
7.116011    0.588092 
7.120015    0.588211 
7.124020    0.588331 
7.128024    0.588450 
7.132029    0.588570 
7.136033    0.588689 
7.140038    0.588808 
7.144042    0.588927 
7.148047    0.589046 
7.152051    0.589165 
7.156056    0.589284 
7.160060    0.589402 
7.164065    0.589521 
7.168069    0.589640 
7.172074    0.589758 
7.176078    0.589877 
7.180083    0.589995 
7.184087    0.590113 
7.188092    0.590231 
7.192096    0.590349 
7.196101    0.590467 
7.200105    0.590585 
7.204110    0.590703 
7.208115    0.590821 
7.212119    0.590939 
7.216124    0.591056 
7.220128    0.591174 
7.224133    0.591292 
7.228137    0.591409 
7.232142    0.591526 
7.236146    0.591644 
7.240151    0.591761 
7.244155    0.591878 
7.248160    0.591995 
7.252164    0.592112 
7.256169    0.592229 
7.260173    0.592345 
7.264178    0.592462 
7.268182    0.592579 
7.272187    0.592695 
7.276191    0.592812 
7.280196    0.592928 
7.284200    0.593045 
7.288205    0.593161 
7.292209    0.593277 
7.296214    0.593393 
7.300218    0.593509 
7.304223    0.593625 
7.308227    0.593741 
7.312232    0.593857 
7.316236    0.593973 
7.320241    0.594088 
7.324245    0.594204 
7.328250    0.594319 
7.332254    0.594435 
7.336259    0.594550 
7.340263    0.594665 
7.344268    0.594781 
7.348272    0.594896 
7.352277    0.595011 
7.356281    0.595126 
7.360286    0.595241 
7.364290    0.595355 
7.368295    0.595470 
7.372299    0.595585 
7.376304    0.595700 
7.380308    0.595814 
7.384313    0.595928 
7.388317    0.596043 
7.392322    0.596157 
7.396326    0.596271 
7.400331    0.596386 
7.404335    0.596500 
7.408340    0.596614 
7.412344    0.596728 
7.416349    0.596841 
7.420353    0.596955 
7.424358    0.597069 
7.428362    0.597183 
7.432367    0.597296 
7.436371    0.597410 
7.440376    0.597523 
7.444380    0.597636 
7.448385    0.597750 
7.452390    0.597863 
7.456394    0.597976 
7.460399    0.598089 
7.464403    0.598202 
7.468408    0.598315 
7.472412    0.598428 
7.476417    0.598541 
7.480421    0.598653 
7.484426    0.598766 
7.488430    0.598879 
7.492435    0.598991 
7.496439    0.599103 
7.500444    0.599216 
7.504448    0.599328 
7.508453    0.599440 
7.512457    0.599552 
7.516462    0.599664 
7.520466    0.599776 
7.524471    0.599888 
7.528475    0.600000 
7.532480    0.600112 
7.536484    0.600223 
7.540489    0.600335 
7.544493    0.600447 
7.548498    0.600558 
7.552502    0.600670 
7.556507    0.600781 
7.560511    0.600892 
7.564516    0.601003 
7.568520    0.601114 
7.572525    0.601225 
7.576529    0.601336 
7.580534    0.601447 
7.584538    0.601558 
7.588543    0.601669 
7.592547    0.601780 
7.596552    0.601890 
7.600556    0.602001 
7.604561    0.602111 
7.608565    0.602222 
7.612570    0.602332 
7.616574    0.602442 
7.620579    0.602552 
7.624583    0.602663 
7.628588    0.602773 
7.632592    0.602883 
7.636597    0.602993 
7.640601    0.603102 
7.644606    0.603212 
7.648610    0.603322 
7.652615    0.603432 
7.656619    0.603541 
7.660624    0.603651 
7.664628    0.603760 
7.668633    0.603869 
7.672637    0.603979 
7.676642    0.604088 
7.680646    0.604197 
7.684651    0.604306 
7.688655    0.604415 
7.692660    0.604524 
7.696664    0.604633 
7.700669    0.604742 
7.704674    0.604851 
7.708678    0.604959 
7.712683    0.605068 
7.716687    0.605176 
7.720692    0.605285 
7.724696    0.605393 
7.728701    0.605502 
7.732705    0.605610 
7.736710    0.605718 
7.740714    0.605826 
7.744719    0.605934 
7.748723    0.606042 
7.752728    0.606150 
7.756732    0.606258 
7.760737    0.606366 
7.764741    0.606474 
7.768746    0.606581 
7.772750    0.606689 
7.776755    0.606796 
7.780759    0.606904 
7.784764    0.607011 
7.788768    0.607118 
7.792773    0.607226 
7.796777    0.607333 
7.800782    0.607440 
7.804786    0.607547 
7.808791    0.607654 
7.812795    0.607761 
7.816800    0.607868 
7.820804    0.607975 
7.824809    0.608081 
7.828813    0.608188 
7.832818    0.608295 
7.836822    0.608401 
7.840827    0.608508 
7.844831    0.608614 
7.848836    0.608720 
7.852840    0.608826 
7.856845    0.608933 
7.860849    0.609039 
7.864854    0.609145 
7.868858    0.609251 
7.872863    0.609357 
7.876867    0.609463 
7.880872    0.609568 
7.884876    0.609674 
7.888881    0.609780 
7.892885    0.609885 
7.896890    0.609991 
7.900894    0.610096 
7.904899    0.610202 
7.908903    0.610307 
7.912908    0.610412 
7.916912    0.610518 
7.920917    0.610623 
7.924921    0.610728 
7.928926    0.610833 
7.932930    0.610938 
7.936935    0.611043 
7.940939    0.611147 
7.944944    0.611252 
7.948949    0.611357 
7.952953    0.611461 
7.956958    0.611566 
7.960962    0.611670 
7.964967    0.611775 
7.968971    0.611879 
7.972976    0.611984 
7.976980    0.612088 
7.980985    0.612192 
7.984989    0.612296 
7.988994    0.612400 
7.992998    0.612504 
7.997003    0.612608 
8.001007    0.612712 
8.005012    0.612816 
