0.008009    0.000108 
0.012014    -0.000111 
0.016018    -0.000361 
0.020023    -0.000634 
0.024027    -0.000922 
0.028032    -0.001217 
0.032036    -0.001518 
0.036041    -0.001822 
0.040045    -0.002126 
0.044050    -0.002431 
0.048054    -0.002735 
0.052059    -0.003036 
0.056063    -0.003336 
0.060068    -0.003633 
0.064072    -0.003926 
0.068077    -0.004217 
0.072081    -0.004503 
0.076086    -0.004786 
0.080090    -0.005065 
0.084095    -0.005339 
0.088099    -0.005609 
0.092104    -0.005874 
0.096108    -0.006135 
0.100113    -0.006392 
0.104117    -0.006643 
0.108122    -0.006890 
0.112126    -0.007132 
0.116131    -0.007369 
0.120135    -0.007601 
0.124140    -0.007828 
0.128144    -0.008051 
0.132149    -0.008268 
0.136153    -0.008480 
0.140158    -0.008688 
0.144162    -0.008890 
0.148167    -0.009087 
0.152171    -0.009279 
0.156176    -0.009466 
0.160180    -0.009648 
0.164185    -0.009826 
0.168189    -0.009998 
0.172194    -0.010165 
0.176198    -0.010327 
0.180203    -0.010484 
0.184207    -0.010636 
0.188212    -0.010783 
0.192216    -0.010925 
0.196221    -0.011062 
0.200225    -0.011195 
0.204230    -0.011322 
0.208234    -0.011444 
0.212239    -0.011562 
0.216243    -0.011675 
0.220248    -0.011783 
0.224252    -0.011886 
0.228257    -0.011984 
0.232261    -0.012077 
0.236266    -0.012166 
0.240270    -0.012250 
0.244275    -0.012329 
0.248279    -0.012404 
0.252284    -0.012473 
0.256289    -0.012539 
0.260293    -0.012599 
0.264298    -0.012655 
0.268302    -0.012706 
0.272307    -0.012753 
0.276311    -0.012795 
0.280316    -0.012833 
0.284320    -0.012866 
0.288325    -0.012895 
0.292329    -0.012919 
0.296334    -0.012939 
0.300338    -0.012954 
0.304343    -0.012965 
0.308347    -0.012972 
0.312352    -0.012974 
0.316356    -0.012972 
0.320361    -0.012966 
0.324365    -0.012955 
0.328370    -0.012940 
0.332374    -0.012921 
0.336379    -0.012898 
0.340383    -0.012870 
0.344388    -0.012839 
0.348392    -0.012803 
0.352397    -0.012763 
0.356401    -0.012719 
0.360406    -0.012671 
0.364410    -0.012619 
0.368415    -0.012563 
0.372419    -0.012503 
0.376424    -0.012439 
0.380428    -0.012372 
0.384433    -0.012300 
0.388437    -0.012224 
0.392442    -0.012144 
0.396446    -0.012061 
0.400451    -0.011974 
0.404455    -0.011883 
0.408460    -0.011788 
0.412464    -0.011689 
0.416469    -0.011587 
0.420473    -0.011481 
0.424478    -0.011371 
0.428482    -0.011258 
0.432487    -0.011141 
0.436491    -0.011021 
0.440496    -0.010896 
0.444500    -0.010769 
0.448505    -0.010637 
0.452509    -0.010502 
0.456514    -0.010364 
0.460518    -0.010222 
0.464523    -0.010077 
0.468527    -0.009928 
0.472532    -0.009776 
0.476536    -0.009621 
0.480541    -0.009462 
0.484545    -0.009299 
0.488550    -0.009134 
0.492554    -0.008965 
0.496559    -0.008793 
0.500564    -0.008617 
0.504568    -0.008439 
0.508573    -0.008257 
0.512577    -0.008072 
0.516582    -0.007883 
0.520586    -0.007692 
0.524591    -0.007497 
0.528595    -0.007300 
0.532600    -0.007099 
0.536604    -0.006895 
0.540609    -0.006688 
0.544613    -0.006478 
0.548618    -0.006265 
0.552622    -0.006049 
0.556627    -0.005831 
0.560631    -0.005609 
0.564636    -0.005384 
0.568640    -0.005156 
0.572645    -0.004925 
0.576649    -0.004692 
0.580654    -0.004456 
0.584658    -0.004216 
0.588663    -0.003975 
0.592667    -0.003730 
0.596672    -0.003482 
0.600676    -0.003232 
0.604681    -0.002979 
0.608685    -0.002723 
0.612690    -0.002465 
0.616694    -0.002203 
0.620699    -0.001940 
0.624703    -0.001673 
0.628708    -0.001404 
0.632712    -0.001132 
0.636717    -0.000858 
0.640721    -0.000581 
0.644726    -0.000302 
0.648730    -0.000020 
0.652735    0.000265 
0.656739    0.000552 
0.660744    0.000841 
0.664748    0.001133 
0.668753    0.001427 
0.672757    0.001724 
0.676762    0.002023 
0.680766    0.002325 
0.684771    0.002629 
0.688775    0.002935 
0.692780    0.003244 
0.696784    0.003555 
0.700789    0.003868 
0.704793    0.004184 
0.708798    0.004501 
0.712802    0.004822 
0.716807    0.005144 
0.720811    0.005468 
0.724816    0.005795 
0.728820    0.006124 
0.732825    0.006455 
0.736829    0.006789 
0.740834    0.007124 
0.744838    0.007462 
0.748843    0.007801 
0.752848    0.008143 
0.756852    0.008487 
0.760857    0.008833 
0.764861    0.009181 
0.768866    0.009531 
0.772870    0.009883 
0.776875    0.010237 
0.780879    0.010593 
0.784884    0.010951 
0.788888    0.011311 
0.792893    0.011673 
0.796897    0.012036 
0.800902    0.012402 
0.804906    0.012770 
0.808911    0.013139 
0.812915    0.013511 
0.816920    0.013884 
0.820924    0.014259 
0.824929    0.014636 
0.828933    0.015014 
0.832938    0.015395 
0.836942    0.015777 
0.840947    0.016161 
0.844951    0.016547 
0.848956    0.016934 
0.852960    0.017324 
0.856965    0.017715 
0.860969    0.018107 
0.864974    0.018502 
0.868978    0.018898 
0.872983    0.019295 
0.876987    0.019695 
0.880992    0.020095 
0.884996    0.020498 
0.889001    0.020902 
0.893005    0.021308 
0.897010    0.021715 
0.901014    0.022124 
0.905019    0.022535 
0.909023    0.022947 
0.913028    0.023360 
0.917032    0.023775 
0.921037    0.024192 
0.925041    0.024610 
0.929046    0.025029 
0.933050    0.025450 
0.937055    0.025872 
0.941059    0.026296 
0.945064    0.026722 
0.949068    0.027148 
0.953073    0.027576 
0.957077    0.028006 
0.961082    0.028437 
0.965086    0.028869 
0.969091    0.029302 
0.973095    0.029737 
0.977100    0.030174 
0.981104    0.030611 
0.985109    0.031050 
0.989113    0.031490 
0.993118    0.031932 
0.997123    0.032374 
1.001127    0.032818 
1.005132    0.033264 
1.009136    0.033710 
1.013141    0.034158 
1.017145    0.034607 
1.021150    0.035057 
1.025154    0.035508 
1.029159    0.035961 
1.033163    0.036415 
1.037168    0.036869 
1.041172    0.037326 
1.045177    0.037783 
1.049181    0.038241 
1.053186    0.038700 
1.057190    0.039161 
1.061195    0.039623 
1.065199    0.040085 
1.069204    0.040549 
1.073208    0.041014 
1.077213    0.041480 
1.081217    0.041947 
1.085222    0.042415 
1.089226    0.042884 
1.093231    0.043354 
1.097235    0.043825 
1.101240    0.044298 
1.105244    0.044771 
1.109249    0.045245 
1.113253    0.045720 
1.117258    0.046196 
1.121262    0.046673 
1.125267    0.047151 
1.129271    0.047630 
1.133276    0.048109 
1.137280    0.048590 
1.141285    0.049072 
1.145289    0.049554 
1.149294    0.050038 
1.153298    0.050522 
1.157303    0.051007 
1.161307    0.051493 
1.165312    0.051980 
1.169316    0.052468 
1.173321    0.052956 
1.177325    0.053446 
1.181330    0.053936 
1.185334    0.054427 
1.189339    0.054919 
1.193343    0.055411 
1.197348    0.055905 
1.201352    0.056399 
1.205357    0.056894 
1.209361    0.057390 
1.213366    0.057886 
1.217370    0.058383 
1.221375    0.058881 
1.225379    0.059380 
1.229384    0.059879 
1.233388    0.060379 
1.237393    0.060880 
1.241397    0.061382 
1.245402    0.061884 
1.249407    0.062387 
1.253411    0.062890 
1.257416    0.063394 
1.261420    0.063899 
1.265425    0.064405 
1.269429    0.064911 
1.273434    0.065418 
1.277438    0.065925 
1.281443    0.066433 
1.285447    0.066942 
1.289452    0.067451 
1.293456    0.067961 
1.297461    0.068471 
1.301465    0.068982 
1.305470    0.069494 
1.309474    0.070006 
1.313479    0.070519 
1.317483    0.071032 
1.321488    0.071546 
1.325492    0.072060 
1.329497    0.072575 
1.333501    0.073091 
1.337506    0.073607 
1.341510    0.074123 
1.345515    0.074640 
1.349519    0.075157 
1.353524    0.075675 
1.357528    0.076194 
1.361533    0.076713 
1.365537    0.077232 
1.369542    0.077752 
1.373546    0.078272 
1.377551    0.078793 
1.381555    0.079314 
1.385560    0.079836 
1.389564    0.080358 
1.393569    0.080881 
1.397573    0.081404 
1.401578    0.081927 
1.405582    0.082451 
1.409587    0.082975 
1.413591    0.083499 
1.417596    0.084024 
1.421600    0.084550 
1.425605    0.085075 
1.429609    0.085602 
1.433614    0.086128 
1.437618    0.086655 
1.441623    0.087182 
1.445627    0.087710 
1.449632    0.088237 
1.453636    0.088766 
1.457641    0.089294 
1.461645    0.089823 
1.465650    0.090352 
1.469654    0.090882 
1.473659    0.091412 
1.477663    0.091942 
1.481668    0.092472 
1.485672    0.093003 
1.489677    0.093534 
1.493682    0.094065 
1.497686    0.094597 
1.501691    0.095129 
1.505695    0.095661 
1.509700    0.096193 
1.513704    0.096726 
1.517709    0.097259 
1.521713    0.097792 
1.525718    0.098325 
1.529722    0.098859 
1.533727    0.099393 
1.537731    0.099927 
1.541736    0.100461 
1.545740    0.100996 
1.549745    0.101531 
1.553749    0.102066 
1.557754    0.102601 
1.561758    0.103136 
1.565763    0.103672 
1.569767    0.104207 
1.573772    0.104743 
1.577776    0.105279 
1.581781    0.105816 
1.585785    0.106352 
1.589790    0.106889 
1.593794    0.107426 
1.597799    0.107962 
1.601803    0.108500 
1.605808    0.109037 
1.609812    0.109574 
1.613817    0.110112 
1.617821    0.110649 
1.621826    0.111187 
1.625830    0.111725 
1.629835    0.112263 
1.633839    0.112801 
1.637844    0.113339 
1.641848    0.113878 
1.645853    0.114416 
1.649857    0.114955 
1.653862    0.115493 
1.657866    0.116032 
1.661871    0.116571 
1.665875    0.117110 
1.669880    0.117649 
1.673884    0.118188 
1.677889    0.118727 
1.681893    0.119266 
1.685898    0.119806 
1.689902    0.120345 
1.693907    0.120884 
1.697911    0.121424 
1.701916    0.121963 
1.705920    0.122503 
1.709925    0.123042 
1.713929    0.123582 
1.717934    0.124122 
1.721938    0.124661 
1.725943    0.125201 
1.729947    0.125741 
1.733952    0.126281 
1.737956    0.126820 
1.741961    0.127360 
1.745966    0.127900 
1.749970    0.128440 
1.753975    0.128980 
1.757979    0.129519 
1.761984    0.130059 
1.765988    0.130599 
1.769993    0.131139 
1.773997    0.131679 
1.778002    0.132218 
1.782006    0.132758 
1.786011    0.133298 
1.790015    0.133837 
1.794020    0.134377 
1.798024    0.134917 
1.802029    0.135456 
1.806033    0.135996 
1.810038    0.136535 
1.814042    0.137074 
1.818047    0.137614 
1.822051    0.138153 
1.826056    0.138692 
1.830060    0.139232 
1.834065    0.139771 
1.838069    0.140310 
1.842074    0.140849 
1.846078    0.141388 
1.850083    0.141927 
1.854087    0.142465 
1.858092    0.143004 
1.862096    0.143543 
1.866101    0.144081 
1.870105    0.144620 
1.874110    0.145158 
1.878114    0.145696 
1.882119    0.146234 
1.886123    0.146772 
1.890128    0.147310 
1.894132    0.147848 
1.898137    0.148386 
1.902141    0.148923 
1.906146    0.149461 
1.910150    0.149998 
1.914155    0.150536 
1.918159    0.151073 
1.922164    0.151610 
1.926168    0.152147 
1.930173    0.152683 
1.934177    0.153220 
1.938182    0.153756 
1.942186    0.154293 
1.946191    0.154829 
1.950195    0.155365 
1.954200    0.155901 
1.958204    0.156437 
1.962209    0.156972 
1.966213    0.157508 
1.970218    0.158043 
1.974222    0.158578 
1.978227    0.159113 
1.982231    0.159648 
1.986236    0.160183 
1.990241    0.160717 
1.994245    0.161252 
1.998250    0.161786 
2.002254    0.162320 
2.006259    0.162854 
2.010263    0.163387 
2.014268    0.163921 
2.018272    0.164454 
2.022277    0.164987 
2.026281    0.165520 
2.030286    0.166053 
2.034290    0.166585 
2.038295    0.167117 
2.042299    0.167650 
2.046304    0.168182 
2.050308    0.168713 
2.054313    0.169245 
2.058317    0.169776 
2.062322    0.170307 
2.066326    0.170838 
2.070331    0.171369 
2.074335    0.171899 
2.078340    0.172430 
2.082344    0.172960 
2.086349    0.173490 
2.090353    0.174019 
2.094358    0.174549 
2.098362    0.175078 
2.102367    0.175607 
2.106371    0.176136 
2.110376    0.176664 
2.114380    0.177192 
2.118385    0.177720 
2.122389    0.178248 
2.126394    0.178776 
2.130398    0.179303 
2.134403    0.179830 
2.138407    0.180357 
2.142412    0.180884 
2.146416    0.181410 
2.150421    0.181936 
2.154425    0.182462 
2.158430    0.182988 
2.162434    0.183513 
2.166439    0.184038 
2.170443    0.184563 
2.174448    0.185088 
2.178452    0.185612 
2.182457    0.186136 
2.186461    0.186660 
2.190466    0.187184 
2.194470    0.187707 
2.198475    0.188230 
2.202479    0.188753 
2.206484    0.189276 
2.210488    0.189798 
2.214493    0.190320 
2.218497    0.190841 
2.222502    0.191363 
2.226506    0.191884 
2.230511    0.192405 
2.234515    0.192926 
2.238520    0.193446 
2.242525    0.193966 
2.246529    0.194486 
2.250534    0.195005 
2.254538    0.195524 
2.258543    0.196043 
2.262547    0.196562 
2.266552    0.197080 
2.270556    0.197598 
2.274561    0.198116 
2.278565    0.198634 
2.282570    0.199151 
2.286574    0.199668 
2.290579    0.200184 
2.294583    0.200700 
2.298588    0.201216 
2.302592    0.201732 
2.306597    0.202247 
2.310601    0.202762 
2.314606    0.203277 
2.318610    0.203792 
2.322615    0.204306 
2.326619    0.204820 
2.330624    0.205333 
2.334628    0.205846 
2.338633    0.206359 
2.342637    0.206872 
2.346642    0.207384 
2.350646    0.207896 
2.354651    0.208408 
2.358655    0.208919 
2.362660    0.209430 
2.366664    0.209941 
2.370669    0.210451 
2.374673    0.210961 
2.378678    0.211471 
2.382682    0.211980 
2.386687    0.212490 
2.390691    0.212998 
2.394696    0.213507 
2.398700    0.214015 
2.402705    0.214523 
2.406709    0.215030 
2.410714    0.215537 
2.414718    0.216044 
2.418723    0.216550 
2.422727    0.217057 
2.426732    0.217562 
2.430736    0.218068 
2.434741    0.218573 
2.438745    0.219078 
2.442750    0.219582 
2.446754    0.220086 
2.450759    0.220590 
2.454763    0.221093 
2.458768    0.221597 
2.462772    0.222099 
2.466777    0.222602 
2.470781    0.223104 
2.474786    0.223605 
2.478790    0.224107 
2.482795    0.224608 
2.486800    0.225109 
2.490804    0.225609 
2.494809    0.226109 
2.498813    0.226608 
2.502818    0.227108 
2.506822    0.227607 
2.510827    0.228105 
2.514831    0.228603 
2.518836    0.229101 
2.522840    0.229599 
2.526845    0.230096 
2.530849    0.230593 
2.534854    0.231089 
2.538858    0.231585 
2.542863    0.232081 
2.546867    0.232576 
2.550872    0.233071 
2.554876    0.233566 
2.558881    0.234060 
2.562885    0.234554 
2.566890    0.235048 
2.570894    0.235541 
2.574899    0.236034 
2.578903    0.236526 
2.582908    0.237019 
2.586912    0.237510 
2.590917    0.238002 
2.594921    0.238493 
2.598926    0.238983 
2.602930    0.239474 
2.606935    0.239964 
2.610939    0.240453 
2.614944    0.240942 
2.618948    0.241431 
2.622953    0.241920 
2.626957    0.242408 
2.630962    0.242895 
2.634966    0.243383 
2.638971    0.243870 
2.642975    0.244356 
2.646980    0.244842 
2.650984    0.245328 
2.654989    0.245814 
2.658993    0.246299 
2.662998    0.246784 
2.667002    0.247268 
2.671007    0.247752 
2.675011    0.248235 
2.679016    0.248719 
2.683020    0.249202 
2.687025    0.249684 
2.691029    0.250166 
2.695034    0.250648 
2.699038    0.251129 
2.703043    0.251610 
2.707047    0.252091 
2.711052    0.252571 
2.715056    0.253051 
2.719061    0.253530 
2.723065    0.254009 
2.727070    0.254488 
2.731074    0.254966 
2.735079    0.255444 
2.739084    0.255921 
2.743088    0.256398 
2.747093    0.256875 
2.751097    0.257351 
2.755102    0.257827 
2.759106    0.258303 
2.763111    0.258778 
2.767115    0.259253 
2.771120    0.259727 
2.775124    0.260201 
2.779129    0.260675 
2.783133    0.261148 
2.787138    0.261621 
2.791142    0.262094 
2.795147    0.262566 
2.799151    0.263038 
2.803156    0.263509 
2.807160    0.263980 
2.811165    0.264450 
2.815169    0.264920 
2.819174    0.265390 
2.823178    0.265860 
2.827183    0.266329 
2.831187    0.266797 
2.835192    0.267265 
2.839196    0.267733 
2.843201    0.268201 
2.847205    0.268668 
2.851210    0.269134 
2.855214    0.269600 
2.859219    0.270066 
2.863223    0.270532 
2.867228    0.270997 
2.871232    0.271461 
2.875237    0.271926 
2.879241    0.272390 
2.883246    0.272853 
2.887250    0.273316 
2.891255    0.273779 
2.895259    0.274241 
2.899264    0.274703 
2.903268    0.275165 
2.907273    0.275626 
2.911277    0.276086 
2.915282    0.276547 
2.919286    0.277007 
2.923291    0.277466 
2.927295    0.277925 
2.931300    0.278384 
2.935304    0.278842 
2.939309    0.279300 
2.943313    0.279758 
2.947318    0.280215 
2.951322    0.280672 
2.955327    0.281128 
2.959331    0.281584 
2.963336    0.282040 
2.967340    0.282495 
2.971345    0.282950 
2.975349    0.283404 
2.979354    0.283858 
2.983359    0.284312 
2.987363    0.284765 
2.991368    0.285218 
2.995372    0.285670 
2.999377    0.286122 
3.003381    0.286574 
3.007386    0.287025 
3.011390    0.287476 
3.015395    0.287926 
3.019399    0.288376 
3.023404    0.288826 
3.027408    0.289275 
3.031413    0.289724 
3.035417    0.290172 
3.039422    0.290620 
3.043426    0.291068 
3.047431    0.291515 
3.051435    0.291962 
3.055440    0.292408 
3.059444    0.292854 
3.063449    0.293300 
3.067453    0.293745 
3.071458    0.294190 
3.075462    0.294634 
3.079467    0.295078 
3.083471    0.295522 
3.087476    0.295965 
3.091480    0.296408 
3.095485    0.296850 
3.099489    0.297292 
3.103494    0.297734 
3.107498    0.298175 
3.111503    0.298616 
3.115507    0.299056 
3.119512    0.299496 
3.123516    0.299936 
3.127521    0.300375 
3.131525    0.300814 
3.135530    0.301252 
3.139534    0.301690 
3.143539    0.302128 
3.147543    0.302565 
3.151548    0.303002 
3.155552    0.303438 
3.159557    0.303874 
3.163561    0.304310 
3.167566    0.304745 
3.171570    0.305180 
3.175575    0.305614 
3.179579    0.306049 
3.183584    0.306482 
3.187588    0.306915 
3.191593    0.307348 
3.195597    0.307781 
3.199602    0.308213 
3.203606    0.308644 
3.207611    0.309076 
3.211615    0.309506 
3.215620    0.309937 
3.219624    0.310367 
3.223629    0.310796 
3.227633    0.311226 
3.231638    0.311655 
3.235643    0.312083 
3.239647    0.312511 
3.243652    0.312939 
3.247656    0.313366 
3.251661    0.313793 
3.255665    0.314219 
3.259670    0.314645 
3.263674    0.315071 
3.267679    0.315496 
3.271683    0.315921 
3.275688    0.316346 
3.279692    0.316770 
3.283697    0.317193 
3.287701    0.317617 
3.291706    0.318040 
3.295710    0.318462 
3.299715    0.318884 
3.303719    0.319306 
3.307724    0.319727 
3.311728    0.320148 
3.315733    0.320569 
3.319737    0.320989 
3.323742    0.321408 
3.327746    0.321828 
3.331751    0.322247 
3.335755    0.322665 
3.339760    0.323083 
3.343764    0.323501 
3.347769    0.323918 
3.351773    0.324335 
3.355778    0.324752 
3.359782    0.325168 
3.363787    0.325584 
3.367791    0.325999 
3.371796    0.326414 
3.375800    0.326829 
3.379805    0.327243 
3.383809    0.327657 
3.387814    0.328070 
3.391818    0.328483 
3.395823    0.328896 
3.399827    0.329308 
3.403832    0.329720 
3.407836    0.330131 
3.411841    0.330542 
3.415845    0.330953 
3.419850    0.331363 
3.423854    0.331773 
3.427859    0.332183 
3.431863    0.332592 
3.435868    0.333000 
3.439872    0.333409 
3.443877    0.333817 
3.447881    0.334224 
3.451886    0.334631 
3.455890    0.335038 
3.459895    0.335444 
3.463899    0.335850 
3.467904    0.336256 
3.471908    0.336661 
3.475913    0.337066 
3.479918    0.337470 
3.483922    0.337874 
3.487927    0.338278 
3.491931    0.338681 
3.495936    0.339084 
3.499940    0.339486 
3.503945    0.339888 
3.507949    0.340290 
3.511954    0.340691 
3.515958    0.341092 
3.519963    0.341493 
3.523967    0.341893 
3.527972    0.342293 
3.531976    0.342692 
3.535981    0.343091 
3.539985    0.343490 
3.543990    0.343888 
3.547994    0.344286 
3.551999    0.344683 
3.556003    0.345080 
3.560008    0.345477 
3.564012    0.345873 
3.568017    0.346269 
3.572021    0.346664 
3.576026    0.347060 
3.580030    0.347454 
3.584035    0.347849 
3.588039    0.348243 
3.592044    0.348636 
3.596048    0.349029 
3.600053    0.349422 
3.604057    0.349815 
3.608062    0.350207 
3.612066    0.350598 
3.616071    0.350990 
3.620075    0.351381 
3.624080    0.351771 
3.628084    0.352161 
3.632089    0.352551 
3.636093    0.352941 
3.640098    0.353330 
3.644102    0.353718 
3.648107    0.354106 
3.652111    0.354494 
3.656116    0.354882 
3.660120    0.355269 
3.664125    0.355656 
3.668129    0.356042 
3.672134    0.356428 
3.676138    0.356814 
3.680143    0.357199 
3.684147    0.357584 
3.688152    0.357968 
3.692156    0.358352 
3.696161    0.358736 
3.700165    0.359119 
3.704170    0.359502 
3.708174    0.359885 
3.712179    0.360267 
3.716183    0.360649 
3.720188    0.361030 
3.724192    0.361411 
3.728197    0.361792 
3.732202    0.362172 
3.736206    0.362552 
3.740211    0.362932 
3.744215    0.363311 
3.748220    0.363690 
3.752224    0.364068 
3.756229    0.364447 
3.760233    0.364824 
3.764238    0.365202 
3.768242    0.365579 
3.772247    0.365955 
3.776251    0.366331 
3.780256    0.366707 
3.784260    0.367083 
3.788265    0.367458 
3.792269    0.367833 
3.796274    0.368207 
3.800278    0.368581 
3.804283    0.368955 
3.808287    0.369328 
3.812292    0.369701 
3.816296    0.370073 
3.820301    0.370446 
3.824305    0.370817 
3.828310    0.371189 
3.832314    0.371560 
3.836319    0.371931 
3.840323    0.372301 
3.844328    0.372671 
3.848332    0.373040 
3.852337    0.373410 
3.856341    0.373779 
3.860346    0.374147 
3.864350    0.374515 
3.868355    0.374883 
3.872359    0.375250 
3.876364    0.375617 
3.880368    0.375984 
3.884373    0.376350 
3.888377    0.376716 
3.892382    0.377082 
3.896386    0.377447 
3.900391    0.377812 
3.904395    0.378177 
3.908400    0.378541 
3.912404    0.378905 
3.916409    0.379268 
3.920413    0.379631 
3.924418    0.379994 
3.928422    0.380356 
3.932427    0.380718 
3.936431    0.381080 
3.940436    0.381441 
3.944440    0.381802 
3.948445    0.382162 
3.952449    0.382523 
3.956454    0.382882 
3.960458    0.383242 
3.964463    0.383601 
3.968467    0.383960 
3.972472    0.384318 
3.976477    0.384676 
3.980481    0.385034 
3.984486    0.385391 
3.988490    0.385748 
3.992495    0.386105 
3.996499    0.386461 
4.000504    0.386817 
4.004508    0.387173 
4.008513    0.387528 
4.012517    0.387883 
4.016522    0.388237 
4.020526    0.388591 
4.024531    0.388945 
4.028535    0.389299 
4.032540    0.389652 
4.036544    0.390004 
4.040549    0.390357 
4.044553    0.390709 
4.048558    0.391061 
4.052562    0.391412 
4.056567    0.391763 
4.060571    0.392113 
4.064576    0.392464 
4.068580    0.392814 
4.072585    0.393163 
4.076589    0.393513 
4.080594    0.393861 
4.084598    0.394210 
4.088603    0.394558 
4.092607    0.394906 
4.096612    0.395253 
4.100616    0.395601 
4.104621    0.395947 
4.108625    0.396294 
4.112630    0.396640 
4.116634    0.396986 
4.120639    0.397331 
4.124643    0.397676 
4.128648    0.398021 
4.132652    0.398365 
4.136657    0.398709 
4.140661    0.399053 
4.144666    0.399397 
4.148670    0.399740 
4.152675    0.400082 
4.156679    0.400425 
4.160684    0.400767 
4.164688    0.401108 
4.168693    0.401450 
4.172697    0.401791 
4.176702    0.402131 
4.180706    0.402471 
4.184711    0.402811 
4.188715    0.403151 
4.192720    0.403490 
4.196724    0.403829 
4.200729    0.404168 
4.204733    0.404506 
4.208738    0.404844 
4.212742    0.405182 
4.216747    0.405519 
4.220751    0.405856 
4.224756    0.406192 
4.228761    0.406529 
4.232765    0.406864 
4.236770    0.407200 
4.240774    0.407535 
4.244779    0.407870 
4.248783    0.408205 
4.252788    0.408539 
4.256792    0.408873 
4.260797    0.409206 
4.264801    0.409540 
4.268806    0.409872 
4.272810    0.410205 
4.276815    0.410537 
4.280819    0.410869 
4.284824    0.411201 
4.288828    0.411532 
4.292833    0.411863 
4.296837    0.412193 
4.300842    0.412524 
4.304846    0.412854 
4.308851    0.413183 
4.312855    0.413512 
4.316860    0.413841 
4.320864    0.414170 
4.324869    0.414498 
4.328873    0.414826 
4.332878    0.415154 
4.336882    0.415481 
4.340887    0.415808 
4.344891    0.416135 
4.348896    0.416461 
4.352900    0.416787 
4.356905    0.417113 
4.360909    0.417438 
4.364914    0.417763 
4.368918    0.418088 
4.372923    0.418412 
4.376927    0.418736 
4.380932    0.419060 
4.384936    0.419383 
4.388941    0.419706 
4.392945    0.420029 
4.396950    0.420351 
4.400954    0.420673 
4.404959    0.420995 
4.408963    0.421317 
4.412968    0.421638 
4.416972    0.421959 
4.420977    0.422279 
4.424981    0.422599 
4.428986    0.422919 
4.432990    0.423239 
4.436995    0.423558 
4.440999    0.423877 
4.445004    0.424195 
4.449008    0.424514 
4.453013    0.424832 
4.457017    0.425149 
4.461022    0.425467 
4.465026    0.425784 
4.469031    0.426100 
4.473036    0.426417 
4.477040    0.426733 
4.481045    0.427048 
4.485049    0.427364 
4.489054    0.427679 
4.493058    0.427994 
4.497063    0.428308 
4.501067    0.428622 
4.505072    0.428936 
4.509076    0.429250 
4.513081    0.429563 
4.517085    0.429876 
4.521090    0.430188 
4.525094    0.430501 
4.529099    0.430813 
4.533103    0.431124 
4.537108    0.431436 
4.541112    0.431747 
4.545117    0.432057 
4.549121    0.432368 
4.553126    0.432678 
4.557130    0.432988 
4.561135    0.433297 
4.565139    0.433606 
4.569144    0.433915 
4.573148    0.434224 
4.577153    0.434532 
4.581157    0.434840 
4.585162    0.435148 
4.589166    0.435455 
4.593171    0.435762 
4.597175    0.436069 
4.601180    0.436375 
4.605184    0.436681 
4.609189    0.436987 
4.613193    0.437293 
4.617198    0.437598 
4.621202    0.437903 
4.625207    0.438208 
4.629211    0.438512 
4.633216    0.438816 
4.637220    0.439120 
4.641225    0.439423 
4.645229    0.439726 
4.649234    0.440029 
4.653238    0.440331 
4.657243    0.440633 
4.661247    0.440935 
4.665252    0.441237 
4.669256    0.441538 
4.673261    0.441839 
4.677265    0.442140 
4.681270    0.442440 
4.685274    0.442740 
4.689279    0.443040 
4.693283    0.443340 
4.697288    0.443639 
4.701292    0.443938 
4.705297    0.444236 
4.709301    0.444535 
4.713306    0.444833 
4.717310    0.445131 
4.721315    0.445428 
4.725320    0.445725 
4.729324    0.446022 
4.733329    0.446318 
4.737333    0.446615 
4.741338    0.446911 
4.745342    0.447206 
4.749347    0.447502 
4.753351    0.447797 
4.757356    0.448092 
4.761360    0.448386 
4.765365    0.448680 
4.769369    0.448974 
4.773374    0.449268 
4.777378    0.449561 
4.781383    0.449854 
4.785387    0.450147 
4.789392    0.450439 
4.793396    0.450732 
4.797401    0.451023 
4.801405    0.451315 
4.805410    0.451606 
4.809414    0.451897 
4.813419    0.452188 
4.817423    0.452478 
4.821428    0.452769 
4.825432    0.453058 
4.829437    0.453348 
4.833441    0.453637 
4.837446    0.453926 
4.841450    0.454215 
4.845455    0.454504 
4.849459    0.454792 
4.853464    0.455080 
4.857468    0.455367 
4.861473    0.455654 
4.865477    0.455941 
4.869482    0.456228 
4.873486    0.456515 
4.877491    0.456801 
4.881495    0.457087 
4.885500    0.457372 
4.889504    0.457658 
4.893509    0.457943 
4.897513    0.458227 
4.901518    0.458512 
4.905522    0.458796 
4.909527    0.459080 
4.913531    0.459364 
4.917536    0.459647 
4.921540    0.459930 
4.925545    0.460213 
4.929549    0.460495 
4.933554    0.460778 
4.937558    0.461060 
4.941563    0.461341 
4.945567    0.461623 
4.949572    0.461904 
4.953576    0.462185 
4.957581    0.462465 
4.961585    0.462745 
4.965590    0.463026 
4.969595    0.463305 
4.973599    0.463585 
4.977604    0.463864 
4.981608    0.464143 
4.985613    0.464422 
4.989617    0.464700 
4.993622    0.464978 
4.997626    0.465256 
5.001631    0.465533 
5.005635    0.465811 
5.009640    0.466088 
5.013644    0.466364 
5.017649    0.466641 
5.021653    0.466917 
5.025658    0.467193 
5.029662    0.467469 
5.033667    0.467744 
5.037671    0.468019 
5.041676    0.468294 
5.045680    0.468569 
5.049685    0.468843 
5.053689    0.469117 
5.057694    0.469391 
5.061698    0.469664 
5.065703    0.469937 
5.069707    0.470210 
5.073712    0.470483 
5.077716    0.470756 
5.081721    0.471028 
5.085725    0.471300 
5.089730    0.471571 
5.093734    0.471843 
5.097739    0.472114 
5.101743    0.472385 
5.105748    0.472655 
5.109752    0.472926 
5.113757    0.473196 
5.117761    0.473465 
5.121766    0.473735 
5.125770    0.474004 
5.129775    0.474273 
5.133779    0.474542 
5.137784    0.474810 
5.141788    0.475079 
5.145793    0.475346 
5.149797    0.475614 
5.153802    0.475882 
5.157806    0.476149 
5.161811    0.476416 
5.165815    0.476682 
5.169820    0.476949 
5.173824    0.477215 
5.177829    0.477481 
5.181833    0.477746 
5.185838    0.478012 
5.189842    0.478277 
5.193847    0.478541 
5.197851    0.478806 
5.201856    0.479070 
5.205860    0.479334 
5.209865    0.479598 
5.213869    0.479862 
5.217874    0.480125 
5.221879    0.480388 
5.225883    0.480651 
5.229888    0.480913 
5.233892    0.481176 
5.237897    0.481438 
5.241901    0.481699 
5.245906    0.481961 
5.249910    0.482222 
5.253915    0.482483 
5.257919    0.482744 
5.261924    0.483004 
5.265928    0.483265 
5.269933    0.483525 
5.273937    0.483784 
5.277942    0.484044 
5.281946    0.484303 
5.285951    0.484562 
5.289955    0.484821 
5.293960    0.485079 
5.297964    0.485337 
5.301969    0.485595 
5.305973    0.485853 
5.309978    0.486111 
5.313982    0.486368 
5.317987    0.486625 
5.321991    0.486882 
5.325996    0.487138 
5.330000    0.487394 
5.334005    0.487650 
5.338009    0.487906 
5.342014    0.488161 
5.346018    0.488417 
5.350023    0.488672 
5.354027    0.488926 
5.358032    0.489181 
5.362036    0.489435 
5.366041    0.489689 
5.370045    0.489943 
5.374050    0.490196 
5.378054    0.490450 
5.382059    0.490703 
5.386063    0.490956 
5.390068    0.491208 
5.394072    0.491460 
5.398077    0.491713 
5.402081    0.491964 
5.406086    0.492216 
5.410090    0.492467 
5.414095    0.492718 
5.418099    0.492969 
5.422104    0.493220 
5.426108    0.493470 
5.430113    0.493720 
5.434117    0.493970 
5.438122    0.494220 
5.442126    0.494469 
5.446131    0.494718 
5.450135    0.494967 
5.454140    0.495216 
5.458144    0.495464 
5.462149    0.495713 
5.466154    0.495961 
5.470158    0.496208 
5.474163    0.496456 
5.478167    0.496703 
5.482172    0.496950 
5.486176    0.497197 
5.490181    0.497443 
5.494185    0.497690 
5.498190    0.497936 
5.502194    0.498182 
5.506199    0.498427 
5.510203    0.498673 
5.514208    0.498918 
5.518212    0.499163 
5.522217    0.499407 
5.526221    0.499652 
5.530226    0.499896 
5.534230    0.500140 
5.538235    0.500384 
5.542239    0.500627 
5.546244    0.500871 
5.550248    0.501114 
5.554253    0.501356 
5.558257    0.501599 
5.562262    0.501841 
5.566266    0.502083 
5.570271    0.502325 
5.574275    0.502567 
5.578280    0.502808 
5.582284    0.503050 
5.586289    0.503290 
5.590293    0.503531 
5.594298    0.503772 
5.598302    0.504012 
5.602307    0.504252 
5.606311    0.504492 
5.610316    0.504731 
5.614320    0.504971 
5.618325    0.505210 
5.622329    0.505449 
5.626334    0.505687 
5.630338    0.505926 
5.634343    0.506164 
5.638347    0.506402 
5.642352    0.506640 
5.646356    0.506877 
5.650361    0.507115 
5.654365    0.507352 
5.658370    0.507589 
5.662374    0.507825 
5.666379    0.508062 
5.670383    0.508298 
5.674388    0.508534 
5.678392    0.508770 
5.682397    0.509005 
5.686401    0.509241 
5.690406    0.509476 
5.694410    0.509710 
5.698415    0.509945 
5.702419    0.510180 
5.706424    0.510414 
5.710428    0.510648 
5.714433    0.510881 
5.718438    0.511115 
5.722442    0.511348 
5.726447    0.511581 
5.730451    0.511814 
5.734456    0.512047 
5.738460    0.512279 
5.742465    0.512511 
5.746469    0.512743 
5.750474    0.512975 
5.754478    0.513207 
5.758483    0.513438 
5.762487    0.513669 
5.766492    0.513900 
5.770496    0.514131 
5.774501    0.514361 
5.778505    0.514592 
5.782510    0.514822 
5.786514    0.515051 
5.790519    0.515281 
5.794523    0.515510 
5.798528    0.515739 
5.802532    0.515968 
5.806537    0.516197 
5.810541    0.516426 
5.814546    0.516654 
5.818550    0.516882 
5.822555    0.517110 
5.826559    0.517338 
5.830564    0.517565 
5.834568    0.517792 
5.838573    0.518019 
5.842577    0.518246 
5.846582    0.518473 
5.850586    0.518699 
5.854591    0.518925 
5.858595    0.519151 
5.862600    0.519377 
5.866604    0.519602 
5.870609    0.519828 
5.874613    0.520053 
5.878618    0.520278 
5.882622    0.520503 
5.886627    0.520727 
5.890631    0.520951 
5.894636    0.521175 
5.898640    0.521399 
5.902645    0.521623 
5.906649    0.521846 
5.910654    0.522069 
5.914658    0.522293 
5.918663    0.522515 
5.922667    0.522738 
5.926672    0.522960 
5.930676    0.523182 
5.934681    0.523404 
5.938685    0.523626 
5.942690    0.523848 
5.946694    0.524069 
5.950699    0.524290 
5.954703    0.524511 
5.958708    0.524732 
5.962713    0.524953 
5.966717    0.525173 
5.970722    0.525393 
5.974726    0.525613 
5.978731    0.525833 
5.982735    0.526052 
5.986740    0.526271 
5.990744    0.526491 
5.994749    0.526709 
5.998753    0.526928 
6.002758    0.527147 
6.006762    0.527365 
6.010767    0.527583 
6.014771    0.527801 
6.018776    0.528019 
6.022780    0.528236 
6.026785    0.528453 
6.030789    0.528670 
6.034794    0.528887 
6.038798    0.529104 
6.042803    0.529321 
6.046807    0.529537 
6.050812    0.529753 
6.054816    0.529969 
6.058821    0.530184 
6.062825    0.530400 
6.066830    0.530615 
6.070834    0.530830 
6.074839    0.531045 
6.078843    0.531260 
6.082848    0.531474 
6.086852    0.531689 
6.090857    0.531903 
6.094861    0.532117 
6.098866    0.532330 
6.102870    0.532544 
6.106875    0.532757 
6.110879    0.532970 
6.114884    0.533183 
6.118888    0.533396 
6.122893    0.533608 
6.126897    0.533821 
6.130902    0.534033 
6.134906    0.534245 
6.138911    0.534456 
6.142915    0.534668 
6.146920    0.534879 
6.150924    0.535091 
6.154929    0.535301 
6.158933    0.535512 
6.162938    0.535723 
6.166942    0.535933 
6.170947    0.536143 
6.174951    0.536353 
6.178956    0.536563 
6.182960    0.536773 
6.186965    0.536982 
6.190969    0.537191 
6.194974    0.537400 
6.198978    0.537609 
6.202983    0.537818 
6.206987    0.538026 
6.210992    0.538235 
6.214997    0.538443 
6.219001    0.538651 
6.223006    0.538858 
6.227010    0.539066 
6.231015    0.539273 
6.235019    0.539480 
6.239024    0.539687 
6.243028    0.539894 
6.247033    0.540101 
6.251037    0.540307 
6.255042    0.540513 
6.259046    0.540719 
6.263051    0.540925 
6.267055    0.541131 
6.271060    0.541336 
6.275064    0.541541 
6.279069    0.541746 
6.283073    0.541951 
6.287078    0.542156 
6.291082    0.542360 
6.295087    0.542565 
6.299091    0.542769 
6.303096    0.542973 
6.307100    0.543177 
6.311105    0.543380 
6.315109    0.543584 
6.319114    0.543787 
6.323118    0.543990 
6.327123    0.544193 
6.331127    0.544395 
6.335132    0.544598 
6.339136    0.544800 
6.343141    0.545002 
6.347145    0.545204 
6.351150    0.545406 
6.355154    0.545607 
6.359159    0.545809 
6.363163    0.546010 
6.367168    0.546211 
6.371172    0.546412 
6.375177    0.546612 
6.379181    0.546813 
6.383186    0.547013 
6.387190    0.547213 
6.391195    0.547413 
6.395199    0.547613 
6.399204    0.547812 
6.403208    0.548012 
6.407213    0.548211 
6.411217    0.548410 
6.415222    0.548609 
6.419226    0.548807 
6.423231    0.549006 
6.427235    0.549204 
6.431240    0.549402 
6.435244    0.549600 
6.439249    0.549798 
6.443253    0.549996 
6.447258    0.550193 
6.451262    0.550390 
6.455267    0.550587 
6.459272    0.550784 
6.463276    0.550981 
6.467281    0.551178 
6.471285    0.551374 
6.475290    0.551570 
6.479294    0.551766 
6.483299    0.551962 
6.487303    0.552158 
6.491308    0.552353 
6.495312    0.552548 
6.499317    0.552743 
6.503321    0.552938 
6.507326    0.553133 
6.511330    0.553328 
6.515335    0.553522 
6.519339    0.553716 
6.523344    0.553910 
6.527348    0.554104 
6.531353    0.554298 
6.535357    0.554492 
6.539362    0.554685 
6.543366    0.554878 
6.547371    0.555071 
6.551375    0.555264 
6.555380    0.555457 
6.559384    0.555649 
6.563389    0.555842 
6.567393    0.556034 
6.571398    0.556226 
6.575402    0.556418 
6.579407    0.556609 
6.583411    0.556801 
6.587416    0.556992 
6.591420    0.557183 
6.595425    0.557374 
6.599429    0.557565 
6.603434    0.557756 
6.607438    0.557946 
6.611443    0.558137 
6.615447    0.558327 
6.619452    0.558517 
6.623456    0.558706 
6.627461    0.558896 
6.631465    0.559086 
6.635470    0.559275 
6.639474    0.559464 
6.643479    0.559653 
6.647483    0.559842 
6.651488    0.560030 
6.655492    0.560219 
6.659497    0.560407 
6.663501    0.560595 
6.667506    0.560783 
6.671510    0.560971 
6.675515    0.561159 
6.679519    0.561346 
6.683524    0.561533 
6.687528    0.561720 
6.691533    0.561907 
6.695537    0.562094 
6.699542    0.562281 
6.703546    0.562467 
6.707551    0.562654 
6.711556    0.562840 
6.715560    0.563026 
6.719565    0.563211 
6.723569    0.563397 
6.727574    0.563583 
6.731578    0.563768 
6.735583    0.563953 
6.739587    0.564138 
6.743592    0.564323 
6.747596    0.564508 
6.751601    0.564692 
6.755605    0.564876 
6.759610    0.565061 
6.763614    0.565245 
6.767619    0.565428 
6.771623    0.565612 
6.775628    0.565796 
6.779632    0.565979 
6.783637    0.566162 
6.787641    0.566345 
6.791646    0.566528 
6.795650    0.566711 
6.799655    0.566893 
6.803659    0.567076 
6.807664    0.567258 
6.811668    0.567440 
6.815673    0.567622 
6.819677    0.567804 
6.823682    0.567986 
6.827686    0.568167 
6.831691    0.568348 
6.835695    0.568529 
6.839700    0.568710 
6.843704    0.568891 
6.847709    0.569072 
6.851713    0.569252 
6.855718    0.569433 
6.859722    0.569613 
6.863727    0.569793 
6.867731    0.569973 
6.871736    0.570153 
6.875740    0.570332 
6.879745    0.570512 
6.883749    0.570691 
6.887754    0.570870 
6.891758    0.571049 
6.895763    0.571228 
6.899767    0.571406 
6.903772    0.571585 
6.907776    0.571763 
6.911781    0.571941 
6.915785    0.572119 
6.919790    0.572297 
6.923794    0.572475 
6.927799    0.572652 
6.931803    0.572830 
6.935808    0.573007 
6.939812    0.573184 
6.943817    0.573361 
6.947821    0.573538 
6.951826    0.573714 
6.955831    0.573891 
6.959835    0.574067 
6.963840    0.574243 
6.967844    0.574419 
6.971849    0.574595 
6.975853    0.574771 
6.979858    0.574946 
6.983862    0.575122 
6.987867    0.575297 
6.991871    0.575472 
6.995876    0.575647 
6.999880    0.575822 
7.003885    0.575996 
7.007889    0.576171 
7.011894    0.576345 
7.015898    0.576519 
7.019903    0.576694 
7.023907    0.576867 
7.027912    0.577041 
7.031916    0.577215 
7.035921    0.577388 
7.039925    0.577562 
7.043930    0.577735 
7.047934    0.577908 
7.051939    0.578081 
7.055943    0.578253 
7.059948    0.578426 
7.063952    0.578598 
7.067957    0.578770 
7.071961    0.578943 
7.075966    0.579114 
7.079970    0.579286 
7.083975    0.579458 
7.087979    0.579629 
7.091984    0.579801 
7.095988    0.579972 
7.099993    0.580143 
7.103997    0.580314 
7.108002    0.580485 
7.112006    0.580656 
7.116011    0.580826 
7.120015    0.580996 
7.124020    0.581167 
7.128024    0.581337 
7.132029    0.581507 
7.136033    0.581676 
7.140038    0.581846 
7.144042    0.582015 
7.148047    0.582185 
7.152051    0.582354 
7.156056    0.582523 
7.160060    0.582692 
7.164065    0.582861 
7.168069    0.583029 
7.172074    0.583198 
7.176078    0.583366 
7.180083    0.583534 
7.184087    0.583702 
7.188092    0.583870 
7.192096    0.584038 
7.196101    0.584205 
7.200105    0.584373 
7.204110    0.584540 
7.208115    0.584707 
7.212119    0.584874 
7.216124    0.585041 
7.220128    0.585208 
7.224133    0.585375 
7.228137    0.585541 
7.232142    0.585708 
7.236146    0.585874 
7.240151    0.586040 
7.244155    0.586206 
7.248160    0.586371 
7.252164    0.586537 
7.256169    0.586703 
7.260173    0.586868 
7.264178    0.587033 
7.268182    0.587198 
7.272187    0.587363 
7.276191    0.587528 
7.280196    0.587693 
7.284200    0.587857 
7.288205    0.588022 
7.292209    0.588186 
7.296214    0.588350 
7.300218    0.588514 
7.304223    0.588678 
7.308227    0.588841 
7.312232    0.589005 
7.316236    0.589168 
7.320241    0.589332 
7.324245    0.589495 
7.328250    0.589658 
7.332254    0.589820 
7.336259    0.589983 
7.340263    0.590146 
7.344268    0.590308 
7.348272    0.590471 
7.352277    0.590633 
7.356281    0.590795 
7.360286    0.590957 
7.364290    0.591118 
7.368295    0.591280 
7.372299    0.591442 
7.376304    0.591603 
7.380308    0.591764 
7.384313    0.591925 
7.388317    0.592086 
7.392322    0.592247 
7.396326    0.592408 
7.400331    0.592568 
7.404335    0.592729 
7.408340    0.592889 
7.412344    0.593049 
7.416349    0.593209 
7.420353    0.593369 
7.424358    0.593529 
7.428362    0.593688 
7.432367    0.593848 
7.436371    0.594007 
7.440376    0.594166 
7.444380    0.594325 
7.448385    0.594484 
7.452390    0.594643 
7.456394    0.594802 
7.460399    0.594960 
7.464403    0.595119 
7.468408    0.595277 
7.472412    0.595435 
7.476417    0.595593 
7.480421    0.595751 
7.484426    0.595909 
7.488430    0.596067 
7.492435    0.596224 
7.496439    0.596381 
7.500444    0.596539 
7.504448    0.596696 
7.508453    0.596853 
7.512457    0.597010 
7.516462    0.597166 
7.520466    0.597323 
7.524471    0.597479 
7.528475    0.597636 
7.532480    0.597792 
7.536484    0.597948 
7.540489    0.598104 
7.544493    0.598260 
7.548498    0.598415 
7.552502    0.598571 
7.556507    0.598726 
7.560511    0.598882 
7.564516    0.599037 
7.568520    0.599192 
7.572525    0.599347 
7.576529    0.599502 
7.580534    0.599656 
7.584538    0.599811 
7.588543    0.599965 
7.592547    0.600119 
7.596552    0.600274 
7.600556    0.600428 
7.604561    0.600581 
7.608565    0.600735 
7.612570    0.600889 
7.616574    0.601042 
7.620579    0.601196 
7.624583    0.601349 
7.628588    0.601502 
7.632592    0.601655 
7.636597    0.601808 
7.640601    0.601961 
7.644606    0.602113 
7.648610    0.602266 
7.652615    0.602418 
7.656619    0.602571 
7.660624    0.602723 
7.664628    0.602875 
7.668633    0.603027 
7.672637    0.603178 
7.676642    0.603330 
7.680646    0.603482 
7.684651    0.603633 
7.688655    0.603784 
7.692660    0.603935 
7.696664    0.604086 
7.700669    0.604237 
7.704674    0.604388 
7.708678    0.604539 
7.712683    0.604689 
7.716687    0.604840 
7.720692    0.604990 
7.724696    0.605140 
7.728701    0.605290 
7.732705    0.605440 
7.736710    0.605590 
7.740714    0.605739 
7.744719    0.605889 
7.748723    0.606038 
7.752728    0.606188 
7.756732    0.606337 
7.760737    0.606486 
7.764741    0.606635 
7.768746    0.606784 
7.772750    0.606932 
7.776755    0.607081 
7.780759    0.607229 
7.784764    0.607378 
7.788768    0.607526 
7.792773    0.607674 
7.796777    0.607822 
7.800782    0.607970 
7.804786    0.608117 
7.808791    0.608265 
7.812795    0.608413 
7.816800    0.608560 
7.820804    0.608707 
7.824809    0.608854 
7.828813    0.609001 
7.832818    0.609148 
7.836822    0.609295 
7.840827    0.609442 
7.844831    0.609588 
7.848836    0.609735 
7.852840    0.609881 
7.856845    0.610027 
7.860849    0.610173 
7.864854    0.610319 
7.868858    0.610465 
7.872863    0.610611 
7.876867    0.610756 
7.880872    0.610902 
7.884876    0.611047 
7.888881    0.611192 
7.892885    0.611337 
7.896890    0.611483 
7.900894    0.611627 
7.904899    0.611772 
7.908903    0.611917 
7.912908    0.612061 
7.916912    0.612206 
7.920917    0.612350 
7.924921    0.612494 
7.928926    0.612638 
7.932930    0.612782 
7.936935    0.612926 
7.940939    0.613070 
7.944944    0.613214 
7.948949    0.613357 
7.952953    0.613500 
7.956958    0.613644 
7.960962    0.613787 
7.964967    0.613930 
7.968971    0.614073 
7.972976    0.614216 
7.976980    0.614358 
7.980985    0.614501 
7.984989    0.614643 
7.988994    0.614786 
7.992998    0.614928 
7.997003    0.615070 
8.001007    0.615212 
8.005012    0.615354 
