0.040025 1.119138
0.060038 1.115469
0.080050 1.111882
0.100063 1.108374
0.120075 1.104941
0.140088 1.101580
0.160100 1.098287
0.180113 1.095059
0.200125 1.091893
0.220138 1.088788
0.240150 1.085740
0.260163 1.082747
0.280175 1.079808
0.300188 1.076920
0.320200 1.074081
0.340213 1.071290
0.360226 1.068546
0.380238 1.065845
0.400251 1.063188
0.420263 1.060573
0.440276 1.057998
0.460288 1.055462
0.480301 1.052964
0.500313 1.050503
0.520326 1.048078
0.540338 1.045688
0.560351 1.043332
0.580363 1.041009
0.600376 1.038718
0.620388 1.036458
0.640401 1.034229
0.660413 1.032030
0.680426 1.029860
0.700439 1.027719
0.720451 1.025605
0.740464 1.023518
0.760476 1.021458
0.780489 1.019423
0.800501 1.017414
0.820514 1.015431
0.840526 1.013472
0.860539 1.011537
0.880551 1.009626
0.900564 1.007738
0.920576 1.005873
0.940589 1.004030
0.960601 1.002209
0.980614 1.000410
1.000626 0.998631
1.020639 0.996873
1.040652 0.995135
1.060664 0.993418
1.080677 0.991719
1.100689 0.990040
1.120702 0.988380
1.140714 0.986739
1.160727 0.985115
1.180739 0.983510
1.200752 0.981922
1.220764 0.980351
1.240777 0.978797
1.260789 0.977260
1.280802 0.975740
1.300814 0.974236
1.320827 0.972747
1.340839 0.971275
1.360852 0.969818
1.380865 0.968376
1.400877 0.966949
1.420890 0.965537
1.440902 0.964139
1.460915 0.962756
1.480927 0.961386
1.500940 0.960031
1.520952 0.958689
1.540965 0.957361
1.560977 0.956046
1.580990 0.954744
1.601002 0.953455
1.621015 0.952179
1.641027 0.950915
1.661040 0.949664
1.681052 0.948425
1.701065 0.947198
1.721077 0.945983
1.741090 0.944780
1.761103 0.943588
1.781115 0.942408
1.801128 0.941238
1.821140 0.940080
1.841153 0.938933
1.861165 0.937797
1.881178 0.936672
1.901190 0.935557
1.921203 0.934452
1.941215 0.933358
1.961228 0.932274
1.981240 0.931200
2.001253 0.930136
2.021265 0.929082
2.041278 0.928038
2.061290 0.927003
2.081303 0.925977
2.101316 0.924961
2.121328 0.923954
2.141341 0.922956
2.161353 0.921967
2.181366 0.920988
2.201378 0.920017
2.221391 0.919054
2.241403 0.918100
2.261416 0.917155
2.281428 0.916218
2.301441 0.915290
2.321453 0.914370
2.341466 0.913458
2.361478 0.912554
2.381491 0.911658
2.401503 0.910769
2.421516 0.909889
2.441529 0.909016
2.461541 0.908151
2.481554 0.907294
2.501566 0.906444
2.521579 0.905601
2.541591 0.904766
2.561604 0.903938
2.581616 0.903117
2.601629 0.902303
2.621641 0.901497
2.641654 0.900697
2.661666 0.899904
2.681679 0.899118
2.701691 0.898338
2.721704 0.897566
2.741716 0.896800
2.761729 0.896040
2.781742 0.895287
2.801754 0.894540
2.821767 0.893800
2.841779 0.893066
2.861792 0.892338
2.881804 0.891617
2.901817 0.890901
2.921829 0.890192
2.941842 0.889488
2.961854 0.888791
2.981867 0.888099
3.001879 0.887413
3.021892 0.886733
3.041904 0.886059
3.061917 0.885390
3.081929 0.884727
3.101942 0.884070
3.121955 0.883418
3.141967 0.882771
3.161980 0.882130
3.181992 0.881495
3.202005 0.880864
3.222017 0.880239
3.242030 0.879619
3.262042 0.879005
3.282055 0.878395
3.302067 0.877791
3.322080 0.877191
3.342092 0.876597
3.362105 0.876007
3.382117 0.875422
3.402130 0.874843
3.422142 0.874268
3.442155 0.873698
3.462168 0.873132
3.482180 0.872572
3.502193 0.872016
3.522205 0.871464
3.542218 0.870917
3.562230 0.870375
3.582243 0.869837
3.602255 0.869304
3.622268 0.868775
3.642280 0.868251
3.662293 0.867730
3.682305 0.867215
3.702318 0.866703
3.722330 0.866196
3.742343 0.865693
3.762355 0.865194
3.782368 0.864699
3.802381 0.864208
3.822393 0.863722
3.842406 0.863239
3.862418 0.862761
3.882431 0.862286
3.902443 0.861815
3.922456 0.861349
3.942468 0.860886
3.962481 0.860427
3.982493 0.859972
4.002506 0.859520
4.022518 0.859073
4.042531 0.858629
4.062543 0.858189
4.082556 0.857752
4.102568 0.857319
4.122581 0.856890
4.142594 0.856464
4.162606 0.856042
4.182619 0.855624
4.202631 0.855208
4.222644 0.854797
4.242656 0.854389
4.262669 0.853984
4.282681 0.853582
4.302694 0.853184
4.322706 0.852790
4.342719 0.852398
4.362731 0.852010
4.382744 0.851625
4.402756 0.851244
4.422769 0.850866
4.442781 0.850490
4.462794 0.850118
4.482807 0.849749
4.502819 0.849384
4.522832 0.849021
4.542844 0.848661
4.562857 0.848305
4.582869 0.847951
4.602882 0.847601
4.622894 0.847253
4.642907 0.846909
4.662919 0.846567
4.682932 0.846228
4.702944 0.845892
4.722957 0.845559
4.742969 0.845229
4.762982 0.844902
4.782994 0.844577
4.803007 0.844255
4.823019 0.843936
4.843032 0.843620
4.863045 0.843306
4.883057 0.842996
4.903070 0.842687
4.923082 0.842382
4.943095 0.842079
4.963107 0.841779
4.983120 0.841481
5.003132 0.841186
5.023145 0.840894
5.043157 0.840604
5.063170 0.840316
5.083182 0.840031
5.103195 0.839749
5.123207 0.839469
5.143220 0.839192
5.163232 0.838917
5.183245 0.838644
5.203258 0.838374
5.223270 0.838106
5.243283 0.837840
5.263295 0.837577
5.283308 0.837317
5.303320 0.837058
5.323333 0.836802
5.343345 0.836548
5.363358 0.836296
5.383370 0.836047
5.403383 0.835800
5.423395 0.835555
5.443408 0.835312
5.463420 0.835072
5.483433 0.834834
5.503445 0.834597
5.523458 0.834363
5.543471 0.834131
5.563483 0.833902
5.583496 0.833674
5.603508 0.833448
5.623521 0.833225
5.643533 0.833003
5.663546 0.832784
5.683558 0.832567
5.703571 0.832351
5.723583 0.832138
5.743596 0.831926
5.763608 0.831717
5.783621 0.831510
5.803633 0.831304
5.823646 0.831100
5.843658 0.830899
5.863671 0.830699
5.883684 0.830501
5.903696 0.830305
5.923709 0.830111
5.943721 0.829919
5.963734 0.829728
5.983746 0.829540
6.003759 0.829353
6.023771 0.829168
6.043784 0.828985
6.063796 0.828803
6.083809 0.828624
6.103821 0.828446
6.123834 0.828270
6.143846 0.828095
6.163859 0.827923
6.183871 0.827752
6.203884 0.827582
6.223897 0.827415
6.243909 0.827249
6.263922 0.827085
6.283934 0.826922
6.303947 0.826761
6.323959 0.826602
6.343972 0.826444
6.363984 0.826288
6.383997 0.826133
6.404009 0.825981
6.424022 0.825829
6.444034 0.825679
6.464047 0.825531
6.484059 0.825385
6.504072 0.825240
6.524084 0.825096
6.544097 0.824954
6.564110 0.824813
6.584122 0.824674
6.604135 0.824537
6.624147 0.824401
6.644160 0.824266
6.664172 0.824133
6.684185 0.824001
6.704197 0.823871
6.724210 0.823742
6.744222 0.823615
6.764235 0.823489
6.784247 0.823365
6.804260 0.823241
6.824272 0.823120
6.844285 0.822999
6.864297 0.822880
6.884310 0.822763
6.904323 0.822646
6.924335 0.822532
6.944348 0.822418
6.964360 0.822306
6.984373 0.822195
7.004385 0.822085
7.024398 0.821977
7.044410 0.821870
7.064423 0.821764
7.084435 0.821660
7.104448 0.821557
7.124460 0.821455
7.144473 0.821354
7.164485 0.821255
7.184498 0.821157
7.204510 0.821060
7.224523 0.820964
7.244536 0.820870
7.264548 0.820776
7.284561 0.820684
7.304573 0.820593
7.324586 0.820504
7.344598 0.820415
7.364611 0.820328
7.384623 0.820242
7.404636 0.820157
7.424648 0.820073
7.444661 0.819991
7.464673 0.819909
7.484686 0.819829
7.504698 0.819750
7.524711 0.819672
7.544723 0.819595
7.564736 0.819519
7.584749 0.819444
7.604761 0.819371
7.624774 0.819298
7.644786 0.819227
7.664799 0.819157
7.684811 0.819087
7.704824 0.819019
7.724836 0.818952
7.744849 0.818886
7.764861 0.818821
7.784874 0.818757
7.804886 0.818694
7.824899 0.818632
7.844911 0.818571
7.864924 0.818511
7.884936 0.818453
7.904949 0.818395
7.924962 0.818338
7.944974 0.818282
7.964987 0.818227
7.984999 0.818174
8.005012 0.818121
