0.040025 1.119138
0.060038 1.115468
0.080050 1.111880
0.100063 1.108371
0.120075 1.104936
0.140088 1.101572
0.160100 1.098276
0.180113 1.095044
0.200125 1.091873
0.220138 1.088762
0.240150 1.085707
0.260163 1.082707
0.280175 1.079759
0.300188 1.076862
0.320200 1.074013
0.340213 1.071212
0.360226 1.068455
0.380238 1.065743
0.400251 1.063072
0.420263 1.060443
0.440276 1.057853
0.460288 1.055302
0.480301 1.052789
0.500313 1.050312
0.520326 1.047870
0.540338 1.045463
0.560351 1.043089
0.580363 1.040748
0.600376 1.038438
0.620388 1.036160
0.640401 1.033912
0.660413 1.031693
0.680426 1.029503
0.700439 1.027342
0.720451 1.025208
0.740464 1.023101
0.760476 1.021021
0.780489 1.018966
0.800501 1.016937
0.820514 1.014933
0.840526 1.012954
0.860539 1.011000
0.880551 1.009070
0.900564 1.007163
0.920576 1.005279
0.940589 1.003417
0.960601 1.001578
0.980614 0.999760
1.000626 0.997963
1.020639 0.996187
1.040652 0.994432
1.060664 0.992697
1.080677 0.990982
1.100689 0.989286
1.120702 0.987609
1.140714 0.985952
1.160727 0.984312
1.180739 0.982691
1.200752 0.981088
1.220764 0.979502
1.240777 0.977934
1.260789 0.976383
1.280802 0.974848
1.300814 0.973330
1.320827 0.971829
1.340839 0.970343
1.360852 0.968873
1.380865 0.967419
1.400877 0.965980
1.420890 0.964556
1.440902 0.963147
1.460915 0.961753
1.480927 0.960373
1.500940 0.959007
1.520952 0.957655
1.540965 0.956317
1.560977 0.954993
1.580990 0.953682
1.601002 0.952384
1.621015 0.951100
1.641027 0.949828
1.661040 0.948569
1.681052 0.947323
1.701065 0.946089
1.721077 0.944867
1.741090 0.943657
1.761103 0.942459
1.781115 0.941273
1.801128 0.940098
1.821140 0.938935
1.841153 0.937784
1.861165 0.936643
1.881178 0.935513
1.901190 0.934394
1.921203 0.933286
1.941215 0.932189
1.961228 0.931102
1.981240 0.930025
2.001253 0.928958
2.021265 0.927902
2.041278 0.926855
2.061290 0.925819
2.081303 0.924792
2.101316 0.923774
2.121328 0.922767
2.141341 0.921768
2.161353 0.920779
2.181366 0.919799
2.201378 0.918828
2.221391 0.917866
2.241403 0.916913
2.261416 0.915969
2.281428 0.915033
2.301441 0.914106
2.321453 0.913187
2.341466 0.912277
2.361478 0.911375
2.381491 0.910481
2.401503 0.909595
2.421516 0.908717
2.441529 0.907848
2.461541 0.906986
2.481554 0.906131
2.501566 0.905285
2.521579 0.904446
2.541591 0.903614
2.561604 0.902790
2.581616 0.901973
2.601629 0.901164
2.621641 0.900361
2.641654 0.899566
2.661666 0.898778
2.681679 0.897996
2.701691 0.897222
2.721704 0.896455
2.741716 0.895694
2.761729 0.894940
2.781742 0.894192
2.801754 0.893608
2.821767 0.893270
2.841779 0.893033
2.861792 0.892846
2.881804 0.892689
2.901817 0.892552
2.921829 0.892430
2.941842 0.892318
2.961854 0.892216
2.981867 0.892120
3.001879 0.892031
3.021892 0.891947
3.041904 0.891868
3.061917 0.891793
3.081929 0.891722
3.101942 0.891653
3.121955 0.891588
3.141967 0.891526
3.161980 0.891466
3.181992 0.891408
3.202005 0.891353
3.222017 0.891300
3.242030 0.891249
3.262042 0.891199
3.282055 0.891152
3.302067 0.891106
3.322080 0.891061
3.342092 0.891018
3.362105 0.890977
3.382117 0.890937
3.402130 0.890898
3.422142 0.890861
3.442155 0.890825
3.462168 0.890790
3.482180 0.890756
3.502193 0.890723
3.522205 0.890691
3.542218 0.890660
3.562230 0.890631
3.582243 0.890602
3.602255 0.890574
3.622268 0.890547
3.642280 0.890521
3.662293 0.890495
3.682305 0.890471
3.702318 0.890447
3.722330 0.890424
3.742343 0.890402
3.762355 0.890380
3.782368 0.890360
3.802381 0.890339
3.822393 0.890320
3.842406 0.890301
3.862418 0.890283
3.882431 0.890265
3.902443 0.890248
3.922456 0.890232
3.942468 0.890216
3.962481 0.890200
3.982493 0.890185
4.002506 0.890171
4.022518 0.890157
4.042531 0.890144
4.062543 0.890131
4.082556 0.890119
4.102568 0.890107
4.122581 0.890095
4.142594 0.890084
4.162606 0.890073
4.182619 0.890063
4.202631 0.890053
4.222644 0.890043
4.242656 0.890034
4.262669 0.890025
4.282681 0.890017
4.302694 0.890009
4.322706 0.890001
4.342719 0.889994
4.362731 0.889986
4.382744 0.889980
4.402756 0.889973
4.422769 0.889967
4.442781 0.889961
4.462794 0.889955
4.482807 0.889950
4.502819 0.889945
4.522832 0.889940
4.542844 0.889936
4.562857 0.889931
4.582869 0.889927
4.602882 0.889923
4.622894 0.889920
4.642907 0.889916
4.662919 0.889913
4.682932 0.889910
4.702944 0.889908
4.722957 0.889905
4.742969 0.889903
4.762982 0.889901
4.782994 0.889899
4.803007 0.889897
4.823019 0.889895
4.843032 0.889894
4.863045 0.889893
4.883057 0.889892
4.903070 0.889891
4.923082 0.889890
4.943095 0.889890
4.963107 0.889889
4.983120 0.889889
5.003132 0.889889
5.023145 0.889889
5.043157 0.889889
5.063170 0.889890
5.083182 0.889890
5.103195 0.889891
5.123207 0.889891
5.143220 0.889892
5.163232 0.889893
5.183245 0.889894
5.203258 0.889896
5.223270 0.889897
5.243283 0.889898
5.263295 0.889900
5.283308 0.889902
5.303320 0.889903
5.323333 0.889905
5.343345 0.889907
5.363358 0.889909
5.383370 0.889911
5.403383 0.889914
5.423395 0.889916
5.443408 0.889918
5.463420 0.889921
5.483433 0.889924
5.503445 0.889926
5.523458 0.889929
5.543471 0.889932
5.563483 0.889935
5.583496 0.889938
5.603508 0.889941
5.623521 0.889944
5.643533 0.889947
5.663546 0.889950
5.683558 0.889954
5.703571 0.889957
5.723583 0.889961
5.743596 0.889964
5.763608 0.889968
5.783621 0.889971
5.803633 0.889975
5.823646 0.889979
5.843658 0.889983
5.863671 0.889986
5.883684 0.889990
5.903696 0.889994
5.923709 0.889998
5.943721 0.890002
5.963734 0.890007
5.983746 0.890011
6.003759 0.890015
6.023771 0.890019
6.043784 0.890023
6.063796 0.890028
6.083809 0.890032
6.103821 0.890037
6.123834 0.890041
6.143846 0.890045
6.163859 0.890050
6.183871 0.890055
6.203884 0.890059
6.223897 0.890064
6.243909 0.890068
6.263922 0.890073
6.283934 0.890078
6.303947 0.890083
6.323959 0.890087
6.343972 0.890092
6.363984 0.890097
6.383997 0.890102
6.404009 0.890107
6.424022 0.890112
6.444034 0.890117
6.464047 0.890122
6.484059 0.890127
6.504072 0.890132
6.524084 0.890137
6.544097 0.890142
6.564110 0.890147
6.584122 0.890152
6.604135 0.890157
6.624147 0.890162
6.644160 0.890167
6.664172 0.890172
6.684185 0.890178
6.704197 0.890183
6.724210 0.890188
6.744222 0.890193
6.764235 0.890198
6.784247 0.890204
6.804260 0.890209
6.824272 0.890214
6.844285 0.890220
6.864297 0.890225
6.884310 0.890230
6.904323 0.890236
6.924335 0.890241
6.944348 0.890246
6.964360 0.890252
6.984373 0.890257
7.004385 0.890263
7.024398 0.890268
7.044410 0.890273
7.064423 0.890279
7.084435 0.890284
7.104448 0.890290
7.124460 0.890295
7.144473 0.890301
7.164485 0.890306
7.184498 0.890312
7.204510 0.890317
7.224523 0.890323
7.244536 0.890328
7.264548 0.890334
7.284561 0.890339
7.304573 0.890345
7.324586 0.890350
7.344598 0.890356
7.364611 0.890361
7.384623 0.890367
7.404636 0.890372
7.424648 0.890378
7.444661 0.890383
7.464673 0.890389
7.484686 0.890394
7.504698 0.890400
7.524711 0.890405
7.544723 0.890411
7.564736 0.890417
7.584749 0.890422
7.604761 0.890428
7.624774 0.890433
7.644786 0.890439
7.664799 0.890444
7.684811 0.890450
7.704824 0.890455
7.724836 0.890461
7.744849 0.890467
7.764861 0.890472
7.784874 0.890478
7.804886 0.890483
7.824899 0.890489
7.844911 0.890494
7.864924 0.890500
7.884936 0.890506
7.904949 0.890511
7.924962 0.890517
7.944974 0.890522
7.964987 0.890528
7.984999 0.890533
8.005012 0.890539
