0.004005   0.000000   
0.008009   0.000061   
0.012014   -0.000014   
0.016018   -0.000243   
0.020023   -0.000639   
0.024027   -0.001210   
0.028032   -0.001962   
0.032036   -0.002896   
0.036041   -0.004013   
0.040045   -0.005315   
0.044050   -0.006801   
0.048054   -0.008469   
0.052059   -0.010318   
0.056063   -0.012347   
0.060068   -0.014554   
0.064072   -0.016936   
0.068077   -0.019490   
0.072081   -0.022216   
0.076086   -0.025109   
0.080090   -0.028167   
0.084095   -0.031387   
0.088099   -0.034767   
0.092104   -0.038303   
0.096108   -0.041993   
0.100113   -0.045834   
0.104117   -0.049822   
0.108122   -0.053954   
0.112126   -0.058228   
0.116131   -0.062640   
0.120135   -0.067187   
0.124140   -0.071866   
0.128144   -0.076675   
0.132149   -0.081609   
0.136153   -0.086666   
0.140158   -0.091843   
0.144162   -0.097136   
0.148167   -0.102543   
0.152171   -0.108060   
0.156176   -0.113685   
0.160180   -0.119414   
0.164185   -0.125244   
0.168189   -0.131172   
0.172194   -0.137195   
0.176198   -0.143311   
0.180203   -0.149516   
0.184207   -0.155806   
0.188212   -0.162180   
0.192216   -0.168635   
0.196221   -0.175166   
0.200225   -0.181772   
0.204230   -0.188449   
0.208234   -0.195195   
0.212239   -0.202006   
0.216243   -0.208880   
0.220248   -0.215814   
0.224252   -0.222805   
0.228257   -0.229851   
0.232261   -0.236948   
0.236266   -0.244093   
0.240270   -0.251285   
0.244275   -0.258520   
0.248279   -0.265795   
0.252284   -0.273108   
0.256289   -0.280455   
0.260293   -0.287836   
0.264298   -0.295246   
0.268302   -0.302683   
0.272307   -0.310144   
0.276311   -0.317627   
0.280316   -0.325130   
0.284320   -0.332649   
0.288325   -0.340182   
0.292329   -0.347727   
0.296334   -0.355280   
0.300338   -0.362840   
0.304343   -0.370404   
0.308347   -0.377969   
0.312352   -0.385534   
0.316356   -0.393095   
0.320361   -0.400650   
0.324365   -0.408197   
0.328370   -0.415733   
0.332374   -0.423256   
0.336379   -0.430763   
0.340383   -0.438253   
0.344388   -0.445722   
0.348392   -0.453169   
0.352397   -0.460591   
0.356401   -0.467986   
0.360406   -0.475351   
0.364410   -0.482685   
0.368415   -0.489985   
0.372419   -0.497249   
0.376424   -0.504474   
0.380428   -0.511658   
0.384433   -0.518800   
0.388437   -0.525896   
0.392442   -0.532946   
0.396446   -0.539946   
0.400451   -0.546894   
0.404455   -0.553789   
0.408460   -0.560628   
0.412464   -0.567409   
0.416469   -0.574130   
0.420473   -0.580789   
0.424478   -0.587384   
0.428482   -0.593913   
0.432487   -0.600374   
0.436491   -0.606764   
0.440496   -0.613082   
0.444500   -0.619325   
0.448505   -0.625493   
0.452509   -0.631582   
0.456514   -0.637590   
0.460518   -0.643517   
0.464523   -0.649359   
0.468527   -0.655115   
0.472532   -0.660784   
0.476536   -0.666362   
0.480541   -0.671849   
0.484545   -0.677241   
0.488550   -0.682538   
0.492554   -0.687738   
0.496559   -0.692838   
0.500564   -0.697838   
0.504568   -0.702734   
0.508573   -0.707525   
0.512577   -0.712209   
0.516582   -0.716786   
0.520586   -0.721251   
0.524591   -0.725605   
0.528595   -0.729845   
0.532600   -0.733970   
0.536604   -0.737977   
0.540609   -0.741865   
0.544613   -0.745632   
0.548618   -0.749277   
0.552622   -0.752797   
0.556627   -0.756191   
0.560631   -0.759458   
0.564636   -0.762596   
0.568640   -0.765602   
0.572645   -0.768476   
0.576649   -0.771215   
0.580654   -0.773818   
0.584658   -0.776284   
0.588663   -0.778611   
0.592667   -0.780796   
0.596672   -0.782839   
0.600676   -0.784738   
0.604681   -0.786491   
0.608685   -0.788097   
0.612690   -0.789554   
0.616694   -0.790861   
0.620699   -0.792016   
0.624703   -0.793017   
0.628708   -0.793863   
0.632712   -0.794552   
0.636717   -0.795083   
0.640721   -0.795455   
0.644726   -0.795665   
0.648730   -0.795713   
0.652735   -0.795596   
0.656739   -0.795314   
0.660744   -0.794865   
0.664748   -0.794246   
0.668753   -0.793458   
0.672757   -0.792498   
0.676762   -0.791366   
0.680766   -0.790058   
0.684771   -0.788575   
0.688775   -0.786914   
0.692780   -0.785075   
0.696784   -0.783056   
0.700789   -0.780855   
0.704793   -0.778471   
0.708798   -0.775902   
0.712802   -0.773148   
0.716807   -0.770207   
0.720811   -0.767077   
0.724816   -0.763757   
0.728820   -0.760246   
0.732825   -0.756542   
0.736829   -0.752645   
0.740834   -0.748552   
0.744838   -0.744262   
0.748843   -0.739775   
0.752848   -0.735088   
0.756852   -0.730201   
0.760857   -0.725112   
0.764861   -0.719820   
0.768866   -0.714323   
0.772870   -0.708620   
0.776875   -0.702711   
0.780879   -0.696593   
0.784884   -0.690265   
0.788888   -0.683727   
0.792893   -0.676976   
0.796897   -0.670012   
0.800902   -0.662833   
0.804906   -0.655439   
0.808911   -0.647827   
0.812915   -0.639997   
0.816920   -0.631948   
0.820924   -0.623678   
0.824929   -0.615185   
0.828933   -0.606470   
0.832938   -0.597530   
0.836942   -0.588365   
0.840947   -0.578972   
0.844951   -0.569352   
0.848956   -0.559503   
0.852960   -0.549423   
0.856965   -0.539112   
0.860969   -0.528568   
0.864974   -0.517790   
0.868978   -0.506778   
0.872983   -0.495529   
0.876987   -0.484043   
0.880992   -0.472318   
0.884996   -0.460354   
0.889001   -0.448150   
0.893005   -0.435703   
0.897010   -0.423014   
0.901014   -0.410080   
0.905019   -0.396902   
0.909023   -0.383477   
0.913028   -0.369805   
0.917032   -0.355884   
0.921037   -0.341714   
0.925041   -0.327293   
0.929046   -0.312621   
0.933050   -0.297696   
0.937055   -0.282517   
0.941059   -0.267083   
0.945064   -0.251393   
0.949068   -0.235446   
0.953073   -0.219241   
0.957077   -0.202777   
0.961082   -0.186052   
0.965086   -0.169067   
0.969091   -0.151819   
0.973095   -0.134308   
0.977100   -0.116533   
0.981104   -0.098492   
0.985109   -0.080185   
0.989113   -0.061610   
0.993118   -0.042767   
0.997123   -0.023655   
1.001127   -0.004272   
1.005132   0.015382   
1.009136   0.035308   
1.013141   0.055508   
1.017145   0.075982   
1.021150   0.096732   
1.025154   0.117757   
1.029159   0.139060   
1.033163   0.160642   
1.037168   0.182562   
1.041172   0.206128   
1.045177   0.234163   
1.049181   0.268497   
1.053186   0.309605   
1.057190   0.357142   
1.061195   0.410436   
1.065199   0.468760   
1.069204   0.531452   
1.073208   0.597944   
1.077213   0.667762   
1.081217   0.740516   
1.085222   0.815881   
1.089226   0.893590   
1.093231   0.973416   
1.097235   1.055174   
1.101240   1.138701   
1.105244   1.223863   
1.109249   1.310541   
1.113253   1.398635   
1.117258   1.488055   
1.121262   1.578725   
1.125267   1.670576   
1.129271   1.763548   
1.133276   1.857587   
1.137280   1.952645   
1.141285   2.048678   
1.145289   2.145648   
1.149294   2.243520   
1.153298   2.342261   
1.157303   2.441843   
1.161307   2.542238   
1.165312   2.643423   
1.169316   2.745375   
1.173321   2.848073   
1.177325   2.951498   
1.181330   3.055632   
1.185334   3.160460   
1.189339   3.265965   
1.193343   3.372133   
1.197348   3.478953   
1.201352   3.586409   
1.205357   3.694493   
1.209361   3.803191   
1.213366   3.912495   
1.217370   4.022394   
1.221375   4.132880   
1.225379   4.243943   
1.229384   4.355576   
1.233388   4.467772   
1.237393   4.580522   
1.241397   4.693820   
1.245402   4.807660   
1.249407   4.922035   
1.253411   5.036939   
1.257416   5.152367   
1.261420   5.268313   
1.265425   5.384773   
1.269429   5.501741   
1.273434   5.619213   
1.277438   5.737185   
1.281443   5.855651   
1.285447   5.974609   
1.289452   6.094053   
1.293456   6.213981   
1.297461   6.334389   
1.301465   6.455273   
1.305470   6.576630   
1.309474   6.698457   
1.313479   6.820751   
1.317483   6.943509   
1.321488   7.066727   
1.325492   7.190404   
1.329497   7.314536   
1.333501   7.439122   
1.337506   7.564158   
1.341510   7.689642   
1.345515   7.815573   
1.349519   7.941947   
1.353524   8.068763   
1.357528   8.196018   
1.361533   8.323711   
1.365537   8.451839   
1.369542   8.580401   
1.373546   8.709395   
1.377551   8.838819   
1.381555   8.968672   
1.385560   9.098951   
1.389564   9.229655   
1.393569   9.360783   
1.397573   9.492334   
1.401578   9.624304   
1.405582   9.756694   
1.409587   9.889502   
1.413591   10.022726   
1.417596   10.156366   
1.421600   10.290419   
1.425605   10.424884   
1.429609   10.559762   
1.433614   10.695049   
1.437618   10.830746   
1.441623   10.966850   
1.445627   11.103361   
1.449632   11.240278   
1.453636   11.377600   
1.457641   11.515326   
1.461645   11.653454   
1.465650   11.791985   
1.469654   11.930916   
1.473659   12.070247   
1.477663   12.209977   
1.481668   12.350105   
1.485672   12.490631   
1.489677   12.631554   
1.493682   12.772872   
1.497686   12.914585   
1.501691   13.056692   
1.505695   13.199192   
1.509700   13.342085   
1.513704   13.485371   
1.517709   13.629047   
1.521713   13.773114   
1.525718   13.917571   
1.529722   14.062417   
1.533727   14.207651   
1.537731   14.353274   
1.541736   14.499283   
1.545740   14.645680   
1.549745   14.792462   
1.553749   14.939630   
1.557754   15.087183   
1.561758   15.235121   
1.565763   15.383442   
1.569767   15.532146   
1.573772   15.681233   
1.577776   15.830703   
1.581781   15.980554   
1.585785   16.130786   
1.589790   16.281399   
1.593794   16.432393   
1.597799   16.583766   
1.601803   16.735519   
1.605808   16.887650   
1.609812   17.040160   
1.613817   17.193048   
1.617821   17.346313   
1.621826   17.499956   
1.625830   17.653975   
1.629835   17.808371   
1.633839   17.963142   
1.637844   18.118289   
1.641848   18.273812   
1.645853   18.429709   
1.649857   18.585980   
1.653862   18.742626   
1.657866   18.899645   
1.661871   19.057038   
1.665875   19.214803   
1.669880   19.372942   
1.673884   19.531452   
1.677889   19.690335   
1.681893   19.849589   
1.685898   20.009215   
1.689902   20.169211   
1.693907   20.329578   
1.697911   20.490316   
1.701916   20.651424   
1.705920   20.812902   
1.709925   20.974749   
1.713929   21.136965   
1.717934   21.299551   
1.721938   21.462505   
1.725943   21.625828   
1.729947   21.789518   
1.733952   21.953577   
1.737956   22.118003   
1.741961   22.282797   
1.745966   22.447958   
1.749970   22.613485   
1.753975   22.779380   
1.757979   22.945640   
1.761984   23.112267   
1.765988   23.279260   
1.769993   23.446618   
1.773997   23.614342   
1.778002   23.782431   
1.782006   23.950886   
1.786011   24.119705   
1.790015   24.288888   
1.794020   24.458436   
1.798024   24.628348   
1.802029   24.798624   
1.806033   24.969264   
1.810038   25.140268   
1.814042   25.311635   
1.818047   25.483365   
1.822051   25.655458   
1.826056   25.827913   
1.830060   26.000732   
1.834065   26.173912   
1.838069   26.347455   
1.842074   26.521360   
1.846078   26.695627   
1.850083   26.870256   
1.854087   27.045246   
1.858092   27.220598   
1.862096   27.396311   
1.866101   27.572384   
1.870105   27.748819   
1.874110   27.925614   
1.878114   28.102770   
1.882119   28.280286   
1.886123   28.458163   
1.890128   28.636399   
1.894132   28.814996   
1.898137   28.993952   
1.902141   29.173268   
1.906146   29.352943   
1.910150   29.532978   
1.914155   29.713372   
1.918159   29.894125   
1.922164   30.075236   
1.926168   30.256707   
1.930173   30.438536   
1.934177   30.620724   
1.938182   30.803270   
1.942186   30.986174   
1.946191   31.169436   
1.950195   31.353057   
1.954200   31.537035   
1.958204   31.721371   
1.962209   31.906064   
1.966213   32.091115   
1.970218   32.276524   
1.974222   32.462289   
1.978227   32.648412   
1.982231   32.834891   
1.986236   33.021728   
1.990241   33.208921   
1.994245   33.396471   
1.998250   33.584377   
2.002254   33.772640   
2.006259   33.961259   
2.010263   34.150235   
2.014268   34.339566   
2.018272   34.529253   
2.022277   34.719297   
2.026281   34.909696   
2.030286   35.100450   
2.034290   35.291561   
2.038295   35.483026   
2.042299   35.674847   
2.046304   35.867024   
2.050308   36.059555   
2.054313   36.252442   
2.058317   36.445683   
2.062322   36.639280   
2.066326   36.833231   
2.070331   37.027537   
2.074335   37.222198   
2.078340   37.417213   
2.082344   37.612582   
2.086349   37.808306   
2.090353   38.004384   
2.094358   38.200816   
2.098362   38.397602   
2.102367   38.594742   
2.106371   38.792236   
2.110376   38.990084   
2.114380   39.188285   
2.118385   39.386840   
2.122389   39.585749   
2.126394   39.785011   
2.130398   39.984627   
2.134403   40.184595   
2.138407   40.384917   
2.142412   40.585593   
2.146416   40.786621   
2.150421   40.988002   
2.154425   41.189736   
2.158430   41.391823   
2.162434   41.594263   
2.166439   41.797055   
2.170443   42.000200   
2.174448   42.203698   
2.178452   42.407548   
2.182457   42.611750   
2.186461   42.816305   
2.190466   43.021212   
2.194470   43.226471   
2.198475   43.432082   
2.202479   43.638045   
2.206484   43.844361   
2.210488   44.051028   
2.214493   44.258047   
2.218497   44.465417   
2.222502   44.673140   
2.226506   44.881214   
2.230511   45.089639   
2.234515   45.298416   
2.238520   45.507545   
2.242525   45.717025   
2.246529   45.926856   
2.250534   46.137039   
2.254538   46.347572   
2.258543   46.558457   
2.262547   46.769693   
2.266552   46.981280   
2.270556   47.193217   
2.274561   47.405506   
2.278565   47.618145   
2.282570   47.831135   
2.286574   48.044476   
2.290579   48.258168   
2.294583   48.472210   
2.298588   48.686603   
2.302592   48.901346   
2.306597   49.116439   
2.310601   49.331883   
2.314606   49.547677   
2.318610   49.763822   
2.322615   49.980316   
2.326619   50.197161   
2.330624   50.414356   
2.334628   50.631901   
2.338633   50.849796   
2.342637   51.068040   
2.346642   51.286635   
2.350646   51.505579   
2.354651   51.724874   
2.358655   51.944518   
2.362660   52.164511   
2.366664   52.384854   
2.370669   52.605547   
2.374673   52.826589   
2.378678   53.047981   
2.382682   53.269722   
2.386687   53.491813   
2.390691   53.714253   
2.394696   53.937042   
2.398700   54.160180   
2.402705   54.383667   
2.406709   54.607504   
2.410714   54.831690   
2.414718   55.056224   
2.418723   55.281108   
2.422727   55.506341   
2.426732   55.731922   
2.430736   55.957852   
2.434741   56.184132   
2.438745   56.410760   
2.442750   56.637736   
2.446754   56.865061   
2.450759   57.092735   
2.454763   57.320758   
2.458768   57.549129   
2.462772   57.777848   
2.466777   58.006916   
2.470781   58.236333   
2.474786   58.466097   
2.478790   58.696210   
2.482795   58.926672   
2.486800   59.157481   
2.490804   59.388639   
2.494809   59.620145   
2.498813   59.851999   
2.502818   60.084201   
2.506822   60.316751   
2.510827   60.549649   
2.514831   60.782895   
2.518836   61.016489   
2.522840   61.250431   
2.526845   61.484721   
2.530849   61.719358   
2.534854   61.954344   
2.538858   62.189677   
2.542863   62.425357   
2.546867   62.661385   
2.550872   62.897761   
2.554876   63.134485   
2.558881   63.371556   
2.562885   63.608974   
2.566890   63.846740   
2.570894   64.084853   
2.574899   64.323314   
2.578903   64.562122   
2.582908   64.801277   
2.586912   65.040780   
2.590917   65.280630   
2.594921   65.520827   
2.598926   65.761371   
2.602930   66.002262   
2.606935   66.243501   
2.610939   66.485086   
2.614944   66.727018   
2.618948   66.969298   
2.622953   67.211924   
2.626957   67.454898   
2.630962   67.698218   
2.634966   67.941885   
2.638971   68.185899   
2.642975   68.430259   
2.646980   68.674967   
2.650984   68.920021   
2.654989   69.165422   
2.658993   69.411169   
2.662998   69.657263   
2.667002   69.903704   
2.671007   70.150491   
2.675011   70.397625   
2.679016   70.645105   
2.683020   70.892932   
2.687025   71.141105   
2.691029   71.389624   
2.695034   71.638490   
2.699038   71.887702   
2.703043   72.137261   
2.707047   72.387165   
2.711052   72.637416   
2.715056   72.888013   
2.719061   73.138957   
2.723065   73.390246   
2.727070   73.641882   
2.731074   73.893864   
2.735079   74.146191   
2.739084   74.398865   
2.743088   74.651885   
2.747093   74.905250   
2.751097   75.158962   
2.755102   75.413020   
2.759106   75.667423   
2.763111   75.922172   
2.767115   76.177267   
2.771120   76.432708   
2.775124   76.688495   
2.779129   76.944627   
2.783133   77.201105   
2.787138   77.457929   
2.791142   77.715098   
2.795147   77.972613   
2.799151   78.230474   
2.803156   78.488680   
2.807160   78.747232   
2.811165   79.006129   
2.815169   79.265372   
2.819174   79.524960   
2.823178   79.784893   
2.827183   80.045172   
2.831187   80.305796   
2.835192   80.566766   
2.839196   80.828081   
2.843201   81.089741   
2.847205   81.351747   
2.851210   81.614098   
2.855214   81.876794   
2.859219   82.139835   
2.863223   82.403221   
2.867228   82.666952   
2.871232   82.931029   
2.875237   83.195451   
2.879241   83.460217   
2.883246   83.725329   
2.887250   83.990786   
2.891255   84.256587   
2.895259   84.522734   
2.899264   84.789226   
2.903268   85.056062   
2.907273   85.323243   
2.911277   85.590770   
2.915282   85.858641   
2.919286   86.126856   
2.923291   86.395417   
2.927295   86.664322   
2.931300   86.933572   
2.935304   87.203167   
2.939309   87.473107   
2.943313   87.743391   
2.947318   88.014020   
2.951322   88.284993   
2.955327   88.556311   
2.959331   88.827973   
2.963336   89.099980   
2.967340   89.372332   
2.971345   89.645028   
2.975349   89.918068   
2.979354   90.191453   
2.983359   90.465183   
2.987363   90.739257   
2.991368   91.013675   
2.995372   91.288437   
2.999377   91.563544   
3.003381   91.838995   
3.007386   92.114790   
3.011390   92.390930   
3.015395   92.667414   
3.019399   92.944242   
3.023404   93.221414   
3.027408   93.498931   
3.031413   93.776791   
3.035417   94.054996   
3.039422   94.333545   
3.043426   94.612438   
3.047431   94.891675   
3.051435   95.171256   
3.055440   95.451181   
3.059444   95.731450   
3.063449   96.012063   
3.067453   96.293019   
3.071458   96.574320   
3.075462   96.855965   
3.079467   97.137954   
3.083471   97.420286   
3.087476   97.702962   
3.091480   97.985982   
3.095485   98.269346   
3.099489   98.553054   
3.103494   98.837106   
3.107498   99.121501   
3.111503   99.406240   
3.115507   99.691322   
3.119512   99.976748   
3.123516   100.262518   
3.127521   100.548632   
3.131525   100.835089   
3.135530   101.121890   
3.139534   101.409034   
3.143539   101.696522   
3.147543   101.984353   
3.151548   102.272528   
3.155552   102.561046   
3.159557   102.849908   
3.163561   103.139113   
3.167566   103.428662   
3.171570   103.718554   
3.175575   104.008790   
3.179579   104.299369   
3.183584   104.590291   
3.187588   104.881556   
3.191593   105.173165   
3.195597   105.465117   
3.199602   105.757413   
3.203606   106.050051   
3.207611   106.343033   
3.211615   106.636358   
3.215620   106.930026   
3.219624   107.224038   
3.223629   107.518392   
3.227633   107.813090   
3.231638   108.108131   
3.235643   108.403515   
3.239647   108.699242   
3.243652   108.995312   
3.247656   109.291725   
3.251661   109.588481   
3.255665   109.885580   
3.259670   110.183022   
3.263674   110.480807   
3.267679   110.778935   
3.271683   111.077406   
3.275688   111.376220   
3.279692   111.675377   
3.283697   111.974876   
3.287701   112.274719   
3.291706   112.574904   
3.295710   112.875432   
3.299715   113.176303   
3.303719   113.477517   
3.307724   113.779073   
3.311728   114.080972   
3.315733   114.383214   
3.319737   114.685798   
3.323742   114.988726   
3.327746   115.291996   
3.331751   115.595608   
3.335755   115.899563   
3.339760   116.203861   
3.343764   116.508502   
3.347769   116.813485   
3.351773   117.118810   
3.355778   117.424478   
3.359782   117.730489   
3.363787   118.036842   
3.367791   118.343538   
3.371796   118.650576   
3.375800   118.957956   
3.379805   119.265679   
3.383809   119.573745   
3.387814   119.882153   
3.391818   120.190903   
3.395823   120.499995   
3.399827   120.809430   
3.403832   121.119208   
3.407836   121.429327   
3.411841   121.739789   
3.415845   122.050593   
3.419850   122.361740   
3.423854   122.673229   
3.427859   122.985059   
3.431863   123.297233   
3.435868   123.609748   
3.439872   123.922606   
3.443877   124.235805   
3.447881   124.549347   
3.451886   124.863231   
3.455890   125.177457   
3.459895   125.492025   
3.463899   125.806936   
3.467904   126.122188   
3.471908   126.437783   
3.475913   126.753719   
3.479918   127.069998   
3.483922   127.386618   
3.487927   127.703581   
3.491931   128.020885   
3.495936   128.338531   
3.499940   128.656520   
3.503945   128.974850   
3.507949   129.293522   
3.511954   129.612536   
3.515958   129.931892   
3.519963   130.251590   
3.523967   130.571630   
3.527972   130.892011   
3.531976   131.212735   
3.535981   131.533800   
3.539985   131.855206   
3.543990   132.176955   
3.547994   132.499046   
3.551999   132.821478   
3.556003   133.144251   
3.560008   133.467367   
3.564012   133.790824   
3.568017   134.114623   
3.572021   134.438764   
3.576026   134.763246   
3.580030   135.088070   
3.584035   135.413235   
3.588039   135.738742   
3.592044   136.064591   
3.596048   136.390781   
3.600053   136.717313   
3.604057   137.044186   
3.608062   137.371401   
3.612066   137.698957   
3.616071   138.026855   
3.620075   138.355094   
3.624080   138.683674   
3.628084   139.012597   
3.632089   139.341860   
3.636093   139.671465   
3.640098   140.001411   
3.644102   140.331699   
3.648107   140.662328   
3.652111   140.993299   
3.656116   141.324610   
3.660120   141.656264   
3.664125   141.988258   
3.668129   142.320594   
3.672134   142.653271   
3.676138   142.986289   
3.680143   143.319649   
3.684147   143.653349   
3.688152   143.987391   
3.692156   144.321774   
3.696161   144.656499   
3.700165   144.991564   
3.704170   145.326971   
3.708174   145.662719   
3.712179   145.998808   
3.716183   146.335238   
3.720188   146.672009   
3.724192   147.009121   
3.728197   147.346575   
3.732202   147.684369   
3.736206   148.022505   
3.740211   148.360981   
3.744215   148.699799   
3.748220   149.038957   
3.752224   149.378457   
3.756229   149.718297   
3.760233   150.058479   
3.764238   150.399001   
3.768242   150.739865   
3.772247   151.081069   
3.776251   151.422614   
3.780256   151.764500   
3.784260   152.106727   
3.788265   152.449295   
3.792269   152.792204   
3.796274   153.135453   
3.800278   153.479044   
3.804283   153.822975   
3.808287   154.167247   
3.812292   154.511859   
3.816296   154.856813   
3.820301   155.202107   
3.824305   155.547742   
3.828310   155.893718   
3.832314   156.240034   
3.836319   156.586691   
3.840323   156.933689   
3.844328   157.281028   
3.848332   157.628707   
3.852337   157.976727   
3.856341   158.325087   
3.860346   158.673788   
3.864350   159.022830   
3.868355   159.372212   
3.872359   159.721935   
3.876364   160.071998   
3.880368   160.422402   
3.884373   160.773147   
3.888377   161.124232   
3.892382   161.475657   
3.896386   161.827423   
3.900391   162.179530   
3.904395   162.531977   
3.908400   162.884764   
3.912404   163.237892   
3.916409   163.591361   
3.920413   163.945169   
3.924418   164.299319   
3.928422   164.653808   
3.932427   165.008638   
3.936431   165.363808   
3.940436   165.719319   
3.944440   166.075170   
3.948445   166.431361   
3.952449   166.787893   
3.956454   167.144765   
3.960458   167.501977   
3.964463   167.859530   
3.968467   168.217423   
3.972472   168.575656   
3.976477   168.934229   
3.980481   169.293143   
3.984486   169.652396   
3.988490   170.011990   
3.992495   170.371924   
3.996499   170.732199   
4.000504   171.092813   
4.004508   171.453768   
4.008513   171.815063   
4.012517   172.176698   
4.016522   172.538673   
4.020526   172.900988   
4.024531   173.263643   
4.028535   173.626638   
4.032540   173.989973   
4.036544   174.353649   
4.040549   174.717664   
4.044553   175.082020   
4.048558   175.446715   
4.052562   175.811751   
4.056567   176.177126   
4.060571   176.542842   
4.064576   176.908897   
4.068580   177.275292   
4.072585   177.642028   
4.076589   178.009103   
4.080594   178.376518   
4.084598   178.744273   
4.088603   179.112368   
4.092607   179.480803   
4.096612   179.849578   
4.100616   180.218692   
4.104621   180.588147   
4.108625   180.957941   
4.112630   181.328075   
4.116634   181.698549   
4.120639   182.069362   
4.124643   182.440516   
4.128648   182.812009   
4.132652   183.183842   
4.136657   183.556015   
4.140661   183.928527   
4.144666   184.301379   
4.148670   184.674571   
4.152675   185.048103   
4.156679   185.421974   
4.160684   185.796185   
4.164688   186.170736   
4.168693   186.545626   
4.172697   186.920856   
4.176702   187.296425   
4.180706   187.672335   
4.184711   188.048583   
4.188715   188.425172   
4.192720   188.802100   
4.196724   189.179367   
4.200729   189.556974   
4.204733   189.934921   
4.208738   190.313207   
4.212742   190.691833   
4.216747   191.070798   
4.220751   191.450102   
4.224756   191.829747   
4.228761   192.209730   
4.232765   192.590053   
4.236770   192.970716   
4.240774   193.351718   
4.244779   193.733059   
4.248783   194.114740   
4.252788   194.496760   
4.256792   194.879120   
4.260797   195.261819   
4.264801   195.644858   
4.268806   196.028235   
4.272810   196.411952   
4.276815   196.796009   
4.280819   197.180405   
4.284824   197.565140   
4.288828   197.950214   
4.292833   198.335628   
4.296837   198.721381   
4.300842   199.107473   
4.304846   199.493905   
4.308851   199.880676   
4.312855   200.267786   
4.316860   200.655235   
4.320864   201.043023   
4.324869   201.431151   
4.328873   201.819618   
4.332878   202.208424   
4.336882   202.597569   
4.340887   202.987053   
4.344891   203.376877   
4.348896   203.767040   
4.352900   204.157541   
4.356905   204.548382   
4.360909   204.939562   
4.364914   205.331081   
4.368918   205.722940   
4.372923   206.115137   
4.376927   206.507673   
4.380932   206.900549   
4.384936   207.293763   
4.388941   207.687316   
4.392945   208.081209   
4.396950   208.475440   
4.400954   208.870011   
4.404959   209.264920   
4.408963   209.660169   
4.412968   210.055756   
4.416972   210.451682   
4.420977   210.847948   
4.424981   211.244552   
4.428986   211.641495   
4.432990   212.038777   
4.436995   212.436398   
4.440999   212.834358   
4.445004   213.232657   
4.449008   213.631294   
4.453013   214.030271   
4.457017   214.429586   
4.461022   214.829240   
4.465026   215.229233   
4.469031   215.629565   
4.473036   216.030235   
4.477040   216.431244   
4.481045   216.832593   
4.485049   217.234279   
4.489054   217.636305   
4.493058   218.038670   
4.497063   218.441373   
4.501067   218.844415   
4.505072   219.247795   
4.509076   219.651514   
4.513081   220.055572   
4.517085   220.459969   
4.521090   220.864704   
4.525094   221.269778   
4.529099   221.675191   
4.533103   222.080943   
4.537108   222.487032   
4.541112   222.893461   
4.545117   223.300228   
4.549121   223.707334   
4.553126   224.114778   
4.557130   224.522561   
4.561135   224.930683   
4.565139   225.339143   
4.569144   225.747942   
4.573148   226.157079   
4.577153   226.566555   
4.581157   226.976369   
4.585162   227.386522   
4.589166   227.797013   
4.593171   228.207843   
4.597175   228.619011   
4.601180   229.030518   
4.605184   229.442363   
4.609189   229.854547   
4.613193   230.267069   
4.617198   230.679929   
4.621202   231.093128   
4.625207   231.506665   
4.629211   231.920541   
4.633216   232.334755   
4.637220   232.749308   
4.641225   233.164199   
4.645229   233.579428   
4.649234   233.994995   
4.653238   234.410901   
4.657243   234.827146   
4.661247   235.243728   
4.665252   235.660649   
4.669256   236.077908   
4.673261   236.495506   
4.677265   236.913441   
4.681270   237.331715   
4.685274   237.750328   
4.689279   238.169278   
4.693283   238.588567   
4.697288   239.008194   
4.701292   239.428159   
4.705297   239.848463   
4.709301   240.269104   
4.713306   240.690084   
4.717310   241.111402   
4.721315   241.533058   
4.725320   241.955053   
4.729324   242.377385   
4.733329   242.800056   
4.737333   243.223064   
4.741338   243.646411   
4.745342   244.070096   
4.749347   244.494119   
4.753351   244.918481   
4.757356   245.343180   
4.761360   245.768217   
4.765365   246.193593   
4.769369   246.619306   
4.773374   247.045358   
4.777378   247.471747   
4.781383   247.898475   
4.785387   248.325540   
4.789392   248.752944   
4.793396   249.180685   
4.797401   249.608765   
4.801405   250.037183   
4.805410   250.465938   
4.809414   250.895032   
4.813419   251.324463   
4.817423   251.754232   
4.821428   252.184340   
4.825432   252.614785   
4.829437   253.045568   
4.833441   253.476689   
4.837446   253.908148   
4.841450   254.339945   
4.845455   254.772079   
4.849459   255.204552   
4.853464   255.637362   
4.857468   256.070511   
4.861473   256.503997   
4.865477   256.937821   
4.869482   257.371982   
4.873486   257.806482   
4.877491   258.241319   
4.881495   258.676494   
4.885500   259.112007   
4.889504   259.547858   
4.893509   259.984046   
4.897513   260.420572   
4.901518   260.857436   
4.905522   261.294638   
4.909527   261.732177   
4.913531   262.170054   
4.917536   262.608269   
4.921540   263.046822   
4.925545   263.485712   
4.929549   263.924940   
4.933554   264.364505   
4.937558   264.804408   
4.941563   265.244649   
4.945567   265.685228   
4.949572   266.126144   
4.953576   266.567398   
4.957581   267.008989   
4.961585   267.450918   
4.965590   267.893184   
4.969595   268.335788   
4.973599   268.778730   
4.977604   269.222009   
4.981608   269.665626   
4.985613   270.109581   
4.989617   270.553872   
4.993622   270.998502   
4.997626   271.443469   
5.001631   271.888773   
5.005635   272.334415   
5.009640   272.780395   
5.013644   273.226712   
5.017649   273.673366   
5.021653   274.120358   
5.025658   274.567687   
5.029662   275.015354   
5.033667   275.463358   
5.037671   275.911700   
5.041676   276.360379   
5.045680   276.809396   
5.049685   277.258750   
5.053689   277.708441   
5.057694   278.158470   
5.061698   278.608836   
5.065703   279.059539   
5.069707   279.510580   
5.073712   279.961958   
5.077716   280.413674   
5.081721   280.865726   
5.085725   281.318117   
5.089730   281.770844   
5.093734   282.223909   
5.097739   282.677311   
5.101743   283.131050   
5.105748   283.585127   
5.109752   284.039541   
5.113757   284.494292   
5.117761   284.949380   
5.121766   285.404806   
5.125770   285.860569   
5.129775   286.316669   
5.133779   286.773107   
5.137784   287.229881   
5.141788   287.686993   
5.145793   288.144442   
5.149797   288.602228   
5.153802   289.060351   
5.157806   289.518812   
5.161811   289.977610   
5.165815   290.436744   
5.169820   290.896216   
5.173824   291.356025   
5.177829   291.816172   
5.181833   292.276655   
5.185838   292.737475   
5.189842   293.198633   
5.193847   293.660128   
5.197851   294.121959   
5.201856   294.584128   
5.205860   295.046634   
5.209865   295.509477   
5.213869   295.972657   
5.217874   296.436174   
5.221879   296.900028   
5.225883   297.364219   
5.229888   297.828747   
5.233892   298.293612   
5.237897   298.758814   
5.241901   299.224353   
5.245906   299.690229   
5.249910   300.156442   
5.253915   300.622992   
5.257919   301.089879   
5.261924   301.557102   
5.265928   302.024663   
5.269933   302.492561   
5.273937   302.960796   
5.277942   303.429367   
5.281946   303.898276   
5.285951   304.367521   
5.289955   304.837103   
5.293960   305.307022   
5.297964   305.777278   
5.301969   306.247871   
5.305973   306.718801   
5.309978   307.190067   
5.313982   307.661670   
5.317987   308.133611   
5.321991   308.605888   
5.325996   309.078501   
5.330000   309.551452   
5.334005   310.024739   
5.338009   310.498364   
5.342014   310.972325   
5.346018   311.446622   
5.350023   311.921257   
5.354027   312.396228   
5.358032   312.871536   
5.362036   313.347181   
5.366041   313.823162   
5.370045   314.299481   
5.374050   314.776135   
5.378054   315.253127   
5.382059   315.730455   
5.386063   316.208120   
5.390068   316.686122   
5.394072   317.164460   
5.398077   317.643135   
5.402081   318.122147   
5.406086   318.601495   
5.410090   319.081180   
5.414095   319.561202   
5.418099   320.041560   
5.422104   320.522255   
5.426108   321.003286   
5.430113   321.484654   
5.434117   321.966359   
5.438122   322.448400   
5.442126   322.930778   
5.446131   323.413492   
5.450135   323.896543   
5.454140   324.379930   
5.458144   324.863654   
5.462149   325.347715   
5.466154   325.832112   
5.470158   326.316845   
5.474163   326.801915   
5.478167   327.287322   
5.482172   327.773065   
5.486176   328.259144   
5.490181   328.745560   
5.494185   329.232313   
5.498190   329.719402   
5.502194   330.206827   
5.506199   330.694589   
5.510203   331.182687   
5.514208   331.671122   
5.518212   332.159893   
5.522217   332.649000   
5.526221   333.138444   
5.530226   333.628225   
5.534230   334.118341   
5.538235   334.608795   
5.542239   335.099584   
5.546244   335.590710   
5.550248   336.082172   
5.554253   336.573971   
5.558257   337.066105   
5.562262   337.558577   
5.566266   338.051384   
5.570271   338.544528   
5.574275   339.038008   
5.578280   339.531825   
5.582284   340.025978   
5.586289   340.520467   
5.590293   341.015292   
5.594298   341.510454   
5.598302   342.005951   
5.602307   342.501786   
5.606311   342.997956   
5.610316   343.494463   
5.614320   343.991305   
5.618325   344.488485   
5.622329   344.986000   
5.626334   345.483851   
5.630338   345.982039   
5.634343   346.480563   
5.638347   346.979423   
5.642352   347.478619   
5.646356   347.978152   
5.650361   348.478020   
5.654365   348.978225   
5.658370   349.478766   
5.662374   349.979643   
5.666379   350.480856   
5.670383   350.982406   
5.674388   351.484291   
5.678392   351.986513   
5.682397   352.489070   
5.686401   352.991964   
5.690406   353.495194   
5.694410   353.998760   
5.698415   354.502662   
5.702419   355.006900   
5.706424   355.511474   
5.710428   356.016384   
5.714433   356.521630   
5.718438   357.027212   
5.722442   357.533131   
5.726447   358.039385   
5.730451   358.545975   
5.734456   359.052901   
5.738460   359.560164   
5.742465   360.067762   
5.746469   360.575696   
5.750474   361.083966   
5.754478   361.592573   
5.758483   362.101515   
5.762487   362.610793   
5.766492   363.120407   
5.770496   363.630357   
5.774501   364.140643   
5.778505   364.651264   
5.782510   365.162222   
5.786514   365.673516   
5.790519   366.185145   
5.794523   366.697111   
5.798528   367.209412   
5.802532   367.722049   
5.806537   368.235022   
5.810541   368.748331   
5.814546   369.261976   
5.818550   369.775957   
5.822555   370.290273   
5.826559   370.804925   
5.830564   371.319914   
5.834568   371.835237   
5.838573   372.350897   
5.842577   372.866893   
5.846582   373.383224   
5.850586   373.899891   
5.854591   374.416894   
5.858595   374.934233   
5.862600   375.451907   
5.866604   375.969917   
5.870609   376.488263   
5.874613   377.006945   
5.878618   377.525962   
5.882622   378.045316   
5.886627   378.565005   
5.890631   379.085029   
5.894636   379.605389   
5.898640   380.126085   
5.902645   380.647117   
5.906649   381.168485   
5.910654   381.690188   
5.914658   382.212226   
5.918663   382.734601   
5.922667   383.257311   
5.926672   383.780356   
5.930676   384.303738   
5.934681   384.827455   
5.938685   385.351507   
5.942690   385.875896   
5.946694   386.400619   
5.950699   386.925679   
5.954703   387.451074   
5.958708   387.976805   
5.962713   388.502871   
5.966717   389.029273   
5.970722   389.556010   
5.974726   390.083083   
5.978731   390.610491   
5.982735   391.138235   
5.986740   391.666315   
5.990744   392.194730   
5.994749   392.723481   
5.998753   393.252567   
6.002758   393.781988   
6.006762   394.311746   
6.010767   394.841838   
6.014771   395.372266   
6.018776   395.903030   
6.022780   396.434129   
6.026785   396.965564   
6.030789   397.497334   
6.034794   398.029439   
6.038798   398.561880   
6.042803   399.094657   
6.046807   399.627768   
6.050812   400.161216   
6.054816   400.694998   
6.058821   401.229117   
6.062825   401.763570   
6.066830   402.298359   
6.070834   402.833483   
6.074839   403.368943   
6.078843   403.904738   
6.082848   404.440868   
6.086852   404.977334   
6.090857   405.514135   
6.094861   406.051272   
6.098866   406.588744   
6.102870   407.126551   
6.106875   407.664693   
6.110879   408.203171   
6.114884   408.741984   
6.118888   409.281133   
6.122893   409.820617   
6.126897   410.360436   
6.130902   410.900590   
6.134906   411.441080   
6.138911   411.981904   
6.142915   412.523065   
6.146920   413.064560   
6.150924   413.606391   
6.154929   414.148557   
6.158933   414.691058   
6.162938   415.233894   
6.166942   415.777066   
6.170947   416.320573   
6.174951   416.864415   
6.178956   417.408592   
6.182960   417.953104   
6.186965   418.497952   
6.190969   419.043135   
6.194974   419.588653   
6.198978   420.134506   
6.202983   420.680694   
6.206987   421.227218   
6.210992   421.774077   
6.214997   422.321270   
6.219001   422.868799   
6.223006   423.416663   
6.227010   423.964862   
6.231015   424.513397   
6.235019   425.062266   
6.239024   425.611471   
6.243028   426.161010   
6.247033   426.710885   
6.251037   427.261095   
6.255042   427.811640   
6.259046   428.362520   
6.263051   428.913735   
6.267055   429.465285   
6.271060   430.017170   
6.275064   430.569390   
6.279069   431.121945   
6.283073   431.674835   
6.287078   432.228060   
6.291082   432.781621   
6.295087   433.335516   
6.299091   433.889746   
6.303096   434.444311   
6.307100   434.999212   
6.311105   435.554447   
6.315109   436.110017   
6.319114   436.665922   
6.323118   437.222162   
6.327123   437.778737   
6.331127   438.335647   
6.335132   438.892892   
6.339136   439.450472   
6.343141   440.008387   
6.347145   440.566637   
6.351150   441.125221   
6.355154   441.684141   
6.359159   442.243395   
6.363163   442.802985   
6.367168   443.362909   
6.371172   443.923168   
6.375177   444.483762   
6.379181   445.044691   
6.383186   445.605955   
6.387190   446.167553   
6.391195   446.729487   
6.395199   447.291755   
6.399204   447.854358   
6.403208   448.417296   
6.407213   448.980569   
6.411217   449.544176   
6.415222   450.108119   
6.419226   450.672396   
6.423231   451.237008   
6.427235   451.801955   
6.431240   452.367236   
6.435244   452.932853   
6.439249   453.498804   
6.443253   454.065090   
6.447258   454.631710   
6.451262   455.198666   
6.455267   455.765956   
6.459272   456.333581   
6.463276   456.901540   
6.467281   457.469835   
6.471285   458.038464   
6.475290   458.607427   
6.479294   459.176726   
6.483299   459.746359   
6.487303   460.316327   
6.491308   460.886629   
6.495312   461.457267   
6.499317   462.028238   
6.503321   462.599545   
6.507326   463.171186   
6.511330   463.743162   
6.515335   464.315473   
6.519339   464.888118   
6.523344   465.461098   
6.527348   466.034412   
6.531353   466.608061   
6.535357   467.182045   
6.539362   467.756363   
6.543366   468.331016   
6.547371   468.906003   
6.551375   469.481325   
6.555380   470.056982   
6.559384   470.632973   
6.563389   471.209299   
6.567393   471.785959   
6.571398   472.362954   
6.575402   472.940284   
6.579407   473.517948   
6.583411   474.095946   
6.587416   474.674279   
6.591420   475.252947   
6.595425   475.831949   
6.599429   476.411286   
6.603434   476.990957   
6.607438   477.570962   
6.611443   478.151303   
6.615447   478.731977   
6.619452   479.312986   
6.623456   479.894330   
6.627461   480.476008   
6.631465   481.058020   
6.635470   481.640367   
6.639474   482.223049   
6.643479   482.806065   
6.647483   483.389415   
6.651488   483.973100   
6.655492   484.557119   
6.659497   485.141472   
6.663501   485.726160   
6.667506   486.311183   
6.671510   486.896540   
6.675515   487.482231   
6.679519   488.068256   
6.683524   488.654616   
6.687528   489.241311   
6.691533   489.828339   
6.695537   490.415703   
6.699542   491.003400   
6.703546   491.591432   
6.707551   492.179798   
6.711556   492.768498   
6.715560   493.357533   
6.719565   493.946902   
6.723569   494.536606   
6.727574   495.126643   
6.731578   495.717015   
6.735583   496.307722   
6.739587   496.898762   
6.743592   497.490137   
6.747596   498.081847   
6.751601   498.673890   
6.755605   499.266268   
6.759610   499.858980   
6.763614   500.452026   
6.767619   501.045407   
6.771623   501.639122   
6.775628   502.233171   
6.779632   502.827554   
6.783637   503.422271   
6.787641   504.017323   
6.791646   504.612709   
6.795650   505.208429   
6.799655   505.804483   
6.803659   506.400872   
6.807664   506.997595   
6.811668   507.594652   
6.815673   508.192043   
6.819677   508.789768   
6.823682   509.387827   
6.827686   509.986221   
6.831691   510.584949   
6.835695   511.184011   
6.839700   511.783407   
6.843704   512.383137   
6.847709   512.983201   
6.851713   513.583599   
6.855718   514.184332   
6.859722   514.785399   
6.863727   515.386799   
6.867731   515.988534   
6.871736   516.590603   
6.875740   517.193006   
6.879745   517.795743   
6.883749   518.398815   
6.887754   519.002220   
6.891758   519.605959   
6.895763   520.210033   
6.899767   520.814440   
6.903772   521.419181   
6.907776   522.024257   
6.911781   522.629667   
6.915785   523.235410   
6.919790   523.841488   
6.923794   524.447899   
6.927799   525.054645   
6.931803   525.661725   
6.935808   526.269138   
6.939812   526.876886   
6.943817   527.484968   
6.947821   528.093383   
6.951826   528.702133   
6.955831   529.311216   
6.959835   529.920634   
6.963840   530.530385   
6.967844   531.140471   
6.971849   531.750890   
6.975853   532.361643   
6.979858   532.972730   
6.983862   533.584152   
6.987867   534.195907   
6.991871   534.807996   
6.995876   535.420419   
6.999880   536.033175   
7.003885   536.646266   
7.007889   537.259691   
7.011894   537.873449   
7.015898   538.487541   
7.019903   539.101968   
7.023907   539.716728   
7.027912   540.331822   
7.031916   540.947249   
7.035921   541.563011   
7.039925   542.179107   
7.043930   542.795536   
7.047934   543.412299   
7.051939   544.029396   
7.055943   544.646827   
7.059948   545.264592   
7.063952   545.882690   
7.067957   546.501122   
7.071961   547.119888   
7.075966   547.738988   
7.079970   548.358422   
7.083975   548.978189   
7.087979   549.598290   
7.091984   550.218725   
7.095988   550.839494   
7.099993   551.460597   
7.103997   552.082033   
7.108002   552.703803   
7.112006   553.325907   
7.116011   553.948344   
7.120015   554.571115   
7.124020   555.194220   
7.128024   555.817659   
7.132029   556.441431   
7.136033   557.065537   
7.140038   557.689977   
7.144042   558.314750   
7.148047   558.939857   
7.152051   559.565298   
7.156056   560.191073   
7.160060   560.817181   
7.164065   561.443622   
7.168069   562.070398   
7.172074   562.697507   
7.176078   563.324950   
7.180083   563.952726   
7.184087   564.580836   
7.188092   565.209280   
7.192096   565.838057   
7.196101   566.467168   
7.200105   567.096613   
7.204110   567.726391   
7.208115   568.356503   
7.212119   568.986948   
7.216124   569.617727   
7.220128   570.248839   
7.224133   570.880286   
7.228137   571.512065   
7.232142   572.144178   
7.236146   572.776625   
7.240151   573.409406   
7.244155   574.042520   
7.248160   574.675967   
7.252164   575.309748   
7.256169   575.943862   
7.260173   576.578311   
7.264178   577.213092   
7.268182   577.848207   
7.272187   578.483656   
7.276191   579.119438   
7.280196   579.755554   
7.284200   580.392003   
7.288205   581.028785   
7.292209   581.665901   
7.296214   582.303351   
7.300218   582.941134   
7.304223   583.579251   
7.308227   584.217701   
7.312232   584.856484   
7.316236   585.495601   
7.320241   586.135051   
7.324245   586.774835   
7.328250   587.414952   
7.332254   588.055403   
7.336259   588.696187   
7.340263   589.337304   
7.344268   589.978755   
7.348272   590.620539   
7.352277   591.262657   
7.356281   591.905108   
7.360286   592.547893   
7.364290   593.191010   
7.368295   593.834462   
7.372299   594.478246   
7.376304   595.122364   
7.380308   595.766816   
7.384313   596.411600   
7.388317   597.056718   
7.392322   597.702170   
7.396326   598.347954   
7.400331   598.994072   
7.404335   599.640524   
7.408340   600.287308   
7.412344   600.934426   
7.416349   601.581878   
7.420353   602.229662   
7.424358   602.877780   
7.428362   603.526232   
7.432367   604.175016   
7.436371   604.824134   
7.440376   605.473585   
7.444380   606.123369   
7.448385   606.773487   
7.452390   607.423938   
7.456394   608.074722   
7.460399   608.725839   
7.464403   609.377290   
7.468408   610.029074   
7.472412   610.681191   
7.476417   611.333641   
7.480421   611.986425   
7.484426   612.639542   
7.488430   613.292992   
7.492435   613.946775   
7.496439   614.600891   
7.500444   615.255341   
7.504448   615.910124   
7.508453   616.565240   
7.512457   617.220689   
7.516462   617.876471   
7.520466   618.532587   
7.524471   619.189036   
7.528475   619.845817   
7.532480   620.502932   
7.536484   621.160380   
7.540489   621.818162   
7.544493   622.476276   
7.548498   623.134724   
7.552502   623.793504   
7.556507   624.452618   
7.560511   625.112065   
7.564516   625.771845   
7.568520   626.431958   
7.572525   627.092405   
7.576529   627.753184   
7.580534   628.414296   
7.584538   629.075742   
7.588543   629.737520   
7.592547   630.399632   
7.596552   631.062077   
7.600556   631.724855   
7.604561   632.387965   
7.608565   633.051409   
7.612570   633.715186   
7.616574   634.379296   
7.620579   635.043739   
7.624583   635.708515   
7.628588   636.373624   
7.632592   637.039066   
7.636597   637.704842   
7.640601   638.370950   
7.644606   639.037391   
7.648610   639.704165   
7.652615   640.371272   
7.656619   641.038712   
7.660624   641.706485   
7.664628   642.374591   
7.668633   643.043030   
7.672637   643.711802   
7.676642   644.380907   
7.680646   645.050345   
7.684651   645.720116   
7.688655   646.390220   
7.692660   647.060657   
7.696664   647.731426   
7.700669   648.402529   
7.704674   649.073965   
7.708678   649.745733   
7.712683   650.417834   
7.716687   651.090269   
7.720692   651.763036   
7.724696   652.436136   
7.728701   653.109569   
7.732705   653.783335   
7.736710   654.457434   
7.740714   655.131865   
7.744719   655.806630   
7.748723   656.481727   
7.752728   657.157157   
7.756732   657.832921   
7.760737   658.509017   
7.764741   659.185445   
7.768746   659.862207   
7.772750   660.539301   
7.776755   661.216729   
7.780759   661.894489   
7.784764   662.572582   
7.788768   663.251008   
7.792773   663.929766   
7.796777   664.608858   
7.800782   665.288282   
7.804786   665.968039   
7.808791   666.648128   
7.812795   667.328551   
7.816800   668.009306   
7.820804   668.690394   
7.824809   669.371815   
7.828813   670.053569   
7.832818   670.735655   
7.836822   671.418075   
7.840827   672.100826   
7.844831   672.783911   
7.848836   673.467328   
7.852840   674.151079   
7.856845   674.835161   
7.860849   675.519577   
7.864854   676.204325   
7.868858   676.889406   
7.872863   677.574820   
7.876867   678.260566   
7.880872   678.946645   
7.884876   679.633057   
7.888881   680.319802   
7.892885   681.006879   
7.896890   681.694289   
7.900894   682.382031   
7.904899   683.070106   
7.908903   683.758514   
7.912908   684.447255   
7.916912   685.136328   
7.920917   685.825733   
7.924921   686.515472   
7.928926   687.205543   
7.932930   687.895947   
7.936935   688.586683   
7.940939   689.277752   
7.944944   689.969153   
7.948949   690.660888   
7.952953   691.352954   
7.956958   692.045354   
7.960962   692.738086   
7.964967   693.431150   
7.968971   694.124547   
7.972976   694.818277   
7.976980   695.512339   
7.980985   696.206734   
7.984989   696.901462   
7.988994   697.596522   
7.992998   698.291914   
7.997003   698.987639   
8.001007   699.683697   
8.005012   700.380087   
