0.207938 0.017761 0.008982 0.004121 0.694977 0.006554 
0.215751 0.019054 0.009680 0.004428 0.720024 0.006980 
0.223563 0.020389 0.010406 0.004744 0.744997 0.007416 
0.231376 0.021765 0.011158 0.005071 0.769898 0.007864 
0.239189 0.023182 0.011937 0.005407 0.794726 0.008323 
0.247001 0.024640 0.012744 0.005753 0.819481 0.008794 
0.254814 0.026138 0.013578 0.006108 0.844165 0.009275 
0.262627 0.027677 0.014439 0.006473 0.868778 0.009767 
0.270440 0.029255 0.015327 0.006847 0.893319 0.010271 
0.278252 0.030873 0.016243 0.007230 0.917789 0.010785 
0.286065 0.032531 0.017186 0.007623 0.942189 0.011310 
0.293878 0.034227 0.018157 0.008024 0.966520 0.011846 
0.301690 0.035963 0.019156 0.008433 0.990780 0.012392 
0.309503 0.037738 0.020182 0.008852 1.014971 0.012950 
0.317316 0.039551 0.021236 0.009279 1.039094 0.013517 
0.325128 0.041402 0.022318 0.009714 1.063148 0.014096 
0.332941 0.043291 0.023428 0.010157 1.087133 0.014685 
0.340754 0.045219 0.024566 0.010608 1.111051 0.015285 
0.348567 0.047184 0.025732 0.011067 1.134901 0.015895 
0.356379 0.049186 0.026926 0.011534 1.158684 0.016515 
0.364192 0.051226 0.028148 0.012008 1.182400 0.017146 
0.372005 0.053303 0.029399 0.012490 1.206050 0.017788 
0.379817 0.055417 0.030678 0.012979 1.229633 0.018440 
0.387630 0.057568 0.031985 0.013475 1.253151 0.019102 
0.395443 0.059755 0.033321 0.013978 1.276603 0.019774 
0.403255 0.061979 0.034685 0.014488 1.299989 0.020457 
0.411068 0.064239 0.036078 0.015004 1.323311 0.021150 
0.418881 0.066535 0.037500 0.015527 1.346568 0.021854 
0.426694 0.068866 0.038950 0.016056 1.369762 0.022567 
0.434506 0.071234 0.040429 0.016592 1.392891 0.023291 
0.442319 0.073637 0.041937 0.017133 1.415956 0.024025 
0.450132 0.076075 0.043474 0.017680 1.438958 0.024770 
0.457944 0.078548 0.045040 0.018233 1.461897 0.025524 
0.465757 0.081057 0.046635 0.018791 1.484774 0.026289 
0.473570 0.083600 0.048259 0.019355 1.507588 0.027063 
0.481382 0.086178 0.049913 0.019924 1.530340 0.027848 
0.489195 0.088790 0.051595 0.020498 1.553030 0.028643 
0.497008 0.091437 0.053307 0.021078 1.575659 0.029448 
0.504821 0.094117 0.055049 0.021661 1.598227 0.030263 
0.512633 0.096832 0.056819 0.022250 1.620734 0.031088 
0.520446 0.099580 0.058620 0.022843 1.643180 0.031924 
0.528259 0.102362 0.060450 0.023440 1.665567 0.032769 
0.536071 0.105177 0.062309 0.024041 1.687893 0.033624 
0.543884 0.108026 0.064198 0.024647 1.710160 0.034489 
0.551697 0.110907 0.066117 0.025256 1.732368 0.035365 
0.559509 0.113822 0.068066 0.025869 1.754517 0.036250 
0.567322 0.116769 0.070044 0.026485 1.776607 0.037145 
0.575135 0.119748 0.072053 0.027105 1.798639 0.038051 
0.582948 0.122760 0.074091 0.027728 1.820613 0.038966 
0.590760 0.125804 0.076160 0.028355 1.842530 0.039891 
0.598573 0.128880 0.078258 0.028984 1.864389 0.040826 
0.606386 0.131988 0.080387 0.029616 1.886191 0.041772 
0.614198 0.135127 0.082546 0.030251 1.907937 0.042727 
0.622011 0.138297 0.084735 0.030888 1.929626 0.043692 
0.629824 0.141499 0.086955 0.031528 1.951259 0.044666 
0.637636 0.144732 0.089205 0.032170 1.972837 0.045651 
0.645449 0.147995 0.091485 0.032814 1.994359 0.046646 
0.653262 0.151289 0.093796 0.033460 2.015826 0.047651 
0.661075 0.154613 0.096137 0.034108 2.037238 0.048665 
0.668887 0.157967 0.098509 0.034758 2.058596 0.049690 
0.676700 0.161352 0.100912 0.035409 2.079900 0.050724 
0.684513 0.164766 0.103345 0.036062 2.101151 0.051768 
0.692325 0.168209 0.105809 0.036717 2.122348 0.052822 
0.700138 0.171682 0.108304 0.037372 2.143492 0.053886 
0.707951 0.175184 0.110830 0.038029 2.164583 0.054960 
0.715763 0.178715 0.113387 0.038686 2.185622 0.056044 
0.723576 0.182274 0.115974 0.039344 2.206609 0.057137 
0.731389 0.185862 0.118593 0.040004 2.227544 0.058241 
0.739202 0.189478 0.121243 0.040663 2.248427 0.059354 
0.747014 0.193122 0.123924 0.041324 2.269260 0.060477 
0.754827 0.196794 0.126636 0.041984 2.290042 0.061610 
0.762640 0.200493 0.129379 0.042645 2.310774 0.062752 
0.770452 0.204219 0.132153 0.043306 2.331456 0.063905 
0.778265 0.207973 0.134959 0.043968 2.352088 0.065067 
0.786078 0.211754 0.137796 0.044629 2.372671 0.066239 
0.793890 0.215561 0.140665 0.045290 2.393205 0.067421 
0.801703 0.219394 0.143565 0.045951 2.413690 0.068613 
0.809516 0.223254 0.146496 0.046611 2.434128 0.069815 
0.817329 0.227139 0.149459 0.047271 2.454517 0.071026 
0.825141 0.231050 0.152454 0.047930 2.474858 0.072247 
0.832954 0.234986 0.155480 0.048589 2.495153 0.073478 
0.840767 0.238948 0.158538 0.049247 2.515400 0.074719 
0.848579 0.242935 0.161628 0.049905 2.535601 0.075969 
0.856392 0.246946 0.164749 0.050561 2.555756 0.077229 
0.864205 0.250981 0.167903 0.051217 2.575865 0.078499 
0.872017 0.255041 0.171088 0.051871 2.595929 0.079779 
0.879830 0.259125 0.174305 0.052524 2.615948 0.081068 
0.887643 0.263232 0.177554 0.053176 2.635921 0.082367 
0.895456 0.267363 0.180835 0.053827 2.655851 0.083676 
0.903268 0.271517 0.184148 0.054476 2.675736 0.084995 
0.911081 0.275694 0.187493 0.055124 2.695577 0.086323 
0.918894 0.279894 0.190870 0.055770 2.715376 0.087661 
0.926706 0.284116 0.194279 0.056415 2.735131 0.089009 
0.934519 0.288360 0.197721 0.057058 2.754843 0.090366 
0.942332 0.292627 0.201195 0.057699 2.774513 0.091733 
0.950144 0.296914 0.204701 0.058339 2.794141 0.093110 
0.957957 0.301224 0.208239 0.058976 2.813728 0.094497 
0.965770 0.305554 0.211810 0.059612 2.833273 0.095893 
0.973582 0.309892 0.215412 0.060247 2.852790 0.097298 
0.981395 0.313885 0.219034 0.060908 2.872618 0.098701 
0.989208 0.317172 0.222666 0.061624 2.893104 0.100090 
0.997021 0.319831 0.226310 0.062390 2.914178 0.101467 
1.004833 0.322026 0.229973 0.063196 2.935683 0.102836 
1.012646 0.323884 0.233658 0.064032 2.957502 0.104202 
1.020459 0.325492 0.237368 0.064892 2.979556 0.105567 
1.028271 0.326906 0.241105 0.065772 3.001791 0.106932 
1.036084 0.328167 0.244869 0.066669 3.024169 0.108300 
1.043897 0.329304 0.248660 0.067581 3.046666 0.109670 
1.051709 0.330338 0.252480 0.068507 3.069262 0.111043 
1.059522 0.331285 0.256328 0.069446 3.091942 0.112420 
1.067335 0.332158 0.260204 0.070396 3.114694 0.113802 
1.075148 0.332966 0.264110 0.071358 3.137511 0.115187 
1.082960 0.333718 0.268043 0.072330 3.160385 0.116577 
1.090773 0.334420 0.272005 0.073313 3.183309 0.117972 
1.098586 0.335078 0.275996 0.074305 3.206281 0.119372 
1.106398 0.335696 0.280016 0.075307 3.229295 0.120777 
1.114211 0.336278 0.284064 0.076319 3.252348 0.122187 
1.122024 0.336828 0.288141 0.077339 3.275437 0.123602 
1.129836 0.337348 0.292246 0.078369 3.298560 0.125022 
1.137649 0.337842 0.296380 0.079407 3.321715 0.126447 
1.145462 0.338310 0.300543 0.080454 3.344900 0.127878 
1.153275 0.338755 0.304734 0.081510 3.368113 0.129314 
1.161087 0.339179 0.308954 0.082574 3.391352 0.130755 
1.168900 0.339583 0.313202 0.083647 3.414617 0.132202 
1.176713 0.339968 0.317479 0.084727 3.437907 0.133654 
1.184525 0.340337 0.321784 0.085817 3.461219 0.135111 
1.192338 0.340689 0.326117 0.086914 3.484555 0.136574 
1.200151 0.341027 0.330479 0.088019 3.507911 0.138042 
1.207963 0.341350 0.334869 0.089133 3.531289 0.139516 
1.215776 0.341660 0.339288 0.090254 3.554686 0.140995 
1.223589 0.341957 0.343735 0.091384 3.578103 0.142480 
1.231402 0.342243 0.348210 0.092522 3.601539 0.143970 
1.239214 0.342517 0.352713 0.093667 3.624994 0.145465 
1.247027 0.342781 0.357245 0.094820 3.648466 0.146966 
1.254840 0.343035 0.361805 0.095982 3.671955 0.148472 
1.262652 0.343280 0.366394 0.097151 3.695462 0.149983 
1.270465 0.343515 0.371010 0.098328 3.718985 0.151500 
1.278278 0.343742 0.375655 0.099513 3.742525 0.153023 
1.286090 0.343960 0.380328 0.100705 3.766080 0.154550 
1.293903 0.344171 0.385029 0.101905 3.789651 0.156084 
1.301716 0.344374 0.389758 0.103113 3.813237 0.157622 
1.309529 0.344570 0.394515 0.104329 3.836839 0.159166 
1.317341 0.344760 0.399301 0.105553 3.860455 0.160715 
1.325154 0.344943 0.404115 0.106784 3.884085 0.162270 
1.332967 0.345119 0.408956 0.108023 3.907730 0.163830 
1.340779 0.345290 0.413826 0.109270 3.931389 0.165395 
1.348592 0.345455 0.418724 0.110524 3.955062 0.166966 
1.356405 0.345615 0.423650 0.111786 3.978748 0.168542 
1.364217 0.345769 0.428604 0.113055 4.002448 0.170123 
1.372030 0.345918 0.433586 0.114333 4.026161 0.171709 
1.379843 0.346062 0.438596 0.115618 4.049888 0.173301 
1.387656 0.346202 0.443635 0.116910 4.073627 0.174898 
1.395468 0.346337 0.448701 0.118210 4.097379 0.176500 
1.403281 0.346468 0.453795 0.119518 4.121144 0.178108 
1.411094 0.346595 0.458917 0.120833 4.144921 0.179721 
1.418906 0.346717 0.464068 0.122156 4.168711 0.181339 
1.426719 0.346836 0.469246 0.123487 4.192513 0.182962 
1.434532 0.346951 0.474452 0.124825 4.216327 0.184591 
1.442344 0.347063 0.479687 0.126171 4.240154 0.186224 
1.450157 0.347171 0.484949 0.127524 4.263992 0.187863 
1.457970 0.347275 0.490239 0.128885 4.287842 0.189507 
1.465783 0.347377 0.495557 0.130253 4.311703 0.191157 
1.473595 0.347475 0.500903 0.131629 4.335577 0.192811 
1.481408 0.347570 0.506277 0.133013 4.359461 0.194471 
1.489221 0.347662 0.511679 0.134404 4.383358 0.196135 
1.497033 0.347752 0.517109 0.135803 4.407265 0.197805 
1.504846 0.347839 0.522567 0.137209 4.431184 0.199480 
1.512659 0.347923 0.528053 0.138623 4.455114 0.201160 
1.520471 0.348004 0.533567 0.140044 4.479055 0.202845 
1.528284 0.348083 0.539108 0.141473 4.503007 0.204536 
1.536097 0.348160 0.544678 0.142910 4.526970 0.206231 
1.543910 0.348234 0.550276 0.144354 4.550944 0.207931 
1.551722 0.348306 0.555901 0.145805 4.574929 0.209637 
1.559535 0.348376 0.561554 0.147264 4.598924 0.211347 
1.567348 0.348444 0.567236 0.148731 4.622930 0.213063 
1.575160 0.348509 0.572945 0.150205 4.646947 0.214783 
1.582973 0.348573 0.578682 0.151687 4.670974 0.216509 
1.590786 0.348634 0.584447 0.153176 4.695012 0.218239 
1.598598 0.348694 0.590239 0.154672 4.719060 0.219975 
1.606411 0.348752 0.596060 0.156177 4.743118 0.221715 
1.614224 0.348808 0.601909 0.157688 4.767187 0.223460 
1.622037 0.348862 0.607785 0.159208 4.791265 0.225211 
1.629849 0.348915 0.613690 0.160734 4.815354 0.226966 
1.637662 0.348966 0.619622 0.162269 4.839454 0.228726 
1.645475 0.349016 0.625582 0.163811 4.863563 0.230492 
1.653287 0.349064 0.631570 0.165360 4.887682 0.232262 
1.661100 0.349110 0.637586 0.166917 4.911811 0.234037 
1.668913 0.349155 0.643630 0.168481 4.935951 0.235817 
1.676725 0.349199 0.649701 0.170053 4.960100 0.237601 
1.684538 0.349241 0.655801 0.171632 4.984259 0.239391 
1.692351 0.349281 0.661928 0.173219 5.008427 0.241186 
1.700164 0.349321 0.668083 0.174814 5.032606 0.242985 
1.707976 0.349359 0.674266 0.176415 5.056794 0.244789 
1.715789 0.349396 0.680477 0.178025 5.080992 0.246598 
1.723602 0.349432 0.686716 0.179642 5.105199 0.248412 
1.731414 0.349466 0.692982 0.181266 5.129416 0.250231 
1.739227 0.349500 0.699277 0.182898 5.153643 0.252054 
1.747040 0.349532 0.705599 0.184538 5.177879 0.253883 
1.754852 0.349563 0.711949 0.186184 5.202125 0.255716 
1.762665 0.349593 0.718327 0.187839 5.226380 0.257554 
1.770478 0.349622 0.724733 0.189501 5.250644 0.259396 
1.778290 0.349650 0.731167 0.191170 5.274918 0.261244 
1.786103 0.349677 0.737628 0.192847 5.299201 0.263096 
1.793916 0.349704 0.744118 0.194532 5.323493 0.264953 
1.801729 0.349729 0.750635 0.196224 5.347795 0.266814 
1.809541 0.349753 0.757180 0.197923 5.372106 0.268681 
1.817354 0.349776 0.763753 0.199630 5.396426 0.270552 
1.825167 0.349799 0.770353 0.201344 5.420755 0.272427 
1.832979 0.349821 0.776982 0.203066 5.445093 0.274308 
1.840792 0.349841 0.783638 0.204796 5.469441 0.276193 
1.848605 0.349861 0.790323 0.206533 5.493797 0.278083 
1.856417 0.349881 0.797035 0.208277 5.518163 0.279977 
1.864230 0.349899 0.803775 0.210029 5.542538 0.281876 
1.872043 0.349917 0.810542 0.211788 5.566921 0.283780 
1.879856 0.349934 0.817338 0.213555 5.591314 0.285688 
1.887668 0.349950 0.824161 0.215330 5.615715 0.287601 
1.895481 0.349965 0.831012 0.217111 5.640125 0.289519 
1.903294 0.349980 0.837892 0.218901 5.664545 0.291441 
1.911106 0.349994 0.844798 0.220698 5.688973 0.293368 
1.918919 0.350008 0.851733 0.222502 5.713410 0.295299 
1.926732 0.350021 0.858696 0.224314 5.737855 0.297235 
1.934544 0.350033 0.865686 0.226133 5.762310 0.299176 
1.942357 0.350045 0.872704 0.227960 5.786773 0.301121 
1.950170 0.350056 0.879750 0.229794 5.811245 0.303071 
1.957983 0.350066 0.886824 0.231636 5.835725 0.305025 
1.965795 0.350076 0.893926 0.233486 5.860214 0.306984 
1.973608 0.350086 0.901055 0.235343 5.884712 0.308947 
1.981421 0.350094 0.908212 0.237207 5.909219 0.310915 
1.989233 0.350103 0.915398 0.239079 5.933734 0.312887 
1.997046 0.350110 0.922611 0.240958 5.958257 0.314864 
2.004859 0.350118 0.929851 0.242845 5.982789 0.316846 
2.012671 0.350124 0.937120 0.244739 6.007330 0.318831 
2.020484 0.350131 0.944416 0.246641 6.031879 0.320822 
2.028297 0.350137 0.951741 0.248550 6.056437 0.322817 
2.036110 0.350142 0.959093 0.250467 6.081003 0.324816 
2.043922 0.350147 0.966472 0.252391 6.105578 0.326820 
2.051735 0.350151 0.973880 0.254323 6.130161 0.328828 
2.059548 0.350155 0.981316 0.256262 6.154752 0.330840 
2.067360 0.350159 0.988779 0.258209 6.179352 0.332857 
2.075173 0.350162 0.996270 0.260163 6.203960 0.334879 
2.082986 0.350165 1.003789 0.262125 6.228576 0.336905 
2.090798 0.350167 1.011336 0.264094 6.253201 0.338935 
2.098611 0.350169 1.018911 0.266071 6.277834 0.340970 
2.106424 0.350171 1.026513 0.268055 6.302475 0.343009 
2.114237 0.350172 1.034143 0.270047 6.327124 0.345052 
2.122049 0.350173 1.041801 0.272046 6.351782 0.347100 
2.129862 0.350173 1.049487 0.274053 6.376448 0.349152 
2.137675 0.350173 1.057201 0.276067 6.401122 0.351209 
2.145487 0.350173 1.064942 0.278088 6.425805 0.353270 
2.153300 0.350173 1.072712 0.280118 6.450495 0.355335 
2.161113 0.350172 1.080509 0.282154 6.475194 0.357405 
2.168925 0.350171 1.088334 0.284198 6.499900 0.359479 
2.176738 0.350169 1.096187 0.286250 6.524615 0.361557 
2.184551 0.350167 1.104067 0.288309 6.549338 0.363639 
2.192364 0.350165 1.111976 0.290376 6.574069 0.365726 
2.200176 0.350163 1.119912 0.292450 6.598808 0.367817 
2.207989 0.350160 1.127876 0.294532 6.623555 0.369913 
2.215802 0.350157 1.135868 0.296621 6.648310 0.372013 
2.223614 0.350154 1.143888 0.298717 6.673073 0.374117 
2.231427 0.350150 1.151935 0.300821 6.697844 0.376225 
2.239240 0.350147 1.160010 0.302933 6.722623 0.378338 
2.247052 0.350143 1.168114 0.305052 6.747410 0.380455 
2.254865 0.350138 1.176245 0.307179 6.772205 0.382576 
2.262678 0.350134 1.184403 0.309313 6.797008 0.384701 
2.270491 0.350129 1.192590 0.311454 6.821818 0.386831 
2.278303 0.350124 1.200804 0.313603 6.846637 0.388964 
2.286116 0.350119 1.209047 0.315760 6.871463 0.391102 
2.293929 0.350113 1.217317 0.317924 6.896297 0.393245 
2.301741 0.350108 1.225615 0.320096 6.921140 0.395391 
2.309554 0.350102 1.233940 0.322275 6.945989 0.397542 
2.317367 0.350096 1.242294 0.324461 6.970847 0.399697 
2.325179 0.350089 1.250675 0.326655 6.995713 0.401856 
2.332992 0.350083 1.259084 0.328857 7.020586 0.404019 
2.340805 0.350076 1.267521 0.331066 7.045467 0.406186 
2.348618 0.350069 1.275986 0.333282 7.070356 0.408358 
2.356430 0.350062 1.284478 0.335506 7.095252 0.410533 
2.364243 0.350055 1.292999 0.337738 7.120156 0.412713 
2.372056 0.350047 1.301547 0.339977 7.145068 0.414897 
2.379868 0.350040 1.310123 0.342223 7.169988 0.417085 
2.387681 0.350032 1.318727 0.344477 7.194915 0.419278 
2.395494 0.350024 1.327359 0.346739 7.219850 0.421474 
2.403306 0.350016 1.336018 0.349008 7.244792 0.423675 
2.411119 0.350007 1.344705 0.351284 7.269742 0.425879 
2.418932 0.349999 1.353421 0.353568 7.294700 0.428088 
2.426745 0.349990 1.362164 0.355859 7.319665 0.430301 
2.434557 0.349981 1.370934 0.358158 7.344638 0.432518 
2.442370 0.349972 1.379733 0.360465 7.369619 0.434739 
2.450183 0.349963 1.388559 0.362779 7.394607 0.436964 
2.457995 0.349954 1.397414 0.365100 7.419602 0.439193 
2.465808 0.349944 1.406296 0.367429 7.444605 0.441426 
2.473621 0.349935 1.415205 0.369766 7.469616 0.443664 
2.481433 0.349925 1.424143 0.372110 7.494634 0.445905 
2.489246 0.349915 1.433109 0.374461 7.519660 0.448150 
2.497059 0.349905 1.442102 0.376820 7.544693 0.450400 
2.504872 0.349895 1.451123 0.379186 7.569733 0.452653 
2.512684 0.349885 1.460172 0.381560 7.594781 0.454911 
2.520497 0.349875 1.469249 0.383942 7.619837 0.457172 
2.528310 0.349864 1.478353 0.386331 7.644899 0.459438 
2.536122 0.349854 1.487486 0.388727 7.669970 0.461708 
2.543935 0.349843 1.496646 0.391131 7.695047 0.463981 
2.551748 0.349832 1.505834 0.393543 7.720132 0.466259 
2.559560 0.349821 1.515050 0.395961 7.745225 0.468540 
2.567373 0.349810 1.524293 0.398388 7.770325 0.470826 
2.575186 0.349799 1.533565 0.400822 7.795432 0.473115 
2.582998 0.349788 1.542864 0.403263 7.820546 0.475409 
2.590811 0.349776 1.552191 0.405712 7.845668 0.477706 
2.598624 0.349765 1.561546 0.408169 7.870797 0.480008 
2.606437 0.349753 1.570929 0.410632 7.895933 0.482313 
2.614249 0.349742 1.580340 0.413104 7.921077 0.484623 
2.622062 0.349730 1.589778 0.415583 7.946228 0.486936 
2.629875 0.349718 1.599244 0.418069 7.971386 0.489253 
2.637687 0.349706 1.608738 0.420563 7.996552 0.491574 
2.645500 0.349694 1.618260 0.423064 8.021725 0.493899 
2.653313 0.349682 1.627810 0.425573 8.046904 0.496228 
2.661125 0.349670 1.637388 0.428090 8.072092 0.498561 
2.668938 0.349658 1.646993 0.430614 8.097286 0.500898 
2.676751 0.349646 1.656626 0.433145 8.122488 0.503239 
2.684564 0.349633 1.666287 0.435684 8.147696 0.505584 
2.692376 0.349621 1.675976 0.438230 8.172912 0.507932 
2.700189 0.349608 1.685692 0.440784 8.198135 0.510285 
2.708002 0.349595 1.695437 0.443346 8.223366 0.512641 
2.715814 0.349583 1.705209 0.445915 8.248603 0.515001 
2.723627 0.349570 1.715009 0.448491 8.273848 0.517365 
2.731440 0.349557 1.724837 0.451075 8.299099 0.519733 
2.739252 0.349544 1.734693 0.453666 8.324358 0.522105 
2.747065 0.349531 1.744577 0.456265 8.349624 0.524480 
2.754878 0.349518 1.754488 0.458872 8.374897 0.526860 
2.762691 0.349505 1.764427 0.461486 8.400177 0.529243 
2.770503 0.349492 1.774394 0.464107 8.425464 0.531630 
2.778316 0.349479 1.784389 0.466736 8.450758 0.534021 
2.786129 0.349465 1.794412 0.469372 8.476060 0.536416 
2.793941 0.349452 1.804462 0.472016 8.501368 0.538815 
2.801754 0.349439 1.814541 0.474668 8.526683 0.541217 
2.809567 0.349425 1.824647 0.477327 8.552005 0.543624 
2.817379 0.349412 1.834781 0.479993 8.577335 0.546034 
2.825192 0.349398 1.844942 0.482667 8.602671 0.548448 
2.833005 0.349385 1.855132 0.485349 8.628014 0.550865 
2.840818 0.349371 1.865350 0.488038 8.653364 0.553287 
2.848630 0.349357 1.875595 0.490734 8.678722 0.555712 
2.856443 0.349344 1.885868 0.493438 8.704086 0.558141 
2.864256 0.349330 1.896169 0.496149 8.729457 0.560574 
2.872068 0.349316 1.906498 0.498868 8.754835 0.563010 
2.879881 0.349302 1.916854 0.501595 8.780220 0.565451 
2.887694 0.349288 1.927238 0.504329 8.805612 0.567895 
2.895506 0.349274 1.937651 0.507070 8.831011 0.570343 
2.903319 0.349260 1.948091 0.509819 8.856416 0.572794 
2.911132 0.349246 1.958559 0.512576 8.881829 0.575249 
2.918945 0.349232 1.969054 0.515340 8.907248 0.577708 
2.926757 0.349218 1.979578 0.518111 8.932675 0.580171 
2.934570 0.349204 1.990129 0.520890 8.958108 0.582638 
2.942383 0.349190 2.000708 0.523677 8.983548 0.585108 
2.950195 0.349176 2.011315 0.526471 9.008995 0.587582 
2.958008 0.349161 2.021950 0.529272 9.034449 0.590060 
2.965821 0.349147 2.032613 0.532081 9.059909 0.592541 
2.973633 0.349133 2.043303 0.534898 9.085376 0.595026 
2.981446 0.349118 2.054022 0.537722 9.110851 0.597515 
2.989259 0.349104 2.064768 0.540553 9.136332 0.600007 
2.997072 0.349090 2.075542 0.543393 9.161819 0.602503 
3.004884 0.349075 2.086343 0.546239 9.187314 0.605003 
3.012697 0.349061 2.097173 0.549093 9.212815 0.607507 
3.020510 0.349046 2.108031 0.551955 9.238323 0.610014 
3.028322 0.349032 2.118916 0.554824 9.263838 0.612525 
3.036135 0.349017 2.129829 0.557700 9.289359 0.615039 
3.043948 0.349003 2.140770 0.560584 9.314888 0.617558 
3.051760 0.348988 2.151739 0.563476 9.340423 0.620079 
3.059573 0.348973 2.162735 0.566375 9.365964 0.622605 
3.067386 0.348959 2.173760 0.569282 9.391513 0.625134 
3.075199 0.348944 2.184812 0.572196 9.417068 0.627667 
3.083011 0.348930 2.195892 0.575118 9.442630 0.630203 
3.090824 0.348915 2.207000 0.578047 9.468198 0.632743 
3.098637 0.348900 2.218135 0.580983 9.493773 0.635287 
3.106449 0.348885 2.229299 0.583927 9.519355 0.637834 
3.114262 0.348871 2.240490 0.586879 9.544943 0.640385 
3.122075 0.348856 2.251710 0.589838 9.570538 0.642939 
3.129887 0.348841 2.262957 0.592805 9.596140 0.645498 
3.137700 0.348826 2.274232 0.595779 9.621748 0.648059 
3.145513 0.348812 2.285534 0.598761 9.647363 0.650625 
3.153326 0.348797 2.296865 0.601750 9.672985 0.653193 
3.161138 0.348782 2.308223 0.604747 9.698613 0.655766 
3.168951 0.348767 2.319609 0.607751 9.724248 0.658342 
3.176764 0.348752 2.331023 0.610763 9.749889 0.660922 
3.184576 0.348737 2.342465 0.613782 9.775537 0.663505 
3.192389 0.348723 2.353935 0.616809 9.801192 0.666092 
3.200202 0.348708 2.365432 0.619843 9.826853 0.668682 
3.208014 0.348693 2.376958 0.622885 9.852520 0.671276 
3.215827 0.348678 2.388511 0.625934 9.878195 0.673873 
3.223640 0.348663 2.400092 0.628991 9.903875 0.676474 
3.231453 0.348648 2.411701 0.632055 9.929563 0.679079 
3.239265 0.348633 2.423337 0.635127 9.955256 0.681687 
3.247078 0.348618 2.435002 0.638206 9.980957 0.684299 
3.254891 0.348603 2.446694 0.641293 10.006663 0.686914 
3.262703 0.348588 2.458414 0.644387 10.032377 0.689533 
3.270516 0.348573 2.470162 0.647489 10.058096 0.692155 
3.278329 0.348558 2.481938 0.650599 10.083823 0.694781 
3.286141 0.348543 2.493742 0.653715 10.109555 0.697410 
3.293954 0.348528 2.505573 0.656840 10.135295 0.700043 
3.301767 0.348513 2.517433 0.659972 10.161040 0.702679 
3.309580 0.348498 2.529320 0.663111 10.186792 0.705319 
3.317392 0.348483 2.541235 0.666258 10.212551 0.707962 
3.325205 0.348468 2.553178 0.669412 10.238316 0.710609 
3.333018 0.348453 2.565148 0.672574 10.264087 0.713259 
3.340830 0.348438 2.577147 0.675744 10.289865 0.715913 
3.348643 0.348423 2.589173 0.678921 10.315649 0.718570 
3.356456 0.348408 2.601227 0.682105 10.341440 0.721231 
3.364268 0.348393 2.613309 0.685297 10.367237 0.723895 
3.372081 0.348378 2.625419 0.688497 10.393041 0.726563 
3.379894 0.348363 2.637557 0.691704 10.418851 0.729234 
3.387706 0.348348 2.649722 0.694918 10.444667 0.731908 
3.395519 0.348333 2.661916 0.698140 10.470489 0.734587 
3.403332 0.348318 2.674137 0.701370 10.496318 0.737268 
3.411145 0.348303 2.686386 0.704607 10.522154 0.739953 
3.418957 0.348288 2.698663 0.707851 10.547995 0.742641 
3.426770 0.348273 2.710967 0.711104 10.573843 0.745333 
3.434583 0.348258 2.723300 0.714363 10.599698 0.748028 
3.442395 0.348243 2.735660 0.717630 10.625558 0.750727 
3.450208 0.348228 2.748048 0.720905 10.651425 0.753429 
3.458021 0.348213 2.760464 0.724187 10.677299 0.756135 
3.465833 0.348198 2.772908 0.727477 10.703178 0.758844 
3.473646 0.348183 2.785380 0.730774 10.729064 0.761556 
3.481459 0.348168 2.797879 0.734079 10.754956 0.764272 
3.489272 0.348153 2.810406 0.737391 10.780855 0.766991 
3.497084 0.348138 2.822962 0.740710 10.806760 0.769714 
3.504897 0.348123 2.835545 0.744038 10.832671 0.772440 
3.512710 0.348108 2.848156 0.747372 10.858588 0.775169 
3.520522 0.348093 2.860794 0.750715 10.884511 0.777902 
3.528335 0.348078 2.873461 0.754065 10.910441 0.780638 
3.536148 0.348063 2.886155 0.757422 10.936377 0.783378 
3.543960 0.348048 2.898877 0.760787 10.962319 0.786121 
3.551773 0.348033 2.911627 0.764159 10.988268 0.788867 
3.559586 0.348018 2.924405 0.767539 11.014223 0.791617 
3.567399 0.348003 2.937211 0.770926 11.040184 0.794370 
3.575211 0.347989 2.950044 0.774321 11.066151 0.797127 
3.583024 0.347974 2.962906 0.777723 11.092124 0.799886 
3.590837 0.347959 2.975795 0.781133 11.118104 0.802650 
3.598649 0.347944 2.988712 0.784551 11.144089 0.805416 
3.606462 0.347929 3.001657 0.787976 11.170081 0.808186 
3.614275 0.347914 3.014630 0.791408 11.196079 0.810959 
3.622087 0.347899 3.027630 0.794848 11.222084 0.813736 
3.629900 0.347884 3.040659 0.798295 11.248094 0.816516 
3.637713 0.347869 3.053715 0.801750 11.274111 0.819299 
3.645526 0.347854 3.066799 0.805213 11.300134 0.822086 
3.653338 0.347840 3.079911 0.808683 11.326162 0.824875 
3.661151 0.347825 3.093050 0.812161 11.352197 0.827669 
3.668964 0.347810 3.106218 0.815646 11.378239 0.830465 
3.676776 0.347795 3.119413 0.819138 11.404286 0.833265 
3.684589 0.347780 3.132637 0.822638 11.430339 0.836068 
3.692402 0.347765 3.145888 0.826146 11.456399 0.838875 
3.700214 0.347751 3.159167 0.829661 11.482464 0.841685 
3.708027 0.347736 3.172473 0.833184 11.508536 0.844498 
3.715840 0.347721 3.185808 0.836714 11.534614 0.847314 
3.723653 0.347706 3.199171 0.840251 11.560698 0.850134 
3.731465 0.347691 3.212561 0.843797 11.586788 0.852957 
3.739278 0.347677 3.225979 0.847349 11.612884 0.855783 
3.747091 0.347662 3.239425 0.850910 11.638986 0.858612 
3.754903 0.347647 3.252899 0.854477 11.665094 0.861445 
3.762716 0.347633 3.266400 0.858053 11.691208 0.864281 
3.770529 0.347618 3.279930 0.861635 11.717328 0.867121 
3.778341 0.347603 3.293487 0.865226 11.743455 0.869963 
3.786154 0.347588 3.307072 0.868824 11.769587 0.872809 
3.793967 0.347574 3.320685 0.872429 11.795725 0.875658 
3.801780 0.347559 3.334326 0.876042 11.821870 0.878511 
3.809592 0.347544 3.347995 0.879662 11.848020 0.881366 
3.817405 0.347530 3.361691 0.883290 11.874177 0.884225 
3.825218 0.347515 3.375416 0.886925 11.900339 0.887088 
3.833030 0.347501 3.389168 0.890568 11.926508 0.889953 
3.840843 0.347486 3.402948 0.894219 11.952682 0.892822 
3.848656 0.347471 3.416756 0.897877 11.978862 0.895694 
3.856468 0.347457 3.430592 0.901542 12.005049 0.898569 
3.864281 0.347442 3.444455 0.905215 12.031241 0.901447 
3.872094 0.347428 3.458346 0.908896 12.057440 0.904329 
3.879907 0.347413 3.472266 0.912584 12.083644 0.907213 
3.887719 0.347399 3.486213 0.916280 12.109854 0.910101 
3.895532 0.347384 3.500188 0.919983 12.136070 0.912993 
3.903345 0.347370 3.514190 0.923693 12.162293 0.915887 
3.911157 0.347355 3.528221 0.927411 12.188521 0.918785 
3.918970 0.347341 3.542280 0.931137 12.214755 0.921686 
3.926783 0.347326 3.556366 0.934870 12.240995 0.924590 
3.934595 0.347312 3.570480 0.938611 12.267241 0.927497 
3.942408 0.347297 3.584622 0.942359 12.293492 0.930407 
3.950221 0.347283 3.598792 0.946115 12.319750 0.933321 
3.958034 0.347268 3.612989 0.949878 12.346014 0.936238 
3.965846 0.347254 3.627215 0.953649 12.372283 0.939158 
3.973659 0.347240 3.641468 0.957427 12.398559 0.942081 
3.981472 0.347225 3.655749 0.961213 12.424840 0.945008 
3.989284 0.347211 3.670058 0.965006 12.451127 0.947937 
3.997097 0.347197 3.684395 0.968807 12.477420 0.950870 
4.004910 0.347182 3.698760 0.972616 12.503719 0.953806 
4.012722 0.347168 3.713152 0.976431 12.530024 0.956745 
4.020535 0.347154 3.727573 0.980255 12.556335 0.959687 
4.028348 0.347139 3.742021 0.984086 12.582651 0.962633 
4.036161 0.347125 3.756497 0.987924 12.608974 0.965581 
4.043973 0.347111 3.771001 0.991770 12.635302 0.968533 
4.051786 0.347097 3.785533 0.995624 12.661636 0.971488 
4.059599 0.347082 3.800092 0.999485 12.687976 0.974446 
4.067411 0.347068 3.814680 1.003353 12.714321 0.977407 
4.075224 0.347054 3.829295 1.007229 12.740673 0.980371 
4.083037 0.347040 3.843938 1.011113 12.767030 0.983339 
4.090849 0.347026 3.858609 1.015004 12.793394 0.986309 
4.098662 0.347012 3.873308 1.018903 12.819763 0.989283 
4.106475 0.346997 3.888035 1.022809 12.846137 0.992260 
4.114288 0.346983 3.902789 1.026723 12.872518 0.995240 
4.122100 0.346969 3.917571 1.030644 12.898904 0.998223 
4.129913 0.346955 3.932382 1.034573 12.925296 1.001209 
4.137726 0.346941 3.947220 1.038509 12.951694 1.004198 
4.145538 0.346927 3.962086 1.042453 12.978098 1.007191 
4.153351 0.346913 3.976979 1.046404 13.004508 1.010186 
4.161164 0.346899 3.991901 1.050363 13.030923 1.013185 
4.168976 0.346885 4.006850 1.054329 13.057344 1.016186 
4.176789 0.346871 4.021827 1.058303 13.083771 1.019191 
4.184602 0.346857 4.036833 1.062284 13.110203 1.022199 
4.192414 0.346843 4.051865 1.066273 13.136641 1.025210 
4.200227 0.346829 4.066926 1.070270 13.163085 1.028224 
4.208040 0.346815 4.082015 1.074274 13.189535 1.031241 
4.215853 0.346801 4.097131 1.078285 13.215990 1.034262 
4.223665 0.346787 4.112276 1.082304 13.242452 1.037285 
4.231478 0.346774 4.127448 1.086331 13.268918 1.040311 
4.239291 0.346760 4.142648 1.090365 13.295391 1.043341 
4.247103 0.346746 4.157876 1.094407 13.321869 1.046374 
4.254916 0.346732 4.173131 1.098456 13.348353 1.049409 
4.262729 0.346718 4.188415 1.102512 13.374843 1.052448 
4.270541 0.346704 4.203726 1.106576 13.401338 1.055490 
4.278354 0.346691 4.219065 1.110648 13.427839 1.058534 
4.286167 0.346677 4.234432 1.114727 13.454346 1.061582 
4.293980 0.346663 4.249827 1.118814 13.480859 1.064633 
4.301792 0.346649 4.265250 1.122908 13.507377 1.067687 
4.309605 0.346636 4.280701 1.127010 13.533900 1.070744 
4.317418 0.346622 4.296179 1.131119 13.560430 1.073804 
4.325230 0.346608 4.311685 1.135236 13.586965 1.076867 
4.333043 0.346595 4.327220 1.139361 13.613506 1.079934 
4.340856 0.346581 4.342782 1.143492 13.640052 1.083003 
4.348668 0.346567 4.358371 1.147632 13.666604 1.086075 
4.356481 0.346554 4.373989 1.151779 13.693162 1.089150 
4.364294 0.346540 4.389635 1.155933 13.719725 1.092229 
4.372107 0.346527 4.405308 1.160095 13.746294 1.095310 
4.379919 0.346513 4.421009 1.164265 13.772868 1.098394 
4.387732 0.346500 4.436738 1.168442 13.799448 1.101481 
4.395545 0.346486 4.452495 1.172626 13.826034 1.104572 
4.403357 0.346473 4.468280 1.176818 13.852626 1.107665 
4.411170 0.346459 4.484092 1.181018 13.879223 1.110762 
4.418983 0.346446 4.499933 1.185225 13.905825 1.113861 
4.426795 0.346432 4.515801 1.189440 13.932433 1.116963 
4.434608 0.346419 4.531697 1.193662 13.959047 1.120069 
4.442421 0.346405 4.547621 1.197892 13.985666 1.123177 
4.450234 0.346392 4.563573 1.202129 14.012291 1.126288 
4.458046 0.346378 4.579553 1.206374 14.038922 1.129403 
4.465859 0.346365 4.595560 1.210626 14.065558 1.132520 
4.473672 0.346352 4.611596 1.214886 14.092199 1.135641 
4.481484 0.346338 4.627659 1.219153 14.118846 1.138764 
4.489297 0.346325 4.643750 1.223428 14.145499 1.141890 
4.497110 0.346312 4.659869 1.227711 14.172157 1.145019 
4.504922 0.346298 4.676016 1.232001 14.198821 1.148152 
4.512735 0.346285 4.692190 1.236298 14.225491 1.151287 
4.520548 0.346272 4.708393 1.240603 14.252165 1.154425 
4.528361 0.346259 4.724623 1.244915 14.278846 1.157566 
4.536173 0.346246 4.740881 1.249235 14.305532 1.160710 
4.543986 0.346232 4.757167 1.253563 14.332223 1.163857 
4.551799 0.346219 4.773481 1.257898 14.358920 1.167008 
4.559611 0.346206 4.789822 1.262241 14.385623 1.170161 
4.567424 0.346193 4.806192 1.266591 14.412331 1.173316 
4.575237 0.346180 4.822589 1.270949 14.439044 1.176475 
4.583049 0.346167 4.839015 1.275314 14.465763 1.179637 
4.590862 0.346153 4.855468 1.279687 14.492488 1.182802 
4.598675 0.346140 4.871949 1.284067 14.519218 1.185970 
4.606488 0.346127 4.888457 1.288455 14.545953 1.189140 
4.614300 0.346114 4.904994 1.292850 14.572694 1.192314 
4.622113 0.346101 4.921558 1.297253 14.599441 1.195491 
4.629926 0.346088 4.938151 1.301663 14.626192 1.198670 
4.637738 0.346075 4.954771 1.306081 14.652950 1.201853 
4.645551 0.346062 4.971419 1.310506 14.679713 1.205038 
4.653364 0.346049 4.988095 1.314939 14.706481 1.208226 
4.661176 0.346036 5.004798 1.319380 14.733255 1.211417 
4.668989 0.346023 5.021530 1.323828 14.760034 1.214611 
4.676802 0.346011 5.038289 1.328283 14.786818 1.217808 
4.684615 0.345998 5.055077 1.332747 14.813609 1.221008 
4.692427 0.345985 5.071892 1.337217 14.840404 1.224211 
4.700240 0.345972 5.088735 1.341695 14.867205 1.227417 
4.708053 0.345959 5.105605 1.346181 14.894011 1.230625 
4.715865 0.345946 5.122504 1.350674 14.920823 1.233837 
4.723678 0.345933 5.139430 1.355175 14.947640 1.237051 
4.731491 0.345921 5.156385 1.359683 14.974463 1.240269 
4.739303 0.345908 5.173367 1.364199 15.001291 1.243489 
4.747116 0.345895 5.190377 1.368722 15.028124 1.246712 
4.754929 0.345882 5.207415 1.373253 15.054963 1.249938 
4.762742 0.345870 5.224481 1.377791 15.081807 1.253167 
4.770554 0.345857 5.241574 1.382337 15.108657 1.256399 
4.778367 0.345844 5.258696 1.386891 15.135512 1.259634 
4.786180 0.345832 5.275845 1.391452 15.162372 1.262871 
4.793992 0.345819 5.293022 1.396020 15.189238 1.266111 
4.801805 0.345806 5.310227 1.400596 15.216109 1.269355 
4.809618 0.345794 5.327460 1.405180 15.242986 1.272601 
4.817430 0.345781 5.344720 1.409771 15.269868 1.275850 
4.825243 0.345769 5.362009 1.414369 15.296755 1.279102 
4.833056 0.345756 5.379325 1.418975 15.323648 1.282357 
4.840869 0.345744 5.396670 1.423589 15.350546 1.285614 
4.848681 0.345731 5.414042 1.428210 15.377449 1.288875 
4.856494 0.345718 5.431442 1.432839 15.404358 1.292138 
4.864307 0.345706 5.448869 1.437475 15.431272 1.295404 
4.872119 0.345693 5.466325 1.442119 15.458191 1.298673 
4.879932 0.345681 5.483808 1.446770 15.485116 1.301945 
4.887745 0.345669 5.501320 1.451429 15.512046 1.305220 
4.895557 0.345656 5.518859 1.456096 15.538981 1.308497 
4.903370 0.345644 5.536426 1.460769 15.565922 1.311778 
4.911183 0.345631 5.554021 1.465451 15.592868 1.315061 
4.918996 0.345619 5.571643 1.470140 15.619819 1.318347 
4.926808 0.345607 5.589294 1.474836 15.646775 1.321636 
4.934621 0.345594 5.606972 1.479540 15.673737 1.324928 
4.942434 0.345582 5.624679 1.484252 15.700704 1.328222 
4.950246 0.345570 5.642413 1.488971 15.727677 1.331520 
4.958059 0.345557 5.660175 1.493698 15.754655 1.334820 
4.965872 0.345545 5.677965 1.498432 15.781638 1.338123 
4.973684 0.345533 5.695782 1.503173 15.808626 1.341429 
4.981497 0.345521 5.713628 1.507923 15.835620 1.344738 
4.989310 0.345508 5.731501 1.512679 15.862619 1.348049 
4.997122 0.345496 5.749402 1.517444 15.889623 1.351363 
5.004935 0.345484 5.767331 1.522215 15.916632 1.354680 
5.012748 0.345472 5.785288 1.526995 15.943647 1.358000 
5.020561 0.345460 5.803273 1.531782 15.970667 1.361323 
5.028373 0.345448 5.821286 1.536576 15.997692 1.364649 
5.036186 0.345435 5.839326 1.541378 16.024723 1.367977 
5.043999 0.345423 5.857394 1.546187 16.051758 1.371308 
5.051811 0.345411 5.875491 1.551004 16.078799 1.374642 
5.059624 0.345399 5.893615 1.555829 16.105845 1.377979 
5.067437 0.345387 5.911766 1.560661 16.132897 1.381318 
5.075249 0.345375 5.929946 1.565501 16.159954 1.384660 
5.083062 0.345363 5.948154 1.570348 16.187015 1.388006 
5.090875 0.345351 5.966389 1.575202 16.214083 1.391353 
5.098688 0.345339 5.984652 1.580065 16.241155 1.394704 
5.106500 0.345327 6.002944 1.584934 16.268233 1.398057 
5.114313 0.345315 6.021263 1.589812 16.295315 1.401414 
5.122126 0.345303 6.039609 1.594696 16.322403 1.404773 
5.129938 0.345291 6.057984 1.599589 16.349496 1.408134 
5.137751 0.345279 6.076387 1.604489 16.376595 1.411499 
5.145564 0.345268 6.094817 1.609396 16.403698 1.414866 
5.153376 0.345256 6.113275 1.614311 16.430807 1.418236 
5.161189 0.345244 6.131761 1.619233 16.457921 1.421609 
5.169002 0.345232 6.150275 1.624163 16.485040 1.424984 
5.176815 0.345220 6.168817 1.629101 16.512165 1.428363 
5.184627 0.345208 6.187387 1.634046 16.539294 1.431744 
5.192440 0.345197 6.205984 1.638998 16.566429 1.435128 
5.200253 0.345185 6.224609 1.643959 16.593569 1.438514 
5.208065 0.345173 6.243263 1.648926 16.620714 1.441903 
5.215878 0.345161 6.261944 1.653901 16.647864 1.445295 
5.223691 0.345150 6.280652 1.658884 16.675019 1.448690 
5.231503 0.345138 6.299389 1.663874 16.702180 1.452088 
5.239316 0.345126 6.318154 1.668872 16.729346 1.455488 
5.247129 0.345115 6.336946 1.673877 16.756516 1.458891 
5.254942 0.345103 6.355767 1.678890 16.783692 1.462297 
5.262754 0.345091 6.374615 1.683911 16.810873 1.465705 
5.270567 0.345080 6.393491 1.688939 16.838060 1.469116 
5.278380 0.345068 6.412395 1.693974 16.865251 1.472530 
5.286192 0.345056 6.431326 1.699017 16.892448 1.475947 
5.294005 0.345045 6.450286 1.704067 16.919649 1.479366 
5.301818 0.345033 6.469273 1.709126 16.946856 1.482789 
5.309630 0.345022 6.488289 1.714191 16.974068 1.486213 
5.317443 0.345010 6.507332 1.719264 17.001285 1.489641 
5.325256 0.344999 6.526403 1.724345 17.028507 1.493071 
5.333069 0.344987 6.545501 1.729433 17.055734 1.496504 
5.340881 0.344976 6.564628 1.734529 17.082966 1.499940 
5.348694 0.344964 6.583783 1.739632 17.110204 1.503378 
5.356507 0.344953 6.602965 1.744743 17.137446 1.506819 
5.364319 0.344942 6.622175 1.749861 17.164694 1.510263 
5.372132 0.344930 6.641413 1.754987 17.191946 1.513709 
5.379945 0.344919 6.660679 1.760120 17.219204 1.517159 
5.387757 0.344907 6.679973 1.765261 17.246467 1.520611 
5.395570 0.344896 6.699295 1.770410 17.273735 1.524065 
5.403383 0.344885 6.718644 1.775566 17.301008 1.527522 
5.411196 0.344873 6.738021 1.780729 17.328286 1.530982 
5.419008 0.344862 6.757427 1.785900 17.355569 1.534445 
5.426821 0.344851 6.776860 1.791079 17.382857 1.537910 
5.434634 0.344839 6.796321 1.796265 17.410151 1.541378 
5.442446 0.344828 6.815809 1.801459 17.437449 1.544849 
5.450259 0.344817 6.835326 1.806660 17.464752 1.548322 
5.458072 0.344806 6.854870 1.811869 17.492061 1.551798 
5.465884 0.344794 6.874443 1.817085 17.519374 1.555277 
5.473697 0.344783 6.894043 1.822309 17.546693 1.558759 
5.481510 0.344772 6.913671 1.827540 17.574016 1.562243 
5.489323 0.344761 6.933327 1.832779 17.601345 1.565729 
5.497135 0.344750 6.953010 1.838025 17.628679 1.569219 
5.504948 0.344739 6.972722 1.843279 17.656017 1.572711 
5.512761 0.344727 6.992462 1.848541 17.683361 1.576206 
5.520573 0.344716 7.012229 1.853810 17.710710 1.579703 
5.528386 0.344705 7.032024 1.859086 17.738063 1.583203 
5.536199 0.344694 7.051847 1.864371 17.765422 1.586706 
5.544011 0.344683 7.071698 1.869662 17.792786 1.590211 
5.551824 0.344672 7.091576 1.874961 17.820155 1.593719 
5.559637 0.344661 7.111483 1.880268 17.847528 1.597230 
5.567450 0.344650 7.131417 1.885582 17.874907 1.600743 
5.575262 0.344639 7.151380 1.890904 17.902291 1.604259 
5.583075 0.344628 7.171370 1.896233 17.929680 1.607778 
5.590888 0.344617 7.191388 1.901570 17.957074 1.611299 
5.598700 0.344606 7.211434 1.906915 17.984472 1.614823 
5.606513 0.344595 7.231507 1.912266 18.011876 1.618349 
5.614326 0.344584 7.251609 1.917626 18.039285 1.621878 
5.622138 0.344573 7.271738 1.922993 18.066698 1.625410 
5.629951 0.344563 7.291895 1.928367 18.094117 1.628944 
5.637764 0.344552 7.312080 1.933749 18.121541 1.632482 
5.645577 0.344541 7.332293 1.939139 18.148969 1.636021 
5.653389 0.344530 7.352534 1.944536 18.176403 1.639563 
5.661202 0.344519 7.372803 1.949941 18.203841 1.643108 
5.669015 0.344508 7.393099 1.955353 18.231285 1.646656 
5.676827 0.344498 7.413424 1.960773 18.258733 1.650206 
5.684640 0.344487 7.433776 1.966200 18.286187 1.653759 
5.692453 0.344476 7.454156 1.971635 18.313645 1.657314 
5.700265 0.344465 7.474564 1.977077 18.341108 1.660872 
5.708078 0.344455 7.495000 1.982527 18.368577 1.664433 
5.715891 0.344444 7.515463 1.987985 18.396050 1.667996 
5.723704 0.344433 7.535955 1.993450 18.423528 1.671562 
5.731516 0.344422 7.556474 1.998922 18.451011 1.675130 
5.739329 0.344412 7.577021 2.004402 18.478499 1.678701 
5.747142 0.344401 7.597596 2.009890 18.505992 1.682275 
5.754954 0.344390 7.618199 2.015385 18.533490 1.685851 
5.762767 0.344380 7.638830 2.020887 18.560992 1.689430 
5.770580 0.344369 7.659488 2.026398 18.588500 1.693011 
5.778392 0.344359 7.680175 2.031915 18.616012 1.696595 
5.786205 0.344348 7.700889 2.037441 18.643530 1.700182 
5.794018 0.344337 7.721631 2.042973 18.671052 1.703771 
5.801830 0.344327 7.742401 2.048514 18.698580 1.707363 
5.809643 0.344316 7.763199 2.054062 18.726112 1.710957 
5.817456 0.344306 7.784025 2.059617 18.753649 1.714554 
5.825269 0.344295 7.804879 2.065180 18.781191 1.718154 
5.833081 0.344285 7.825760 2.070750 18.808738 1.721756 
5.840894 0.344274 7.846669 2.076328 18.836289 1.725361 
5.848707 0.344264 7.867606 2.081914 18.863846 1.728968 
5.856519 0.344253 7.888571 2.087507 18.891407 1.732578 
5.864332 0.344243 7.909564 2.093108 18.918974 1.736190 
5.872145 0.344233 7.930585 2.098716 18.946545 1.739805 
5.879957 0.344222 7.951634 2.104332 18.974121 1.743423 
5.887770 0.344212 7.972710 2.109955 19.001702 1.747043 
5.895583 0.344201 7.993814 2.115586 19.029288 1.750666 
5.903396 0.344191 8.014946 2.121224 19.056879 1.754291 
5.911208 0.344181 8.036106 2.126870 19.084474 1.757919 
5.919021 0.344170 8.057294 2.132523 19.112075 1.761549 
5.926834 0.344160 8.078510 2.138184 19.139680 1.765182 
5.934646 0.344150 8.099753 2.143853 19.167290 1.768817 
5.942459 0.344139 8.121025 2.149529 19.194905 1.772455 
5.950272 0.344129 8.142324 2.155212 19.222525 1.776096 
5.958084 0.344119 8.163651 2.160903 19.250150 1.779739 
5.965897 0.344109 8.185006 2.166602 19.277779 1.783385 
5.973710 0.344098 8.206389 2.172308 19.305413 1.787033 
5.981523 0.344088 8.227800 2.178022 19.333053 1.790684 
5.989335 0.344078 8.249238 2.183743 19.360696 1.794337 
5.997148 0.344068 8.270705 2.189472 19.388345 1.797993 
6.004961 0.344058 8.292199 2.195208 19.415999 1.801651 
6.012773 0.344047 8.313721 2.200952 19.443657 1.805312 
6.020586 0.344037 8.335271 2.206703 19.471321 1.808976 
6.028399 0.344027 8.356849 2.212462 19.498989 1.812642 
6.036211 0.344017 8.378454 2.218229 19.526662 1.816310 
6.044024 0.344007 8.400088 2.224003 19.554339 1.819981 
6.051837 0.343997 8.421749 2.229784 19.582022 1.823655 
6.059650 0.343987 8.443439 2.235573 19.609709 1.827331 
6.067462 0.343977 8.465156 2.241370 19.637401 1.831009 
6.075275 0.343967 8.486901 2.247174 19.665098 1.834690 
6.083088 0.343957 8.508673 2.252986 19.692800 1.838374 
6.090900 0.343947 8.530474 2.258805 19.720506 1.842060 
6.098713 0.343937 8.552303 2.264632 19.748217 1.845749 
6.106526 0.343927 8.574159 2.270466 19.775933 1.849440 
6.114338 0.343917 8.596043 2.276308 19.803654 1.853134 
6.122151 0.343907 8.617955 2.282157 19.831380 1.856830 
6.129964 0.343897 8.639895 2.288014 19.859110 1.860529 
6.137777 0.343887 8.661863 2.293879 19.886845 1.864230 
6.145589 0.343877 8.683859 2.299751 19.914585 1.867934 
6.153402 0.343867 8.705882 2.305630 19.942330 1.871640 
6.161215 0.343857 8.727933 2.311518 19.970079 1.875349 
6.169027 0.343847 8.750013 2.317412 19.997833 1.879060 
6.176840 0.343837 8.772120 2.323314 20.025592 1.882774 
6.184653 0.343827 8.794255 2.329224 20.053356 1.886490 
6.192465 0.343818 8.816417 2.335141 20.081124 1.890209 
6.200278 0.343808 8.838608 2.341066 20.108897 1.893930 
6.208091 0.343798 8.860826 2.346999 20.136675 1.897654 
6.215904 0.343788 8.883073 2.352938 20.164458 1.901380 
6.223716 0.343778 8.905347 2.358886 20.192245 1.905108 
6.231529 0.343769 8.927649 2.364841 20.220037 1.908840 
6.239342 0.343759 8.949979 2.370803 20.247834 1.912573 
6.247154 0.343749 8.972337 2.376773 20.275636 1.916309 
6.254967 0.343739 8.994722 2.382751 20.303442 1.920048 
6.262780 0.343730 9.017136 2.388736 20.331253 1.923789 
6.270592 0.343720 9.039577 2.394729 20.359069 1.927533 
6.278405 0.343710 9.062046 2.400729 20.386889 1.931279 
6.286218 0.343701 9.084543 2.406737 20.414714 1.935027 
6.294031 0.343691 9.107068 2.412752 20.442544 1.938778 
6.301843 0.343681 9.129621 2.418775 20.470379 1.942532 
6.309656 0.343672 9.152202 2.424805 20.498218 1.946287 
6.317469 0.343662 9.174810 2.430843 20.526062 1.950046 
6.325281 0.343652 9.197446 2.436888 20.553911 1.953807 
6.333094 0.343643 9.220111 2.442941 20.581764 1.957570 
6.340907 0.343633 9.242803 2.449002 20.609622 1.961336 
6.348719 0.343624 9.265523 2.455070 20.637485 1.965104 
6.356532 0.343614 9.288270 2.461146 20.665353 1.968875 
6.364345 0.343604 9.311046 2.467229 20.693225 1.972648 
6.372158 0.343595 9.333849 2.473319 20.721102 1.976423 
6.379970 0.343585 9.356681 2.479418 20.748983 1.980201 
6.387783 0.343576 9.379540 2.485523 20.776869 1.983982 
6.395596 0.343566 9.402427 2.491637 20.804760 1.987765 
6.403408 0.343557 9.425342 2.497757 20.832656 1.991550 
6.411221 0.343547 9.448285 2.503886 20.860556 1.995338 
6.419034 0.343538 9.471255 2.510022 20.888461 1.999128 
6.426846 0.343529 9.494254 2.516165 20.916370 2.002921 
6.434659 0.343519 9.517280 2.522316 20.944285 2.006716 
6.442472 0.343510 9.540334 2.528475 20.972204 2.010514 
6.450285 0.343500 9.563416 2.534641 21.000127 2.014314 
6.458097 0.343491 9.586526 2.540815 21.028055 2.018116 
6.465910 0.343482 9.609664 2.546996 21.055988 2.021921 
6.473723 0.343472 9.632829 2.553184 21.083926 2.025729 
6.481535 0.343463 9.656023 2.559381 21.111868 2.029538 
6.489348 0.343454 9.679244 2.565584 21.139814 2.033351 
6.497161 0.343444 9.702493 2.571796 21.167766 2.037165 
6.504973 0.343435 9.725770 2.578015 21.195722 2.040982 
6.512786 0.343426 9.749075 2.584241 21.223682 2.044802 
6.520599 0.343416 9.772408 2.590475 21.251648 2.048624 
6.528412 0.343407 9.795768 2.596717 21.279618 2.052448 
6.536224 0.343398 9.819157 2.602966 21.307592 2.056275 
6.544037 0.343388 9.842573 2.609222 21.335571 2.060104 
6.551850 0.343379 9.866017 2.615486 21.363555 2.063935 
6.559662 0.343370 9.889489 2.621758 21.391544 2.067769 
6.567475 0.343361 9.912989 2.628037 21.419537 2.071606 
6.575288 0.343352 9.936517 2.634324 21.447534 2.075445 
6.583100 0.343342 9.960073 2.640618 21.475536 2.079286 
6.590913 0.343333 9.983656 2.646920 21.503543 2.083129 
6.598726 0.343324 10.007267 2.653229 21.531555 2.086975 
6.606538 0.343315 10.030907 2.659546 21.559571 2.090824 
6.614351 0.343306 10.054574 2.665871 21.587591 2.094675 
6.622164 0.343297 10.078268 2.672203 21.615617 2.098528 
6.629977 0.343288 10.101991 2.678542 21.643646 2.102383 
6.637789 0.343278 10.125742 2.684889 21.671681 2.106241 
6.645602 0.343269 10.149520 2.691244 21.699720 2.110102 
6.653415 0.343260 10.173327 2.697606 21.727763 2.113965 
6.661227 0.343251 10.197161 2.703976 21.755812 2.117830 
6.669040 0.343242 10.221023 2.710353 21.783864 2.121697 
6.676853 0.343233 10.244913 2.716738 21.811922 2.125567 
6.684665 0.343224 10.268830 2.723130 21.839984 2.129440 
6.692478 0.343215 10.292776 2.729530 21.868050 2.133315 
6.700291 0.343206 10.316749 2.735938 21.896121 2.137192 
6.708104 0.343197 10.340751 2.742353 21.924197 2.141071 
6.715916 0.343188 10.364780 2.748775 21.952277 2.144953 
6.723729 0.343179 10.388837 2.755205 21.980362 2.148837 
6.731542 0.343170 10.412922 2.761643 22.008451 2.152724 
6.739354 0.343161 10.437035 2.768088 22.036545 2.156613 
6.747167 0.343152 10.461175 2.774540 22.064643 2.160504 
6.754980 0.343143 10.485344 2.781001 22.092746 2.164398 
6.762792 0.343135 10.509540 2.787468 22.120854 2.168294 
6.770605 0.343126 10.533764 2.793944 22.148966 2.172193 
6.778418 0.343117 10.558016 2.800427 22.177082 2.176094 
6.786231 0.343108 10.582296 2.806917 22.205203 2.179997 
6.794043 0.343099 10.606604 2.813415 22.233329 2.183903 
6.801856 0.343090 10.630939 2.819920 22.261459 2.187811 
6.809669 0.343081 10.655303 2.826433 22.289594 2.191721 
6.817481 0.343073 10.679694 2.832954 22.317733 2.195634 
6.825294 0.343064 10.704113 2.839482 22.345877 2.199549 
6.833107 0.343055 10.728560 2.846018 22.374025 2.203466 
6.840919 0.343046 10.753035 2.852561 22.402178 2.207386 
6.848732 0.343037 10.777538 2.859112 22.430336 2.211308 
6.856545 0.343029 10.802068 2.865670 22.458498 2.215233 
6.864358 0.343020 10.826627 2.872236 22.486664 2.219159 
6.872170 0.343011 10.851213 2.878809 22.514835 2.223089 
6.879983 0.343002 10.875827 2.885390 22.543010 2.227020 
6.887796 0.342994 10.900469 2.891978 22.571190 2.230954 
6.895608 0.342985 10.925139 2.898574 22.599375 2.234890 
6.903421 0.342976 10.949837 2.905178 22.627564 2.238829 
6.911234 0.342968 10.974563 2.911789 22.655757 2.242770 
6.919046 0.342959 10.999316 2.918408 22.683955 2.246713 
6.926859 0.342950 11.024097 2.925034 22.712157 2.250659 
6.934672 0.342942 11.048907 2.931667 22.740364 2.254607 
6.942485 0.342933 11.073744 2.938309 22.768576 2.258557 
6.950297 0.342924 11.098609 2.944958 22.796792 2.262509 
6.958110 0.342916 11.123501 2.951614 22.825012 2.266464 
6.965923 0.342907 11.148422 2.958278 22.853237 2.270422 
6.973735 0.342899 11.173370 2.964949 22.881466 2.274381 
6.981548 0.342890 11.198347 2.971628 22.909700 2.278343 
6.989361 0.342881 11.223351 2.978315 22.937938 2.282307 
6.997173 0.342873 11.248383 2.985009 22.966181 2.286274 
7.004986 0.342864 11.273443 2.991710 22.994428 2.290243 
7.012799 0.342856 11.298531 2.998419 23.022680 2.294214 
7.020612 0.342847 11.323646 3.005136 23.050936 2.298188 
7.028424 0.342839 11.348790 3.011860 23.079197 2.302164 
7.036237 0.342830 11.373961 3.018592 23.107462 2.306142 
7.044050 0.342822 11.399160 3.025331 23.135732 2.310122 
7.051862 0.342813 11.424387 3.032078 23.164006 2.314105 
7.059675 0.342805 11.449642 3.038833 23.192284 2.318090 
7.067488 0.342796 11.474925 3.045595 23.220567 2.322078 
7.075300 0.342788 11.500236 3.052364 23.248854 2.326067 
7.083113 0.342780 11.525574 3.059141 23.277146 2.330060 
7.090926 0.342771 11.550940 3.065926 23.305442 2.334054 
7.098739 0.342763 11.576335 3.072718 23.333743 2.338051 
7.106551 0.342754 11.601757 3.079517 23.362048 2.342050 
7.114364 0.342746 11.627207 3.086325 23.390358 2.346051 
7.122177 0.342738 11.652684 3.093139 23.418672 2.350054 
7.129989 0.342729 11.678190 3.099962 23.446990 2.354060 
7.137802 0.342721 11.703723 3.106792 23.475313 2.358069 
7.145615 0.342712 11.729285 3.113629 23.503640 2.362079 
7.153427 0.342704 11.754874 3.120474 23.531972 2.366092 
7.161240 0.342696 11.780491 3.127326 23.560308 2.370107 
7.169053 0.342688 11.806136 3.134186 23.588649 2.374124 
7.176866 0.342679 11.831809 3.141054 23.616994 2.378144 
7.184678 0.342671 11.857509 3.147929 23.645343 2.382166 
7.192491 0.342663 11.883238 3.154812 23.673697 2.386190 
7.200304 0.342654 11.908994 3.161702 23.702055 2.390217 
7.208116 0.342646 11.934778 3.168600 23.730418 2.394245 
7.215929 0.342638 11.960591 3.175505 23.758785 2.398277 
7.223742 0.342630 11.986430 3.182418 23.787156 2.402310 
7.231554 0.342621 12.012298 3.189338 23.815532 2.406346 
7.239367 0.342613 12.038194 3.196266 23.843912 2.410384 
7.247180 0.342605 12.064117 3.203201 23.872297 2.414424 
7.254993 0.342597 12.090069 3.210145 23.900686 2.418466 
7.262805 0.342589 12.116048 3.217095 23.929079 2.422511 
7.270618 0.342580 12.142055 3.224053 23.957477 2.426558 
7.278431 0.342572 12.168090 3.231019 23.985879 2.430607 
7.286243 0.342564 12.194153 3.237992 24.014286 2.434659 
7.294056 0.342556 12.220243 3.244973 24.042697 2.438713 
7.301869 0.342548 12.246362 3.251961 24.071112 2.442769 
7.309681 0.342540 12.272508 3.258957 24.099532 2.446827 
7.317494 0.342532 12.298683 3.265960 24.127956 2.450888 
7.325307 0.342524 12.324885 3.272971 24.156385 2.454951 
7.333120 0.342516 12.351115 3.279990 24.184817 2.459016 
7.340932 0.342507 12.377372 3.287016 24.213255 2.463084 
7.348745 0.342499 12.403658 3.294049 24.241696 2.467153 
7.356558 0.342491 12.429972 3.301090 24.270142 2.471225 
7.364370 0.342483 12.456313 3.308139 24.298592 2.475300 
7.372183 0.342475 12.482682 3.315195 24.327047 2.479376 
7.379996 0.342467 12.509079 3.322259 24.355506 2.483455 
7.387808 0.342459 12.535504 3.329330 24.383969 2.487536 
7.395621 0.342451 12.561957 3.336409 24.412437 2.491619 
7.403434 0.342443 12.588438 3.343495 24.440909 2.495705 
7.411246 0.342435 12.614946 3.350589 24.469386 2.499793 
7.419059 0.342427 12.641483 3.357690 24.497866 2.503883 
7.426872 0.342419 12.668047 3.364799 24.526352 2.507975 
7.434685 0.342411 12.694639 3.371916 24.554841 2.512069 
7.442497 0.342403 12.721259 3.379040 24.583335 2.516166 
7.450310 0.342396 12.747907 3.386172 24.611833 2.520265 
7.458123 0.342388 12.774583 3.393311 24.640335 2.524366 
7.465935 0.342380 12.801286 3.400458 24.668842 2.528470 
7.473748 0.342372 12.828018 3.407612 24.697353 2.532575 
7.481561 0.342364 12.854777 3.414774 24.725869 2.536683 
7.489373 0.342356 12.881564 3.421943 24.754388 2.540794 
7.497186 0.342348 12.908379 3.429120 24.782913 2.544906 
7.504999 0.342340 12.935222 3.436304 24.811441 2.549021 
7.512812 0.342332 12.962093 3.443496 24.839974 2.553138 
7.520624 0.342325 12.988991 3.450696 24.868511 2.557257 
7.528437 0.342317 13.015918 3.457903 24.897052 2.561378 
7.536250 0.342309 13.042872 3.465118 24.925598 2.565502 
7.544062 0.342301 13.069854 3.472340 24.954148 2.569627 
7.551875 0.342293 13.096864 3.479570 24.982702 2.573755 
7.559688 0.342286 13.123902 3.486807 25.011261 2.577886 
7.567500 0.342278 13.150968 3.494052 25.039824 2.582018 
7.575313 0.342270 13.178061 3.501304 25.068391 2.586153 
7.583126 0.342262 13.205183 3.508564 25.096962 2.590290 
7.590939 0.342255 13.232332 3.515831 25.125538 2.594429 
7.598751 0.342247 13.259509 3.523106 25.154118 2.598570 
7.606564 0.342239 13.286714 3.530389 25.182703 2.602714 
7.614377 0.342231 13.313947 3.537679 25.211291 2.606860 
7.622189 0.342224 13.341208 3.544977 25.239884 2.611008 
7.630002 0.342216 13.368496 3.552282 25.268481 2.615158 
7.637815 0.342208 13.395813 3.559595 25.297083 2.619310 
7.645627 0.342201 13.423157 3.566915 25.325689 2.623465 
7.653440 0.342193 13.450529 3.574243 25.354299 2.627622 
7.661253 0.342185 13.477929 3.581578 25.382913 2.631781 
7.669066 0.342178 13.505357 3.588921 25.411532 2.635942 
7.676878 0.342170 13.532813 3.596271 25.440155 2.640105 
7.684691 0.342162 13.560296 3.603629 25.468782 2.644271 
7.692504 0.342155 13.587808 3.610995 25.497413 2.648439 
7.700316 0.342147 13.615347 3.618368 25.526049 2.652609 
7.708129 0.342140 13.642914 3.625749 25.554689 2.656781 
7.715942 0.342132 13.670509 3.633137 25.583333 2.660956 
7.723754 0.342124 13.698132 3.640533 25.611982 2.665132 
7.731567 0.342117 13.725783 3.647936 25.640635 2.669311 
7.739380 0.342109 13.753462 3.655347 25.669292 2.673492 
7.747193 0.342102 13.781168 3.662765 25.697953 2.677675 
7.755005 0.342094 13.808903 3.670191 25.726619 2.681861 
7.762818 0.342087 13.836665 3.677624 25.755288 2.686048 
7.770631 0.342079 13.864455 3.685066 25.783962 2.690238 
7.778443 0.342072 13.892273 3.692514 25.812641 2.694430 
7.786256 0.342064 13.920119 3.699970 25.841323 2.698624 
7.794069 0.342057 13.947992 3.707434 25.870010 2.702821 
7.801881 0.342049 13.975894 3.714905 25.898701 2.707019 
7.809694 0.342042 14.003823 3.722384 25.927396 2.711220 
7.817507 0.342034 14.031780 3.729870 25.956096 2.715423 
7.825320 0.342027 14.059765 3.737364 25.984799 2.719628 
7.833132 0.342019 14.087778 3.744865 26.013507 2.723835 
7.840945 0.342012 14.115819 3.752374 26.042219 2.728045 
7.848758 0.342004 14.143888 3.759891 26.070936 2.732256 
7.856570 0.341997 14.171984 3.767415 26.099656 2.736470 
7.864383 0.341989 14.200109 3.774946 26.128381 2.740686 
7.872196 0.341982 14.228261 3.782485 26.157110 2.744904 
7.880008 0.341975 14.256441 3.790032 26.185844 2.749124 
7.887821 0.341967 14.284649 3.797586 26.214581 2.753347 
7.895634 0.341960 14.312885 3.805148 26.243323 2.757571 
7.903447 0.341953 14.341148 3.812717 26.272069 2.761798 
7.911259 0.341945 14.369440 3.820294 26.300819 2.766027 
7.919072 0.341938 14.397759 3.827879 26.329573 2.770258 
7.926885 0.341931 14.426107 3.835471 26.358332 2.774492 
7.934697 0.341923 14.454482 3.843070 26.387094 2.778727 
7.942510 0.341916 14.482885 3.850677 26.415861 2.782965 
7.950323 0.341909 14.511316 3.858292 26.444633 2.787204 
7.958135 0.341901 14.539774 3.865914 26.473408 2.791446 
7.965948 0.341894 14.568261 3.873544 26.502187 2.795691 
7.973761 0.341887 14.596775 3.881181 26.530971 2.799937 
7.981574 0.341879 14.625317 3.888826 26.559759 2.804185 
7.989386 0.341872 14.653888 3.896478 26.588551 2.808436 
7.997199 0.341865 14.682486 3.904138 26.617347 2.812688 
8.005012 0.341858 14.711111 3.911805 26.646148 2.816943 
