0.004005   0.000000   
0.008009   0.000061   
0.012014   -0.000014   
0.016018   -0.000243   
0.020023   -0.000639   
0.024027   -0.001210   
0.028032   -0.001962   
0.032036   -0.002896   
0.036041   -0.004013   
0.040045   -0.005315   
0.044050   -0.006801   
0.048054   -0.008469   
0.052059   -0.010318   
0.056063   -0.012347   
0.060068   -0.014554   
0.064072   -0.016936   
0.068077   -0.019490   
0.072081   -0.022216   
0.076086   -0.025109   
0.080090   -0.028167   
0.084095   -0.031387   
0.088099   -0.034767   
0.092104   -0.038303   
0.096108   -0.041993   
0.100113   -0.045834   
0.104117   -0.049822   
0.108122   -0.053954   
0.112126   -0.058228   
0.116131   -0.062640   
0.120135   -0.067187   
0.124140   -0.071866   
0.128144   -0.076675   
0.132149   -0.081609   
0.136153   -0.086666   
0.140158   -0.091843   
0.144162   -0.097136   
0.148167   -0.102543   
0.152171   -0.108060   
0.156176   -0.113685   
0.160180   -0.119414   
0.164185   -0.125244   
0.168189   -0.131172   
0.172194   -0.137195   
0.176198   -0.143311   
0.180203   -0.149516   
0.184207   -0.155806   
0.188212   -0.162180   
0.192216   -0.168635   
0.196221   -0.175166   
0.200225   -0.181772   
0.204230   -0.188449   
0.208234   -0.195195   
0.212239   -0.202006   
0.216243   -0.208880   
0.220248   -0.215814   
0.224252   -0.222805   
0.228257   -0.229851   
0.232261   -0.236948   
0.236266   -0.244093   
0.240270   -0.251285   
0.244275   -0.258520   
0.248279   -0.265795   
0.252284   -0.273108   
0.256289   -0.280455   
0.260293   -0.287836   
0.264298   -0.295246   
0.268302   -0.302683   
0.272307   -0.310144   
0.276311   -0.317627   
0.280316   -0.325130   
0.284320   -0.332649   
0.288325   -0.340182   
0.292329   -0.347727   
0.296334   -0.355280   
0.300338   -0.362840   
0.304343   -0.370404   
0.308347   -0.377969   
0.312352   -0.385534   
0.316356   -0.393095   
0.320361   -0.400650   
0.324365   -0.408197   
0.328370   -0.415733   
0.332374   -0.423256   
0.336379   -0.430763   
0.340383   -0.438253   
0.344388   -0.445722   
0.348392   -0.453169   
0.352397   -0.460591   
0.356401   -0.467986   
0.360406   -0.475351   
0.364410   -0.482685   
0.368415   -0.489985   
0.372419   -0.497249   
0.376424   -0.504474   
0.380428   -0.511658   
0.384433   -0.518800   
0.388437   -0.525896   
0.392442   -0.532946   
0.396446   -0.539946   
0.400451   -0.546894   
0.404455   -0.553789   
0.408460   -0.560628   
0.412464   -0.567409   
0.416469   -0.574130   
0.420473   -0.580789   
0.424478   -0.587384   
0.428482   -0.593913   
0.432487   -0.600374   
0.436491   -0.606764   
0.440496   -0.613082   
0.444500   -0.619325   
0.448505   -0.625493   
0.452509   -0.631582   
0.456514   -0.637590   
0.460518   -0.643517   
0.464523   -0.649359   
0.468527   -0.655115   
0.472532   -0.660784   
0.476536   -0.666362   
0.480541   -0.671849   
0.484545   -0.677241   
0.488550   -0.682538   
0.492554   -0.687738   
0.496559   -0.692838   
0.500564   -0.697838   
0.504568   -0.702734   
0.508573   -0.707525   
0.512577   -0.712209   
0.516582   -0.716786   
0.520586   -0.721251   
0.524591   -0.725605   
0.528595   -0.729845   
0.532600   -0.733970   
0.536604   -0.737977   
0.540609   -0.741865   
0.544613   -0.745632   
0.548618   -0.749277   
0.552622   -0.752797   
0.556627   -0.756191   
0.560631   -0.759458   
0.564636   -0.762596   
0.568640   -0.765602   
0.572645   -0.768476   
0.576649   -0.771215   
0.580654   -0.773818   
0.584658   -0.776284   
0.588663   -0.778611   
0.592667   -0.780796   
0.596672   -0.782839   
0.600676   -0.784738   
0.604681   -0.786491   
0.608685   -0.788097   
0.612690   -0.789554   
0.616694   -0.790861   
0.620699   -0.792016   
0.624703   -0.793017   
0.628708   -0.793863   
0.632712   -0.794552   
0.636717   -0.795083   
0.640721   -0.795455   
0.644726   -0.795665   
0.648730   -0.795713   
0.652735   -0.795596   
0.656739   -0.795314   
0.660744   -0.794865   
0.664748   -0.794246   
0.668753   -0.793458   
0.672757   -0.792498   
0.676762   -0.791366   
0.680766   -0.790058   
0.684771   -0.788575   
0.688775   -0.786914   
0.692780   -0.785075   
0.696784   -0.783056   
0.700789   -0.780855   
0.704793   -0.778471   
0.708798   -0.775902   
0.712802   -0.773148   
0.716807   -0.770207   
0.720811   -0.767077   
0.724816   -0.763757   
0.728820   -0.760246   
0.732825   -0.756542   
0.736829   -0.752645   
0.740834   -0.748552   
0.744838   -0.744262   
0.748843   -0.739775   
0.752848   -0.735088   
0.756852   -0.730201   
0.760857   -0.725112   
0.764861   -0.719820   
0.768866   -0.714323   
0.772870   -0.708620   
0.776875   -0.702711   
0.780879   -0.696593   
0.784884   -0.690265   
0.788888   -0.683727   
0.792893   -0.676976   
0.796897   -0.670012   
0.800902   -0.662833   
0.804906   -0.655439   
0.808911   -0.647827   
0.812915   -0.639997   
0.816920   -0.631948   
0.820924   -0.623678   
0.824929   -0.615185   
0.828933   -0.606470   
0.832938   -0.597530   
0.836942   -0.588365   
0.840947   -0.578972   
0.844951   -0.569352   
0.848956   -0.559503   
0.852960   -0.549423   
0.856965   -0.539112   
0.860969   -0.528568   
0.864974   -0.517790   
0.868978   -0.506778   
0.872983   -0.495529   
0.876987   -0.484043   
0.880992   -0.472318   
0.884996   -0.460354   
0.889001   -0.448150   
0.893005   -0.435703   
0.897010   -0.423014   
0.901014   -0.410080   
0.905019   -0.396902   
0.909023   -0.383477   
0.913028   -0.369805   
0.917032   -0.355884   
0.921037   -0.341714   
0.925041   -0.327293   
0.929046   -0.312621   
0.933050   -0.297696   
0.937055   -0.282517   
0.941059   -0.267083   
0.945064   -0.251393   
0.949068   -0.235446   
0.953073   -0.219241   
0.957077   -0.202777   
0.961082   -0.186052   
0.965086   -0.169067   
0.969091   -0.151819   
0.973095   -0.134308   
0.977100   -0.116533   
0.981104   -0.098492   
0.985109   -0.080185   
0.989113   -0.061610   
0.993118   -0.042767   
0.997123   -0.023655   
1.001127   -0.004272   
1.005132   0.015382   
1.009136   0.035308   
1.013141   0.055508   
1.017145   0.075982   
1.021150   0.096732   
1.025154   0.117757   
1.029159   0.139060   
1.033163   0.160642   
1.037168   0.182503   
1.041172   0.204643   
1.045177   0.227065   
1.049181   0.249770   
1.053186   0.272757   
1.057190   0.296028   
1.061195   0.319584   
1.065199   0.343426   
1.069204   0.367555   
1.073208   0.391972   
1.077213   0.416677   
1.081217   0.441672   
1.085222   0.466958   
1.089226   0.492535   
1.093231   0.518404   
1.097235   0.544567   
1.101240   0.571024   
1.105244   0.597776   
1.109249   0.624824   
1.113253   0.652169   
1.117258   0.679811   
1.121262   0.707753   
1.125267   0.735994   
1.129271   0.764535   
1.133276   0.793378   
1.137280   0.822523   
1.141285   0.851971   
1.145289   0.881723   
1.149294   0.911780   
1.153298   0.942143   
1.157303   0.972812   
1.161307   1.003789   
1.165312   1.035074   
1.169316   1.066668   
1.173321   1.098572   
1.177325   1.130787   
1.181330   1.163314   
1.185334   1.196153   
1.189339   1.229305   
1.193343   1.262772   
1.197348   1.296553   
1.201352   1.330651   
1.205357   1.365065   
1.209361   1.399797   
1.213366   1.434847   
1.217370   1.470216   
1.221375   1.505905   
1.225379   1.541914   
1.229384   1.578246   
1.233388   1.614899   
1.237393   1.651876   
1.241397   1.689177   
1.245402   1.726803   
1.249407   1.764754   
1.253411   1.803031   
1.257416   1.841636   
1.261420   1.880568   
1.265425   1.919829   
1.269429   1.959420   
1.273434   1.999341   
1.277438   2.039593   
1.281443   2.080176   
1.285447   2.121093   
1.289452   2.162342   
1.293456   2.203926   
1.297461   2.245844   
1.301465   2.288099   
1.305470   2.330689   
1.309474   2.373617   
1.313479   2.416882   
1.317483   2.460486   
1.321488   2.504430   
1.325492   2.548714   
1.329497   2.593338   
1.333501   2.638304   
1.337506   2.683612   
1.341510   2.729264   
1.345515   2.775259   
1.349519   2.821599   
1.353524   2.868284   
1.357528   2.915315   
1.361533   2.962692   
1.365537   3.010417   
1.369542   3.058490   
1.373546   3.106912   
1.377551   3.155684   
1.381555   3.204805   
1.385560   3.254278   
1.389564   3.304102   
1.393569   3.354279   
1.397573   3.404809   
1.401578   3.455692   
1.405582   3.506930   
1.409587   3.558523   
1.413591   3.610472   
1.417596   3.662778   
1.421600   3.715440   
1.425605   3.768461   
1.429609   3.821840   
1.433614   3.875578   
1.437618   3.929677   
1.441623   3.984136   
1.445627   4.038956   
1.449632   4.094138   
1.453636   4.149683   
1.457641   4.205591   
1.461645   4.261863   
1.465650   4.318499   
1.469654   4.375501   
1.473659   4.432869   
1.477663   4.490603   
1.481668   4.548705   
1.485672   4.607174   
1.489677   4.666012   
1.493682   4.725219   
1.497686   4.784796   
1.501691   4.844744   
1.505695   4.905063   
1.509700   4.965753   
1.513704   5.026816   
1.517709   5.088251   
1.521713   5.150061   
1.525718   5.212245   
1.529722   5.274803   
1.533727   5.337737   
1.537731   5.401048   
1.541736   5.464735   
1.545740   5.528800   
1.549745   5.593242   
1.553749   5.658063   
1.557754   5.723264   
1.561758   5.788844   
1.565763   5.854805   
1.569767   5.921147   
1.573772   5.987871   
1.577776   6.054977   
1.581781   6.122466   
1.585785   6.190339   
1.589790   6.258595   
1.593794   6.327237   
1.597799   6.396263   
1.601803   6.465676   
1.605808   6.535475   
1.609812   6.605661   
1.613817   6.676235   
1.617821   6.747197   
1.621826   6.818548   
1.625830   6.890289   
1.629835   6.962419   
1.633839   7.034941   
1.637844   7.107853   
1.641848   7.181157   
1.645853   7.254854   
1.649857   7.328943   
1.653862   7.403426   
1.657866   7.478303   
1.661871   7.553574   
1.665875   7.629241   
1.669880   7.705304   
1.673884   7.781763   
1.677889   7.858618   
1.681893   7.935872   
1.685898   8.013523   
1.689902   8.091573   
1.693907   8.170022   
1.697911   8.248870   
1.701916   8.328119   
1.705920   8.407769   
1.709925   8.487820   
1.713929   8.568272   
1.717934   8.649128   
1.721938   8.730386   
1.725943   8.812047   
1.729947   8.894113   
1.733952   8.976583   
1.737956   9.059459   
1.741961   9.142740   
1.745966   9.226427   
1.749970   9.310521   
1.753975   9.395022   
1.757979   9.479931   
1.761984   9.565249   
1.765988   9.650975   
1.769993   9.737110   
1.773997   9.823656   
1.778002   9.910612   
1.782006   9.997978   
1.786011   10.085757   
1.790015   10.173947   
1.794020   10.262549   
1.798024   10.351565   
1.802029   10.440994   
1.806033   10.530837   
1.810038   10.621095   
1.814042   10.711768   
1.818047   10.802856   
1.822051   10.894360   
1.826056   10.986281   
1.830060   11.078619   
1.834065   11.171374   
1.838069   11.264548   
1.842074   11.358140   
1.846078   11.452151   
1.850083   11.546581   
1.854087   11.641432   
1.858092   11.736703   
1.862096   11.832395   
1.866101   11.928508   
1.870105   12.025044   
1.874110   12.122002   
1.878114   12.219383   
1.882119   12.317188   
1.886123   12.415416   
1.890128   12.514069   
1.894132   12.613146   
1.898137   12.712649   
1.902141   12.812578   
1.906146   12.912933   
1.910150   13.013715   
1.914155   13.114924   
1.918159   13.216561   
1.922164   13.318626   
1.926168   13.421120   
1.930173   13.524043   
1.934177   13.627395   
1.938182   13.731178   
1.942186   13.835391   
1.946191   13.940035   
1.950195   14.045110   
1.954200   14.150618   
1.958204   14.256557   
1.962209   14.362930   
1.966213   14.469736   
1.970218   14.576975   
1.974222   14.684649   
1.978227   14.792757   
1.982231   14.901300   
1.986236   15.010279   
1.990241   15.119694   
1.994245   15.229545   
1.998250   15.339833   
2.002254   15.450558   
2.006259   15.561721   
2.010263   15.673322   
2.014268   15.785362   
2.018272   15.897841   
2.022277   16.010759   
2.026281   16.124118   
2.030286   16.237916   
2.034290   16.352156   
2.038295   16.466836   
2.042299   16.581958   
2.046304   16.697523   
2.050308   16.813529   
2.054313   16.929979   
2.058317   17.046872   
2.062322   17.164209   
2.066326   17.281990   
2.070331   17.400215   
2.074335   17.518886   
2.078340   17.638002   
2.082344   17.757564   
2.086349   17.877572   
2.090353   17.998027   
2.094358   18.118929   
2.098362   18.240279   
2.102367   18.362076   
2.106371   18.484322   
2.110376   18.607017   
2.114380   18.730160   
2.118385   18.853753   
2.122389   18.977797   
2.126394   19.102290   
2.130398   19.227235   
2.134403   19.352630   
2.138407   19.478477   
2.142412   19.604776   
2.146416   19.731528   
2.150421   19.858732   
2.154425   19.986389   
2.158430   20.114500   
2.162434   20.243065   
2.166439   20.372084   
2.170443   20.501558   
2.174448   20.631487   
2.178452   20.761872   
2.182457   20.892712   
2.186461   21.024009   
2.190466   21.155762   
2.194470   21.287972   
2.198475   21.420640   
2.202479   21.553766   
2.206484   21.687350   
2.210488   21.821392   
2.214493   21.955893   
2.218497   22.090854   
2.222502   22.226274   
2.226506   22.362155   
2.230511   22.498495   
2.234515   22.635297   
2.238520   22.772560   
2.242525   22.910284   
2.246529   23.048471   
2.250534   23.187119   
2.254538   23.326230   
2.258543   23.465805   
2.262547   23.605842   
2.266552   23.746344   
2.270556   23.887309   
2.274561   24.028739   
2.278565   24.170634   
2.282570   24.312994   
2.286574   24.455819   
2.290579   24.599110   
2.294583   24.742868   
2.298588   24.887092   
2.302592   25.031783   
2.306597   25.176942   
2.310601   25.322568   
2.314606   25.468662   
2.318610   25.615225   
2.322615   25.762256   
2.326619   25.909756   
2.330624   26.057726   
2.334628   26.206165   
2.338633   26.355075   
2.342637   26.504455   
2.346642   26.654305   
2.350646   26.804627   
2.354651   26.955420   
2.358655   27.106685   
2.362660   27.258422   
2.366664   27.410632   
2.370669   27.563314   
2.374673   27.716470   
2.378678   27.870099   
2.382682   28.024201   
2.386687   28.178778   
2.390691   28.333829   
2.394696   28.489355   
2.398700   28.645356   
2.402705   28.801833   
2.406709   28.958785   
2.410714   29.116213   
2.414718   29.274118   
2.418723   29.432500   
2.422727   29.591358   
2.426732   29.750694   
2.430736   29.910507   
2.434741   30.070799   
2.438745   30.231569   
2.442750   30.392817   
2.446754   30.554544   
2.450759   30.716751   
2.454763   30.879437   
2.458768   31.042603   
2.462772   31.206249   
2.466777   31.370376   
2.470781   31.534983   
2.474786   31.700071   
2.478790   31.865641   
2.482795   32.031693   
2.486800   32.198227   
2.490804   32.365243   
2.494809   32.532741   
2.498813   32.700723   
2.502818   32.869188   
2.506822   33.038136   
2.510827   33.207568   
2.514831   33.377484   
2.518836   33.547885   
2.522840   33.718770   
2.526845   33.890140   
2.530849   34.061996   
2.534854   34.234337   
2.538858   34.407164   
2.542863   34.580477   
2.546867   34.754277   
2.550872   34.928563   
2.554876   35.103337   
2.558881   35.278597   
2.562885   35.454346   
2.566890   35.630582   
2.570894   35.807306   
2.574899   35.984519   
2.578903   36.162220   
2.582908   36.340411   
2.586912   36.519091   
2.590917   36.698260   
2.594921   36.877919   
2.598926   37.058068   
2.602930   37.238708   
2.606935   37.419838   
2.610939   37.601460   
2.614944   37.783572   
2.618948   37.966176   
2.622953   38.149272   
2.626957   38.332860   
2.630962   38.516940   
2.634966   38.701512   
2.638971   38.886577   
2.642975   39.072136   
2.646980   39.258188   
2.650984   39.444733   
2.654989   39.631772   
2.658993   39.819306   
2.662998   40.007333   
2.667002   40.195856   
2.671007   40.384873   
2.675011   40.574386   
2.679016   40.764393   
2.683020   40.954897   
2.687025   41.145897   
2.691029   41.337392   
2.695034   41.529384   
2.699038   41.721873   
2.703043   41.914859   
2.707047   42.108342   
2.711052   42.302322   
2.715056   42.496800   
2.719061   42.691776   
2.723065   42.887250   
2.727070   43.083223   
2.731074   43.279694   
2.735079   43.476664   
2.739084   43.674134   
2.743088   43.872102   
2.747093   44.070571   
2.751097   44.269539   
2.755102   44.469007   
2.759106   44.668976   
2.763111   44.869445   
2.767115   45.070415   
2.771120   45.271886   
2.775124   45.473859   
2.779129   45.676333   
2.783133   45.879308   
2.787138   46.082786   
2.791142   46.286766   
2.795147   46.491248   
2.799151   46.696233   
2.803156   46.901721   
2.807160   47.107712   
2.811165   47.314206   
2.815169   47.521204   
2.819174   47.728706   
2.823178   47.936712   
2.827183   48.145222   
2.831187   48.354236   
2.835192   48.563755   
2.839196   48.773779   
2.843201   48.984308   
2.847205   49.195343   
2.851210   49.406883   
2.855214   49.618929   
2.859219   49.831480   
2.863223   50.044538   
2.867228   50.258103   
2.871232   50.472174   
2.875237   50.686752   
2.879241   50.901837   
2.883246   51.117429   
2.887250   51.333528   
2.891255   51.550135   
2.895259   51.767251   
2.899264   51.984874   
2.903268   52.203005   
2.907273   52.421645   
2.911277   52.640794   
2.915282   52.860451   
2.919286   53.080618   
2.923291   53.301294   
2.927295   53.522479   
2.931300   53.744174   
2.935304   53.966379   
2.939309   54.189094   
2.943313   54.412320   
2.947318   54.636055   
2.951322   54.860302   
2.955327   55.085059   
2.959331   55.310327   
2.963336   55.536107   
2.967340   55.762515   
2.971345   55.991709   
2.975349   56.227589   
2.979354   56.471774   
2.983359   56.723896   
2.987363   56.982865   
2.991368   57.247545   
2.995372   57.516972   
2.999377   57.790379   
3.003381   58.067164   
3.007386   58.346858   
3.011390   58.629088   
3.015395   58.913559   
3.019399   59.200031   
3.023404   59.488309   
3.027408   59.778231   
3.031413   60.069662   
3.035417   60.362487   
3.039422   60.656611   
3.043426   60.951950   
3.047431   61.248431   
3.051435   61.545993   
3.055440   61.844580   
3.059444   62.144145   
3.063449   62.444645   
3.067453   62.746040   
3.071458   63.048299   
3.075462   63.351389   
3.079467   63.655283   
3.083471   63.959957   
3.087476   64.265387   
3.091480   64.571553   
3.095485   64.878437   
3.099489   65.186020   
3.103494   65.494287   
3.107498   65.803224   
3.111503   66.112816   
3.115507   66.423052   
3.119512   66.733919   
3.123516   67.045407   
3.127521   67.357506   
3.131525   67.670206   
3.135530   67.983498   
3.139534   68.297375   
3.143539   68.611829   
3.147543   68.926852   
3.151548   69.242438   
3.155552   69.558579   
3.159557   69.875271   
3.163561   70.192507   
3.167566   70.510282   
3.171570   70.828591   
3.175575   71.147429   
3.179579   71.466791   
3.183584   71.786673   
3.187588   72.107071   
3.191593   72.427981   
3.195597   72.749399   
3.199602   73.071321   
3.203606   73.393745   
3.207611   73.716666   
3.211615   74.040082   
3.215620   74.363989   
3.219624   74.688385   
3.223629   75.013267   
3.227633   75.338633   
3.231638   75.664479   
3.235643   75.990803   
3.239647   76.317604   
3.243652   76.644878   
3.247656   76.972624   
3.251661   77.300840   
3.255665   77.629523   
3.259670   77.958671   
3.263674   78.288283   
3.267679   78.618358   
3.271683   78.948892   
3.275688   79.279885   
3.279692   79.611335   
3.283697   79.943240   
3.287701   80.275599   
3.291706   80.608410   
3.295710   80.941673   
3.299715   81.275384   
3.303719   81.609544   
3.307724   81.944151   
3.311728   82.279204   
3.315733   82.614701   
3.319737   82.950641   
3.323742   83.287024   
3.327746   83.623848   
3.331751   83.961111   
3.335755   84.298814   
3.339760   84.636954   
3.343764   84.975531   
3.347769   85.314544   
3.351773   85.653992   
3.355778   85.993875   
3.359782   86.334190   
3.363787   86.674938   
3.367791   87.016117   
3.371796   87.357727   
3.375800   87.699767   
3.379805   88.042236   
3.383809   88.385133   
3.387814   88.728458   
3.391818   89.072210   
3.395823   89.416388   
3.399827   89.760991   
3.403832   90.106019   
3.407836   90.451471   
3.411841   90.797347   
3.415845   91.143645   
3.419850   91.490366   
3.423854   91.837508   
3.427859   92.185072   
3.431863   92.533056   
3.435868   92.881460   
3.439872   93.230283   
3.443877   93.579525   
3.447881   93.929185   
3.451886   94.279263   
3.455890   94.629758   
3.459895   94.980670   
3.463899   95.331999   
3.467904   95.683743   
3.471908   96.035902   
3.475913   96.388476   
3.479918   96.741465   
3.483922   97.094868   
3.487927   97.448684   
3.491931   97.802914   
3.495936   98.157556   
3.499940   98.512610   
3.503945   98.868077   
3.507949   99.223955   
3.511954   99.580244   
3.515958   99.936943   
3.519963   100.294053   
3.523967   100.651574   
3.527972   101.009504   
3.531976   101.367843   
3.535981   101.726591   
3.539985   102.085747   
3.543990   102.445312   
3.547994   102.805285   
3.551999   103.165666   
3.556003   103.526454   
3.560008   103.887649   
3.564012   104.249250   
3.568017   104.611259   
3.572021   104.973673   
3.576026   105.336493   
3.580030   105.699718   
3.584035   106.063349   
3.588039   106.427384   
3.592044   106.791825   
3.596048   107.156669   
3.600053   107.521918   
3.604057   107.887571   
3.608062   108.253627   
3.612066   108.620087   
3.616071   108.986950   
3.620075   109.354215   
3.624080   109.721884   
3.628084   110.089954   
3.632089   110.458427   
3.636093   110.827302   
3.640098   111.196579   
3.644102   111.566256   
3.648107   111.936336   
3.652111   112.306816   
3.656116   112.677697   
3.660120   113.048978   
3.664125   113.420660   
3.668129   113.792743   
3.672134   114.165225   
3.676138   114.538107   
3.680143   114.911388   
3.684147   115.285069   
3.688152   115.659149   
3.692156   116.033628   
3.696161   116.408506   
3.700165   116.783782   
3.704170   117.159457   
3.708174   117.535530   
3.712179   117.912001   
3.716183   118.288870   
3.720188   118.666137   
3.724192   119.043801   
3.728197   119.421862   
3.732202   119.800321   
3.736206   120.179177   
3.740211   120.558430   
3.744215   120.938079   
3.748220   121.318125   
3.752224   121.698567   
3.756229   122.079406   
3.760233   122.460641   
3.764238   122.842271   
3.768242   123.224297   
3.772247   123.606719   
3.776251   123.989537   
3.780256   124.372749   
3.784260   124.756357   
3.788265   125.140360   
3.792269   125.524758   
3.796274   125.909550   
3.800278   126.294738   
3.804283   126.680319   
3.808287   127.066295   
3.812292   127.452666   
3.816296   127.839430   
3.820301   128.226588   
3.824305   128.614140   
3.828310   129.002086   
3.832314   129.390425   
3.836319   129.779158   
3.840323   130.168284   
3.844328   130.557803   
3.848332   130.947716   
3.852337   131.338021   
3.856341   131.728719   
3.860346   132.119810   
3.864350   132.511293   
3.868355   132.903169   
3.872359   133.295437   
3.876364   133.688098   
3.880368   134.081151   
3.884373   134.474595   
3.888377   134.868432   
3.892382   135.262660   
3.896386   135.657280   
3.900391   136.052292   
3.904395   136.447695   
3.908400   136.843490   
3.912404   137.239676   
3.916409   137.636253   
3.920413   138.033221   
3.924418   138.430581   
3.928422   138.828331   
3.932427   139.226471   
3.936431   139.625003   
3.940436   140.023925   
3.944440   140.423238   
3.948445   140.822941   
3.952449   141.223034   
3.956454   141.623518   
3.960458   142.024391   
3.964463   142.425655   
3.968467   142.827309   
3.972472   143.229352   
3.976477   143.631785   
3.980481   144.034608   
3.984486   144.437821   
3.988490   144.841423   
3.992495   145.245414   
3.996499   145.649795   
4.000504   146.054565   
4.004508   146.459724   
4.008513   146.865272   
4.012517   147.271209   
4.016522   147.677536   
4.020526   148.084250   
4.024531   148.491354   
4.028535   148.898846   
4.032540   149.306727   
4.036544   149.714997   
4.040549   150.123655   
4.044553   150.532701   
4.048558   150.942135   
4.052562   151.351958   
4.056567   151.762169   
4.060571   152.172768   
4.064576   152.583755   
4.068580   152.995129   
4.072585   153.406892   
4.076589   153.819042   
4.080594   154.231580   
4.084598   154.644506   
4.088603   155.057819   
4.092607   155.471520   
4.096612   155.885608   
4.100616   156.300083   
4.104621   156.714946   
4.108625   157.130196   
4.112630   157.545833   
4.116634   157.961857   
4.120639   158.378268   
4.124643   158.795066   
4.128648   159.212251   
4.132652   159.629822   
4.136657   160.047781   
4.140661   160.466126   
4.144666   160.884857   
4.148670   161.303976   
4.152675   161.723480   
4.156679   162.143371   
4.160684   162.563649   
4.164688   162.984313   
4.168693   163.405363   
4.172697   163.826799   
4.176702   164.248621   
4.180706   164.670830   
4.184711   165.093424   
4.188715   165.516404   
4.192720   165.939770   
4.196724   166.363522   
4.200729   166.787660   
4.204733   167.212183   
4.208738   167.637092   
4.212742   168.062387   
4.216747   168.488067   
4.220751   168.914133   
4.224756   169.340584   
4.228761   169.767421   
4.232765   170.194642   
4.236770   170.622249   
4.240774   171.050242   
4.244779   171.478619   
4.248783   171.907382   
4.252788   172.336529   
4.256792   172.766062   
4.260797   173.195979   
4.264801   173.626282   
4.268806   174.056969   
4.272810   174.488041   
4.276815   174.919498   
4.280819   175.351339   
4.284824   175.783565   
4.288828   176.216176   
4.292833   176.649171   
4.296837   177.082550   
4.300842   177.516315   
4.304846   177.950463   
4.308851   178.384996   
4.312855   178.819913   
4.316860   179.255214   
4.320864   179.690900   
4.324869   180.126969   
4.328873   180.563423   
4.332878   181.000261   
4.336882   181.437483   
4.340887   181.875089   
4.344891   182.313079   
4.348896   182.751452   
4.352900   183.190210   
4.356905   183.629351   
4.360909   184.068876   
4.364914   184.508784   
4.368918   184.949077   
4.372923   185.389752   
4.376927   185.830812   
4.380932   186.272255   
4.384936   186.714081   
4.388941   187.156291   
4.392945   187.598884   
4.396950   188.041861   
4.400954   188.485221   
4.404959   188.928964   
4.408963   189.373090   
4.412968   189.817600   
4.416972   190.262492   
4.420977   190.707768   
4.424981   191.153427   
4.428986   191.599469   
4.432990   192.045893   
4.436995   192.492701   
4.440999   192.939892   
4.445004   193.387465   
4.449008   193.835421   
4.453013   194.283760   
4.457017   194.732482   
4.461022   195.181586   
4.465026   195.631073   
4.469031   196.080943   
4.473036   196.531195   
4.477040   196.981830   
4.481045   197.432847   
4.485049   197.884247   
4.489054   198.336029   
4.493058   198.788194   
4.497063   199.240741   
4.501067   199.693670   
4.505072   200.146982   
4.509076   200.600675   
4.513081   201.054751   
4.517085   201.509209   
4.521090   201.964049   
4.525094   202.419272   
4.529099   202.874876   
4.533103   203.330863   
4.537108   203.787231   
4.541112   204.243981   
4.545117   204.701114   
4.549121   205.158628   
4.553126   205.616524   
4.557130   206.074801   
4.561135   206.533461   
4.565139   206.992502   
4.569144   207.451925   
4.573148   207.911730   
4.577153   208.371916   
4.581157   208.832484   
4.585162   209.293434   
4.589166   209.754765   
4.593171   210.216477   
4.597175   210.678571   
4.601180   211.141047   
4.605184   211.603903   
4.609189   212.067142   
4.613193   212.530761   
4.617198   212.994762   
4.621202   213.459144   
4.625207   213.923908   
4.629211   214.389052   
4.633216   214.854578   
4.637220   215.320485   
4.641225   215.786773   
4.645229   216.253442   
4.649234   216.720493   
4.653238   217.187924   
4.657243   217.655736   
4.661247   218.123929   
4.665252   218.592504   
4.669256   219.061459   
4.673261   219.530794   
4.677265   220.000511   
4.681270   220.470609   
4.685274   220.941087   
4.689279   221.411946   
4.693283   221.883186   
4.697288   222.354807   
4.701292   222.826808   
4.705297   223.299190   
4.709301   223.771952   
4.713306   224.245095   
4.717310   224.718619   
4.721315   225.192523   
4.725320   225.666807   
4.729324   226.141472   
4.733329   226.616518   
4.737333   227.091944   
4.741338   227.567750   
4.745342   228.043937   
4.749347   228.520504   
4.753351   228.997451   
4.757356   229.474778   
4.761360   229.952486   
4.765365   230.430574   
4.769369   230.909042   
4.773374   231.387890   
4.777378   231.867119   
4.781383   232.346727   
4.785387   232.826716   
4.789392   233.307085   
4.793396   233.787833   
4.797401   234.268962   
4.801405   234.750471   
4.805410   235.232359   
4.809414   235.714628   
4.813419   236.197276   
4.817423   236.680304   
4.821428   237.163712   
4.825432   237.647500   
4.829437   238.131668   
4.833441   238.616215   
4.837446   239.101142   
4.841450   239.586449   
4.845455   240.072136   
4.849459   240.558202   
4.853464   241.044648   
4.857468   241.531473   
4.861473   242.018678   
4.865477   242.506263   
4.869482   242.994227   
4.873486   243.482571   
4.877491   243.971294   
4.881495   244.460396   
4.885500   244.949878   
4.889504   245.439740   
4.893509   245.929981   
4.897513   246.420601   
4.901518   246.911600   
4.905522   247.402979   
4.909527   247.894737   
4.913531   248.386875   
4.917536   248.879391   
4.921540   249.372287   
4.925545   249.865562   
4.929549   250.359216   
4.933554   250.853249   
4.937558   251.347662   
4.941563   251.842453   
4.945567   252.337624   
4.949572   252.833174   
4.953576   253.329102   
4.957581   253.825410   
4.961585   254.322097   
4.965590   254.819162   
4.969595   255.316607   
4.973599   255.814431   
4.977604   256.312633   
4.981608   256.811214   
4.985613   257.310174   
4.989617   257.809513   
4.993622   258.309231   
4.997626   258.809328   
5.001631   259.309803   
5.005635   259.810657   
5.009640   260.311890   
5.013644   260.813501   
5.017649   261.315491   
5.021653   261.817860   
5.025658   262.320607   
5.029662   262.823733   
5.033667   263.327238   
5.037671   263.831121   
5.041676   264.335383   
5.045680   264.840023   
5.049685   265.345042   
5.053689   265.850439   
5.057694   266.356214   
5.061698   266.862368   
5.065703   267.368901   
5.069707   267.875812   
5.073712   268.383101   
5.077716   268.890769   
5.081721   269.398814   
5.085725   269.907239   
5.089730   270.416041   
5.093734   270.925222   
5.097739   271.434781   
5.101743   271.944718   
5.105748   272.455034   
5.109752   272.965727   
5.113757   273.476799   
5.117761   273.988249   
5.121766   274.500077   
5.125770   275.012284   
5.129775   275.524868   
5.133779   276.037830   
5.137784   276.551171   
5.141788   277.064889   
5.145793   277.578985   
5.149797   278.093460   
5.153802   278.608312   
5.157806   279.123543   
5.161811   279.639151   
5.165815   280.155137   
5.169820   280.671501   
5.173824   281.188243   
5.177829   281.705363   
5.181833   282.222860   
5.185838   282.740736   
5.189842   283.258989   
5.193847   283.777620   
5.197851   284.296629   
5.201856   284.816015   
5.205860   285.335780   
5.209865   285.855921   
5.213869   286.376441   
5.217874   286.897338   
5.221879   287.418613   
5.225883   287.940266   
5.229888   288.462296   
5.233892   288.984704   
5.237897   289.507489   
5.241901   290.030652   
5.245906   290.554192   
5.249910   291.078110   
5.253915   291.602405   
5.257919   292.127078   
5.261924   292.652128   
5.265928   293.177556   
5.269933   293.703361   
5.273937   294.229544   
5.277942   294.756104   
5.281946   295.283041   
5.285951   295.810356   
5.289955   296.338048   
5.293960   296.866117   
5.297964   297.394564   
5.301969   297.923387   
5.305973   298.452589   
5.309978   298.982167   
5.313982   299.512123   
5.317987   300.042455   
5.321991   300.573165   
5.325996   301.104253   
5.330000   301.635717   
5.334005   302.167558   
5.338009   302.699777   
5.342014   303.232373   
5.346018   303.765346   
5.350023   304.298695   
5.354027   304.832422   
5.358032   305.366526   
5.362036   305.901007   
5.366041   306.435865   
5.370045   306.971100   
5.374050   307.506712   
5.378054   308.042701   
5.382059   308.579067   
5.386063   309.115810   
5.390068   309.652929   
5.394072   310.190426   
5.398077   310.728299   
5.402081   311.266549   
5.406086   311.805176   
5.410090   312.344180   
5.414095   312.883561   
5.418099   313.423318   
5.422104   313.963453   
5.426108   314.503964   
5.430113   315.044851   
5.434117   315.586116   
5.438122   316.127757   
5.442126   316.669775   
5.446131   317.212169   
5.450135   317.754941   
5.454140   318.298088   
5.458144   318.841613   
5.462149   319.385514   
5.466154   319.929792   
5.470158   320.474446   
5.474163   321.019476   
5.478167   321.564884   
5.482172   322.110668   
5.486176   322.656828   
5.490181   323.203365   
5.494185   323.750278   
5.498190   324.297568   
5.502194   324.845234   
5.506199   325.393277   
5.510203   325.941696   
5.514208   326.490491   
5.518212   327.039663   
5.522217   327.589212   
5.526221   328.139136   
5.530226   328.689437   
5.534230   329.240114   
5.538235   329.791168   
5.542239   330.342598   
5.546244   330.894404   
5.550248   331.446587   
5.554253   331.999145   
5.558257   332.552080   
5.562262   333.105391   
5.566266   333.659079   
5.570271   334.213142   
5.574275   334.767582   
5.578280   335.322398   
5.582284   335.877590   
5.586289   336.433158   
5.590293   336.989102   
5.594298   337.545423   
5.598302   338.102119   
5.602307   338.659191   
5.606311   339.216640   
5.610316   339.774465   
5.614320   340.332665   
5.618325   340.891242   
5.622329   341.450195   
5.626334   342.009523   
5.630338   342.569228   
5.634343   343.129308   
5.638347   343.689765   
5.642352   344.250597   
5.646356   344.811806   
5.650361   345.373390   
5.654365   345.935350   
5.658370   346.497686   
5.662374   347.060398   
5.666379   347.623485   
5.670383   348.186949   
5.674388   348.750788   
5.678392   349.315003   
5.682397   349.879594   
5.686401   350.444561   
5.690406   351.009903   
5.694410   351.575621   
5.698415   352.141715   
5.702419   352.708185   
5.706424   353.275030   
5.710428   353.842251   
5.714433   354.409848   
5.718438   354.977820   
5.722442   355.546168   
5.726447   356.114892   
5.730451   356.683991   
5.734456   357.253466   
5.738460   357.823316   
5.742465   358.393542   
5.746469   358.964143   
5.750474   359.535121   
5.754478   360.106473   
5.758483   360.678201   
5.762487   361.250305   
5.766492   361.822784   
5.770496   362.395639   
5.774501   362.968869   
5.778505   363.542474   
5.782510   364.116455   
5.786514   364.690811   
5.790519   365.265543   
5.794523   365.840650   
5.798528   366.416133   
5.802532   366.991991   
5.806537   367.568224   
5.810541   368.144833   
5.814546   368.721817   
5.818550   369.299176   
5.822555   369.876911   
5.826559   370.455021   
5.830564   371.033506   
5.834568   371.612366   
5.838573   372.191602   
5.842577   372.771213   
5.846582   373.351199   
5.850586   373.931561   
5.854591   374.512297   
5.858595   375.093409   
5.862600   375.674896   
5.866604   376.256758   
5.870609   376.838995   
5.874613   377.421608   
5.878618   378.004595   
5.882622   378.587958   
5.886627   379.171696   
5.890631   379.755808   
5.894636   380.340296   
5.898640   380.925159   
5.902645   381.510397   
5.906649   382.096010   
5.910654   382.681998   
5.914658   383.268362   
5.918663   383.855100   
5.922667   384.442213   
5.926672   385.029701   
5.930676   385.617564   
5.934681   386.205802   
5.938685   386.794415   
5.942690   387.383402   
5.946694   387.972765   
5.950699   388.562503   
5.954703   389.152615   
5.958708   389.743103   
5.962713   390.333965   
5.966717   390.925202   
5.970722   391.516814   
5.974726   392.108801   
5.978731   392.701162   
5.982735   393.293899   
5.986740   393.887010   
5.990744   394.480496   
5.994749   395.074356   
5.998753   395.668592   
6.002758   396.263202   
6.006762   396.858187   
6.010767   397.453546   
6.014771   398.049281   
6.018776   398.645390   
6.022780   399.241873   
6.026785   399.838732   
6.030789   400.435965   
6.034794   401.033573   
6.038798   401.631555   
6.042803   402.229912   
6.046807   402.828643   
6.050812   403.427749   
6.054816   404.027230   
6.058821   404.627085   
6.062825   405.227315   
6.066830   405.827920   
6.070834   406.428898   
6.074839   407.030252   
6.078843   407.631980   
6.082848   408.234082   
6.086852   408.836559   
6.090857   409.439411   
6.094861   410.042637   
6.098866   410.646237   
6.102870   411.250212   
6.106875   411.854561   
6.110879   412.459285   
6.114884   413.064383   
6.118888   413.669855   
6.122893   414.275702   
6.126897   414.881923   
6.130902   415.488519   
6.134906   416.095489   
6.138911   416.702833   
6.142915   417.310551   
6.146920   417.918644   
6.150924   418.527111   
6.154929   419.135953   
6.158933   419.745169   
6.162938   420.354759   
6.166942   420.964723   
6.170947   421.575062   
6.174951   422.185775   
6.178956   422.796862   
6.182960   423.408323   
6.186965   424.020158   
6.190969   424.632368   
6.194974   425.244952   
6.198978   425.857910   
6.202983   426.471242   
6.206987   427.084948   
6.210992   427.699029   
6.214997   428.313483   
6.219001   428.928312   
6.223006   429.543515   
6.227010   430.159091   
6.231015   430.775042   
6.235019   431.391367   
6.239024   432.008067   
6.243028   432.625140   
6.247033   433.242587   
6.251037   433.860408   
6.255042   434.478603   
6.259046   435.097173   
6.263051   435.716116   
6.267055   436.335433   
6.271060   436.955124   
6.275064   437.575189   
6.279069   438.195628   
6.283073   438.816441   
6.287078   439.437628   
6.291082   440.059189   
6.295087   440.681124   
6.299091   441.303433   
6.303096   441.926115   
6.307100   442.549172   
6.311105   443.172602   
6.315109   443.796406   
6.319114   444.420584   
6.323118   445.045136   
6.327123   445.670062   
6.331127   446.295361   
6.335132   446.921034   
6.339136   447.547081   
6.343141   448.173502   
6.347145   448.800297   
6.351150   449.427465   
6.355154   450.055007   
6.359159   450.682923   
6.363163   451.311213   
6.367168   451.939876   
6.371172   452.568913   
6.375177   453.198324   
6.379181   453.828108   
6.383186   454.458266   
6.387190   455.088798   
6.391195   455.719703   
6.395199   456.350982   
6.399204   456.982635   
6.403208   457.614661   
6.407213   458.247061   
6.411217   458.879835   
6.415222   459.512982   
6.419226   460.146503   
6.423231   460.780397   
6.427235   461.414665   
6.431240   462.049306   
6.435244   462.684321   
6.439249   463.319709   
6.443253   463.955471   
6.447258   464.591607   
6.451262   465.228116   
6.455267   465.864998   
6.459272   466.502254   
6.463276   467.139883   
6.467281   467.777886   
6.471285   468.416263   
6.475290   469.055012   
6.479294   469.694136   
6.483299   470.333632   
6.487303   470.973502   
6.491308   471.613746   
6.495312   472.254362   
6.499317   472.895353   
6.503321   473.536716   
6.507326   474.178453   
6.511330   474.820563   
6.515335   475.463047   
6.519339   476.105904   
6.523344   476.749134   
6.527348   477.392738   
6.531353   478.036715   
6.535357   478.681065   
6.539362   479.325788   
6.543366   479.970885   
6.547371   480.616355   
6.551375   481.262198   
6.555380   481.908414   
6.559384   482.555004   
6.563389   483.201967   
6.567393   483.849303   
6.571398   484.497013   
6.575402   485.145095   
6.579407   485.793551   
6.583411   486.442380   
6.587416   487.091582   
6.591420   487.741157   
6.595425   488.391105   
6.599429   489.041427   
6.603434   489.692121   
6.607438   490.343189   
6.611443   490.994630   
6.615447   491.646444   
6.619452   492.298631   
6.623456   492.951191   
6.627461   493.604124   
6.631465   494.257430   
6.635470   494.911109   
6.639474   495.565162   
6.643479   496.219587   
6.647483   496.874385   
6.651488   497.529556   
6.655492   498.185101   
6.659497   498.841018   
6.663501   499.497308   
6.667506   500.153972   
6.671510   500.811008   
6.675515   501.468417   
6.679519   502.126199   
6.683524   502.784354   
6.687528   503.442882   
6.691533   504.101783   
6.695537   504.761057   
6.699542   505.420704   
6.703546   506.080723   
6.707551   506.741116   
6.711556   507.401881   
6.715560   508.063019   
6.719565   508.724530   
6.723569   509.386414   
6.727574   510.048671   
6.731578   510.711301   
6.735583   511.374303   
6.739587   512.037678   
6.743592   512.701426   
6.747596   513.365547   
6.751601   514.030040   
6.755605   514.694907   
6.759610   515.360146   
6.763614   516.025757   
6.767619   516.691742   
6.771623   517.358099   
6.775628   518.024829   
6.779632   518.691932   
6.783637   519.359407   
6.787641   520.027255   
6.791646   520.695476   
6.795650   521.364070   
6.799655   522.033036   
6.803659   522.702375   
6.807664   523.372086   
6.811668   524.042170   
6.815673   524.712627   
6.819677   525.383456   
6.823682   526.054658   
6.827686   526.726232   
6.831691   527.398180   
6.835695   528.070499   
6.839700   528.743192   
6.843704   529.416256   
6.847709   530.089694   
6.851713   530.763504   
6.855718   531.437686   
6.859722   532.112241   
6.863727   532.787169   
6.867731   533.462469   
6.871736   534.138141   
6.875740   534.814186   
6.879745   535.490604   
6.883749   536.167394   
6.887754   536.844556   
6.891758   537.522091   
6.895763   538.199999   
6.899767   538.878279   
6.903772   539.556931   
6.907776   540.235956   
6.911781   540.915353   
6.915785   541.595122   
6.919790   542.275264   
6.923794   542.955779   
6.927799   543.636665   
6.931803   544.317924   
6.935808   544.999556   
6.939812   545.681559   
6.943817   546.363936   
6.947821   547.046684   
6.951826   547.729805   
6.955831   548.413298   
6.959835   549.097163   
6.963840   549.781401   
6.967844   550.466011   
6.971849   551.150993   
6.975853   551.836348   
6.979858   552.522075   
6.983862   553.208174   
6.987867   553.894645   
6.991871   554.581489   
6.995876   555.268705   
6.999880   555.956293   
7.003885   556.644253   
7.007889   557.332586   
7.011894   558.021290   
7.015898   558.710367   
7.019903   559.399816   
7.023907   560.089638   
7.027912   560.779831   
7.031916   561.470396   
7.035921   562.161334   
7.039925   562.852644   
7.043930   563.544326   
7.047934   564.236380   
7.051939   564.928806   
7.055943   565.621605   
7.059948   566.314775   
7.063952   567.008318   
7.067957   567.702232   
7.071961   568.396519   
7.075966   569.091178   
7.079970   569.786208   
7.083975   570.481611   
7.087979   571.177386   
7.091984   571.873533   
7.095988   572.570052   
7.099993   573.266943   
7.103997   573.964206   
7.108002   574.661841   
7.112006   575.359848   
7.116011   576.058226   
7.120015   576.756977   
7.124020   577.456100   
7.128024   578.155595   
7.132029   578.855462   
7.136033   579.555700   
7.140038   580.256311   
7.144042   580.957293   
7.148047   581.658648   
7.152051   582.360374   
7.156056   583.062473   
7.160060   583.764943   
7.164065   584.467785   
7.168069   585.170999   
7.172074   585.874584   
7.176078   586.578542   
7.180083   587.282871   
7.184087   587.987573   
7.188092   588.692646   
7.192096   589.398091   
7.196101   590.103908   
7.200105   590.810096   
7.204110   591.516657   
7.208115   592.223589   
7.212119   592.930893   
7.216124   593.638568   
7.220128   594.346616   
7.224133   595.055035   
7.228137   595.763826   
7.232142   596.472989   
7.236146   597.182523   
7.240151   597.892430   
7.244155   598.602708   
7.248160   599.313357   
7.252164   600.024379   
7.256169   600.735772   
7.260173   601.447536   
7.264178   602.159673   
7.268182   602.872181   
7.272187   603.585061   
7.276191   604.298312   
7.280196   605.011935   
7.284200   605.725930   
7.288205   606.440296   
7.292209   607.155034   
7.296214   607.870143   
7.300218   608.585625   
7.304223   609.301477   
7.308227   610.017702   
7.312232   610.734298   
7.316236   611.451265   
7.320241   612.168604   
7.324245   612.886315   
7.328250   613.604397   
7.332254   614.322851   
7.336259   615.041676   
7.340263   615.760873   
7.344268   616.480441   
7.348272   617.200381   
7.352277   617.920692   
7.356281   618.641375   
7.360286   619.362429   
7.364290   620.083855   
7.368295   620.805652   
7.372299   621.527821   
7.376304   622.250361   
7.380308   622.973273   
7.384313   623.696556   
7.388317   624.420211   
7.392322   625.144237   
7.396326   625.868634   
7.400331   626.593403   
7.404335   627.318543   
7.408340   628.044054   
7.412344   628.769937   
7.416349   629.496192   
7.420353   630.222817   
7.424358   630.949815   
7.428362   631.677183   
7.432367   632.404923   
7.436371   633.133034   
7.440376   633.861516   
7.444380   634.590370   
7.448385   635.319595   
7.452390   636.049192   
7.456394   636.779159   
7.460399   637.509498   
7.464403   638.240209   
7.468408   638.971290   
7.472412   639.702743   
7.476417   640.434567   
7.480421   641.166763   
7.484426   641.899329   
7.488430   642.632267   
7.492435   643.365576   
7.496439   644.099257   
7.500444   644.833308   
7.504448   645.567731   
7.508453   646.302525   
7.512457   647.037690   
7.516462   647.773226   
7.520466   648.509134   
7.524471   649.245413   
7.528475   649.982062   
7.532480   650.719083   
7.536484   651.456476   
7.540489   652.194239   
7.544493   652.932373   
7.548498   653.670879   
7.552502   654.409756   
7.556507   655.149004   
7.560511   655.888623   
7.564516   656.628613   
7.568520   657.368974   
7.572525   658.109706   
7.576529   658.850809   
7.580534   659.592284   
7.584538   660.334129   
7.588543   661.076345   
7.592547   661.818933   
7.596552   662.561892   
7.600556   663.305221   
7.604561   664.048922   
7.608565   664.792993   
7.612570   665.537436   
7.616574   666.282250   
7.620579   667.027434   
7.624583   667.772990   
7.628588   668.518917   
7.632592   669.265214   
7.636597   670.011883   
7.640601   670.758922   
7.644606   671.506333   
7.648610   672.254114   
7.652615   673.002266   
7.656619   673.750790   
7.660624   674.499684   
7.664628   675.248949   
7.668633   675.998585   
7.672637   676.748592   
7.676642   677.498970   
7.680646   678.249718   
7.684651   679.000838   
7.688655   679.752328   
7.692660   680.504190   
7.696664   681.256422   
7.700669   682.009025   
7.704674   682.761999   
7.708678   683.515343   
7.712683   684.269059   
7.716687   685.023145   
7.720692   685.777602   
7.724696   686.532430   
7.728701   687.287629   
7.732705   688.043199   
7.736710   688.799139   
7.740714   689.555450   
7.744719   690.312132   
7.748723   691.069185   
7.752728   691.826608   
7.756732   692.584402   
7.760737   693.342567   
7.764741   694.101103   
7.768746   694.860009   
7.772750   695.619286   
7.776755   696.378934   
7.780759   697.138952   
7.784764   697.899342   
7.788768   698.660101   
7.792773   699.421232   
7.796777   700.182733   
7.800782   700.944605   
7.804786   701.706848   
7.808791   702.469461   
7.812795   703.232445   
7.816800   703.995799   
7.820804   704.759525   
7.824809   705.523620   
7.828813   706.288087   
7.832818   707.052924   
7.836822   707.818131   
7.840827   708.583710   
7.844831   709.349658   
7.848836   710.115978   
7.852840   710.882668   
7.856845   711.649728   
7.860849   712.417159   
7.864854   713.184961   
7.868858   713.953133   
7.872863   714.721676   
7.876867   715.490589   
7.880872   716.259873   
7.884876   717.029527   
7.888881   717.799552   
7.892885   718.569948   
7.896890   719.340713   
7.900894   720.111850   
7.904899   720.883357   
7.908903   721.655234   
7.912908   722.427482   
7.916912   723.200100   
7.920917   723.973089   
7.924921   724.746448   
7.928926   725.520178   
7.932930   726.294278   
7.936935   727.068748   
7.940939   727.843589   
7.944944   728.618800   
7.948949   729.394382   
7.952953   730.170334   
7.956958   730.946657   
7.960962   731.723350   
7.964967   732.500413   
7.968971   733.277847   
7.972976   734.055651   
7.976980   734.833825   
7.980985   735.612370   
7.984989   736.391285   
7.988994   737.170571   
7.992998   737.950226   
7.997003   738.730253   
8.001007   739.510649   
8.005012   740.291416   
