0.004005   0.000000   
0.008009   0.000065   
0.012014   -0.000002   
0.016018   -0.000219   
0.020023   -0.000600   
0.024027   -0.001154   
0.028032   -0.001885   
0.032036   -0.002797   
0.036041   -0.003891   
0.040045   -0.005168   
0.044050   -0.006627   
0.048054   -0.008268   
0.052059   -0.010089   
0.056063   -0.012090   
0.060068   -0.014269   
0.064072   -0.016623   
0.068077   -0.019150   
0.072081   -0.021848   
0.076086   -0.024715   
0.080090   -0.027748   
0.084095   -0.030944   
0.088099   -0.034301   
0.092104   -0.037816   
0.096108   -0.041487   
0.100113   -0.045309   
0.104117   -0.049281   
0.108122   -0.053400   
0.112126   -0.057662   
0.116131   -0.062064   
0.120135   -0.066604   
0.124140   -0.071278   
0.128144   -0.076084   
0.132149   -0.081019   
0.136153   -0.086078   
0.140158   -0.091260   
0.144162   -0.096562   
0.148167   -0.101979   
0.152171   -0.107510   
0.156176   -0.113151   
0.160180   -0.118899   
0.164185   -0.124751   
0.168189   -0.130704   
0.172194   -0.136755   
0.176198   -0.142901   
0.180203   -0.149140   
0.184207   -0.155467   
0.188212   -0.161880   
0.192216   -0.168376   
0.196221   -0.174952   
0.200225   -0.181605   
0.204230   -0.188333   
0.208234   -0.195131   
0.212239   -0.201998   
0.216243   -0.208931   
0.220248   -0.215926   
0.224252   -0.222980   
0.228257   -0.230092   
0.232261   -0.237257   
0.236266   -0.244474   
0.240270   -0.251738   
0.244275   -0.259048   
0.248279   -0.266401   
0.252284   -0.273794   
0.256289   -0.281224   
0.260293   -0.288688   
0.264298   -0.296184   
0.268302   -0.303709   
0.272307   -0.311260   
0.276311   -0.318835   
0.280316   -0.326431   
0.284320   -0.334044   
0.288325   -0.341674   
0.292329   -0.349316   
0.296334   -0.356969   
0.300338   -0.364629   
0.304343   -0.372295   
0.308347   -0.379963   
0.312352   -0.387631   
0.316356   -0.395297   
0.320361   -0.402958   
0.324365   -0.410611   
0.328370   -0.418254   
0.332374   -0.425885   
0.336379   -0.433501   
0.340383   -0.441100   
0.344388   -0.448678   
0.348392   -0.456235   
0.352397   -0.463767   
0.356401   -0.471272   
0.360406   -0.478747   
0.364410   -0.486191   
0.368415   -0.493601   
0.372419   -0.500974   
0.376424   -0.508309   
0.380428   -0.515603   
0.384433   -0.522853   
0.388437   -0.530058   
0.392442   -0.537215   
0.396446   -0.544322   
0.400451   -0.551377   
0.404455   -0.558378   
0.408460   -0.565321   
0.412464   -0.572206   
0.416469   -0.579030   
0.420473   -0.585791   
0.424478   -0.592486   
0.428482   -0.599114   
0.432487   -0.605672   
0.436491   -0.612159   
0.440496   -0.618572   
0.444500   -0.624909   
0.448505   -0.631168   
0.452509   -0.637348   
0.456514   -0.643445   
0.460518   -0.649458   
0.464523   -0.655386   
0.468527   -0.661225   
0.472532   -0.666975   
0.476536   -0.672632   
0.480541   -0.678196   
0.484545   -0.683664   
0.488550   -0.689034   
0.492554   -0.694304   
0.496559   -0.699473   
0.500564   -0.704539   
0.504568   -0.709499   
0.508573   -0.714351   
0.512577   -0.719095   
0.516582   -0.723728   
0.520586   -0.728248   
0.524591   -0.732653   
0.528595   -0.736942   
0.532600   -0.741113   
0.536604   -0.745164   
0.540609   -0.749093   
0.544613   -0.752899   
0.548618   -0.756579   
0.552622   -0.760132   
0.556627   -0.763557   
0.560631   -0.766851   
0.564636   -0.770013   
0.568640   -0.773041   
0.572645   -0.775934   
0.576649   -0.778689   
0.580654   -0.781305   
0.584658   -0.783781   
0.588663   -0.786115   
0.592667   -0.788305   
0.596672   -0.790350   
0.600676   -0.792248   
0.604681   -0.793997   
0.608685   -0.795595   
0.612690   -0.797042   
0.616694   -0.798336   
0.620699   -0.799475   
0.624703   -0.800457   
0.628708   -0.801281   
0.632712   -0.801946   
0.636717   -0.802450   
0.640721   -0.802791   
0.644726   -0.802968   
0.648730   -0.802980   
0.652735   -0.802824   
0.656739   -0.802500   
0.660744   -0.802007   
0.664748   -0.801341   
0.668753   -0.800504   
0.672757   -0.799491   
0.676762   -0.798303   
0.680766   -0.796938   
0.684771   -0.795395   
0.688775   -0.793672   
0.692780   -0.791767   
0.696784   -0.789680   
0.700789   -0.787409   
0.704793   -0.784952   
0.708798   -0.782309   
0.712802   -0.779477   
0.716807   -0.776457   
0.720811   -0.773245   
0.724816   -0.769842   
0.728820   -0.766245   
0.732825   -0.762454   
0.736829   -0.758467   
0.740834   -0.754282   
0.744838   -0.749899   
0.748843   -0.745317   
0.752848   -0.740533   
0.756852   -0.735547   
0.760857   -0.730358   
0.764861   -0.724964   
0.768866   -0.719365   
0.772870   -0.713558   
0.776875   -0.707542   
0.780879   -0.701317   
0.784884   -0.694882   
0.788888   -0.688235   
0.792893   -0.681374   
0.796897   -0.674299   
0.800902   -0.667009   
0.804906   -0.659502   
0.808911   -0.651778   
0.812915   -0.643835   
0.816920   -0.635671   
0.820924   -0.627287   
0.824929   -0.618680   
0.828933   -0.609850   
0.832938   -0.600796   
0.836942   -0.591516   
0.840947   -0.582010   
0.844951   -0.572276   
0.848956   -0.562313   
0.852960   -0.552120   
0.856965   -0.541696   
0.860969   -0.531041   
0.864974   -0.520152   
0.868978   -0.509030   
0.872983   -0.497672   
0.876987   -0.486078   
0.880992   -0.474247   
0.884996   -0.462178   
0.889001   -0.449870   
0.893005   -0.437322   
0.897010   -0.424533   
0.901014   -0.411501   
0.905019   -0.398227   
0.909023   -0.384708   
0.913028   -0.370945   
0.917032   -0.356935   
0.921037   -0.342679   
0.925041   -0.328174   
0.929046   -0.313421   
0.933050   -0.298418   
0.937055   -0.283164   
0.941059   -0.267659   
0.945064   -0.251901   
0.949068   -0.235890   
0.953073   -0.219624   
0.957077   -0.203103   
0.961082   -0.186326   
0.965086   -0.169292   
0.969091   -0.151999   
0.973095   -0.134449   
0.977100   -0.116638   
0.981104   -0.098567   
0.985109   -0.080234   
0.989113   -0.061639   
0.993118   -0.042781   
0.997123   -0.023659   
1.001127   -0.004273   
1.005132   0.015380   
1.009136   0.035299   
1.013141   0.055485   
1.017145   0.075939   
1.021150   0.096662   
1.025154   0.117655   
1.029159   0.138919   
1.033163   0.160453   
1.037168   0.182260   
1.041172   0.204340   
1.045177   0.226694   
1.049181   0.249322   
1.053186   0.272225   
1.057190   0.295404   
1.061195   0.318860   
1.065199   0.342594   
1.069204   0.366605   
1.073208   0.390896   
1.077213   0.415467   
1.081217   0.440318   
1.085222   0.465450   
1.089226   0.490864   
1.093231   0.516561   
1.097235   0.542542   
1.101240   0.568806   
1.105244   0.595356   
1.109249   0.622191   
1.113253   0.649312   
1.117258   0.676720   
1.121262   0.704415   
1.125267   0.732399   
1.129271   0.760673   
1.133276   0.789235   
1.137280   0.818088   
1.141285   0.847232   
1.145289   0.876668   
1.149294   0.906396   
1.153298   0.936417   
1.157303   0.966732   
1.161307   0.997341   
1.165312   1.028245   
1.169316   1.059445   
1.173321   1.090941   
1.177325   1.122734   
1.181330   1.154824   
1.185334   1.187212   
1.189339   1.219899   
1.193343   1.252886   
1.197348   1.286172   
1.201352   1.319759   
1.205357   1.353647   
1.209361   1.387837   
1.213366   1.422330   
1.217370   1.457125   
1.221375   1.492224   
1.225379   1.527627   
1.229384   1.563335   
1.233388   1.599348   
1.237393   1.635667   
1.241397   1.672292   
1.245402   1.709224   
1.249407   1.746464   
1.253411   1.784012   
1.257416   1.821869   
1.261420   1.860035   
1.265425   1.898511   
1.269429   1.937297   
1.273434   1.976395   
1.277438   2.015803   
1.281443   2.055524   
1.285447   2.095556   
1.289452   2.135902   
1.293456   2.176562   
1.297461   2.217536   
1.301465   2.258824   
1.305470   2.300427   
1.309474   2.342346   
1.313479   2.384581   
1.317483   2.427133   
1.321488   2.470001   
1.325492   2.513188   
1.329497   2.556692   
1.333501   2.600515   
1.337506   2.644658   
1.341510   2.689119   
1.345515   2.733901   
1.349519   2.779004   
1.353524   2.824427   
1.357528   2.870172   
1.361533   2.916239   
1.365537   2.962628   
1.369542   3.009341   
1.373546   3.056376   
1.377551   3.103736   
1.381555   3.151420   
1.385560   3.199428   
1.389564   3.247762   
1.393569   3.296421   
1.397573   3.345406   
1.401578   3.394718   
1.405582   3.444357   
1.409587   3.494323   
1.413591   3.544617   
1.417596   3.595240   
1.421600   3.646191   
1.425605   3.697471   
1.429609   3.749080   
1.433614   3.801020   
1.437618   3.853290   
1.441623   3.905890   
1.445627   3.958822   
1.449632   4.012086   
1.453636   4.065681   
1.457641   4.119609   
1.461645   4.173870   
1.465650   4.228463   
1.469654   4.283391   
1.473659   4.338652   
1.477663   4.394248   
1.481668   4.450179   
1.485672   4.506444   
1.489677   4.563046   
1.493682   4.619983   
1.497686   4.677256   
1.501691   4.734867   
1.505695   4.792814   
1.509700   4.851098   
1.513704   4.909721   
1.517709   4.968681   
1.521713   5.027980   
1.525718   5.087618   
1.529722   5.147595   
1.533727   5.207912   
1.537731   5.268569   
1.541736   5.329566   
1.545740   5.390903   
1.549745   5.452582   
1.553749   5.514602   
1.557754   5.576963   
1.561758   5.639667   
1.565763   5.702713   
1.569767   5.766102   
1.573772   5.829833   
1.577776   5.893908   
1.581781   5.958327   
1.585785   6.023090   
1.589790   6.088197   
1.593794   6.153649   
1.597799   6.219446   
1.601803   6.285588   
1.605808   6.352075   
1.609812   6.418909   
1.613817   6.486089   
1.617821   6.553615   
1.621826   6.621488   
1.625830   6.689709   
1.629835   6.758277   
1.633839   6.827193   
1.637844   6.896456   
1.641848   6.966069   
1.645853   7.036030   
1.649857   7.106339   
1.653862   7.176998   
1.657866   7.248007   
1.661871   7.319366   
1.665875   7.391074   
1.669880   7.463133   
1.673884   7.535543   
1.677889   7.608304   
1.681893   7.681416   
1.685898   7.754880   
1.689902   7.828695   
1.693907   7.902863   
1.697911   7.977382   
1.701916   8.052255   
1.705920   8.127480   
1.709925   8.203059   
1.713929   8.278991   
1.717934   8.355277   
1.721938   8.431916   
1.725943   8.508910   
1.729947   8.586259   
1.733952   8.663962   
1.737956   8.742020   
1.741961   8.820433   
1.745966   8.899202   
1.749970   8.978327   
1.753975   9.057807   
1.757979   9.137644   
1.761984   9.217838   
1.765988   9.298388   
1.769993   9.379295   
1.773997   9.460559   
1.778002   9.542181   
1.782006   9.624160   
1.786011   9.706498   
1.790015   9.789193   
1.794020   9.872247   
1.798024   9.955660   
1.802029   10.039431   
1.806033   10.123562   
1.810038   10.208051   
1.814042   10.292901   
1.818047   10.378110   
1.822051   10.463679   
1.826056   10.549608   
1.830060   10.635898   
1.834065   10.722548   
1.838069   10.809559   
1.842074   10.896931   
1.846078   10.984665   
1.850083   11.072760   
1.854087   11.161217   
1.858092   11.250035   
1.862096   11.339216   
1.866101   11.428759   
1.870105   11.518664   
1.874110   11.608933   
1.878114   11.699564   
1.882119   11.790558   
1.886123   11.881916   
1.890128   11.973637   
1.894132   12.065722   
1.898137   12.158170   
1.902141   12.250983   
1.906146   12.344161   
1.910150   12.437702   
1.914155   12.531609   
1.918159   12.625880   
1.922164   12.720516   
1.926168   12.815518   
1.930173   12.910884   
1.934177   13.006617   
1.938182   13.102715   
1.942186   13.199180   
1.946191   13.296010   
1.950195   13.393207   
1.954200   13.490770   
1.958204   13.588700   
1.962209   13.686997   
1.966213   13.785661   
1.970218   13.884692   
1.974222   13.984090   
1.978227   14.083856   
1.982231   14.183990   
1.986236   14.284491   
1.990241   14.385361   
1.994245   14.486599   
1.998250   14.588205   
2.002254   14.690179   
2.006259   14.792523   
2.010263   14.895235   
2.014268   14.998316   
2.018272   15.101766   
2.022277   15.205586   
2.026281   15.309775   
2.030286   15.414334   
2.034290   15.519263   
2.038295   15.624561   
2.042299   15.730230   
2.046304   15.836269   
2.050308   15.942678   
2.054313   16.049458   
2.058317   16.156609   
2.062322   16.264130   
2.066326   16.372022   
2.070331   16.480286   
2.074335   16.588921   
2.078340   16.697927   
2.082344   16.807304   
2.086349   16.917054   
2.090353   17.027175   
2.094358   17.137668   
2.098362   17.248533   
2.102367   17.359771   
2.106371   17.471381   
2.110376   17.583363   
2.114380   17.695718   
2.118385   17.808446   
2.122389   17.921547   
2.126394   18.035021   
2.130398   18.148868   
2.134403   18.263088   
2.138407   18.377682   
2.142412   18.492649   
2.146416   18.607990   
2.150421   18.723704   
2.154425   18.839793   
2.158430   18.956255   
2.162434   19.073092   
2.166439   19.190303   
2.170443   19.307889   
2.174448   19.425849   
2.178452   19.544183   
2.182457   19.662893   
2.186461   19.781977   
2.190466   19.901436   
2.194470   20.021271   
2.198475   20.141480   
2.202479   20.262065   
2.206484   20.383025   
2.210488   20.504361   
2.214493   20.626073   
2.218497   20.748160   
2.222502   20.870624   
2.226506   20.993463   
2.230511   21.116678   
2.234515   21.240270   
2.238520   21.364237   
2.242525   21.488582   
2.246529   21.613302   
2.250534   21.738400   
2.254538   21.863874   
2.258543   21.989725   
2.262547   22.115953   
2.266552   22.242558   
2.270556   22.369540   
2.274561   22.496899   
2.278565   22.624635   
2.282570   22.752749   
2.286574   22.881241   
2.290579   23.010110   
2.294583   23.139356   
2.298588   23.268981   
2.302592   23.398984   
2.306597   23.529364   
2.310601   23.660122   
2.314606   23.791259   
2.318610   23.922774   
2.322615   24.054667   
2.326619   24.186939   
2.330624   24.319589   
2.334628   24.452618   
2.338633   24.586025   
2.342637   24.719812   
2.346642   24.853977   
2.350646   24.988521   
2.354651   25.123444   
2.358655   25.258746   
2.362660   25.394428   
2.366664   25.530488   
2.370669   25.666928   
2.374673   25.803748   
2.378678   25.940947   
2.382682   26.078526   
2.386687   26.216484   
2.390691   26.354822   
2.394696   26.493540   
2.398700   26.632637   
2.402705   26.772115   
2.406709   26.911973   
2.410714   27.052211   
2.414718   27.192829   
2.418723   27.333827   
2.422727   27.475206   
2.426732   27.616965   
2.430736   27.759105   
2.434741   27.901625   
2.438745   28.044526   
2.442750   28.187808   
2.446754   28.331470   
2.450759   28.475513   
2.454763   28.619937   
2.458768   28.764742   
2.462772   28.909929   
2.466777   29.055496   
2.470781   29.201444   
2.474786   29.347774   
2.478790   29.494485   
2.482795   29.641577   
2.486800   29.789051   
2.490804   29.936906   
2.494809   30.085143   
2.498813   30.233761   
2.502818   30.382761   
2.506822   30.532143   
2.510827   30.681906   
2.514831   30.832052   
2.518836   30.982579   
2.522840   31.133488   
2.526845   31.284780   
2.530849   31.436453   
2.534854   31.588509   
2.538858   31.740946   
2.542863   31.893766   
2.546867   32.046969   
2.550872   32.200553   
2.554876   32.354520   
2.558881   32.508870   
2.562885   32.663602   
2.566890   32.818717   
2.570894   32.974214   
2.574899   33.130094   
2.578903   33.286356   
2.582908   33.443002   
2.586912   33.600030   
2.590917   33.757441   
2.594921   33.915235   
2.598926   34.073412   
2.602930   34.231972   
2.606935   34.390915   
2.610939   34.550241   
2.614944   34.709951   
2.618948   34.870043   
2.622953   35.030519   
2.626957   35.191378   
2.630962   35.352621   
2.634966   35.514246   
2.638971   35.676256   
2.642975   35.838648   
2.646980   36.001424   
2.650984   36.164584   
2.654989   36.328128   
2.658993   36.492055   
2.662998   36.656365   
2.667002   36.821060   
2.671007   36.986138   
2.675011   37.151600   
2.679016   37.317446   
2.683020   37.483675   
2.687025   37.650289   
2.691029   37.817286   
2.695034   37.984668   
2.699038   38.152433   
2.703043   38.320583   
2.707047   38.489117   
2.711052   38.658034   
2.715056   38.827336   
2.719061   38.997023   
2.723065   39.167093   
2.727070   39.337548   
2.731074   39.508387   
2.735079   39.679610   
2.739084   39.851218   
2.743088   40.023210   
2.747093   40.195586   
2.751097   40.368347   
2.755102   40.541493   
2.759106   40.715023   
2.763111   40.888937   
2.767115   41.063237   
2.771120   41.237920   
2.775124   41.412989   
2.779129   41.588442   
2.783133   41.764280   
2.787138   41.940502   
2.791142   42.117109   
2.795147   42.294102   
2.799151   42.471478   
2.803156   42.649240   
2.807160   42.827387   
2.811165   43.005918   
2.815169   43.184835   
2.819174   43.364136   
2.823178   43.543822   
2.827183   43.723894   
2.831187   43.904350   
2.835192   44.085192   
2.839196   44.266418   
2.843201   44.448030   
2.847205   44.630026   
2.851210   44.812408   
2.855214   44.995175   
2.859219   45.178327   
2.863223   45.361864   
2.867228   45.545787   
2.871232   45.730095   
2.875237   45.914788   
2.879241   46.099866   
2.883246   46.285330   
2.887250   46.471179   
2.891255   46.657413   
2.895259   46.844032   
2.899264   47.031037   
2.903268   47.218428   
2.907273   47.406204   
2.911277   47.594365   
2.915282   47.782912   
2.919286   47.971844   
2.923291   48.161161   
2.927295   48.350865   
2.931300   48.540953   
2.935304   48.731427   
2.939309   48.922287   
2.943313   49.113532   
2.947318   49.305163   
2.951322   49.497180   
2.955327   49.689582   
2.959331   49.882369   
2.963336   50.075543   
2.967340   50.269102   
2.971345   50.463046   
2.975349   50.657377   
2.979354   50.852093   
2.983359   51.047194   
2.987363   51.242682   
2.991368   51.438555   
2.995372   51.634813   
2.999377   51.831458   
3.003381   52.028488   
3.007386   52.225904   
3.011390   52.423706   
3.015395   52.621894   
3.019399   52.820467   
3.023404   53.019426   
3.027408   53.218771   
3.031413   53.418502   
3.035417   53.618619   
3.039422   53.819121   
3.043426   54.020010   
3.047431   54.221284   
3.051435   54.422944   
3.055440   54.624990   
3.059444   54.827422   
3.063449   55.030240   
3.067453   55.233443   
3.071458   55.437033   
3.075462   55.641008   
3.079467   55.845369   
3.083471   56.050117   
3.087476   56.255250   
3.091480   56.460769   
3.095485   56.666674   
3.099489   56.872965   
3.103494   57.079641   
3.107498   57.286704   
3.111503   57.494153   
3.115507   57.701988   
3.119512   57.910208   
3.123516   58.118815   
3.127521   58.327807   
3.131525   58.537186   
3.135530   58.746950   
3.139534   58.957101   
3.143539   59.167637   
3.147543   59.378560   
3.151548   59.589868   
3.155552   59.801562   
3.159557   60.013643   
3.163561   60.226109   
3.167566   60.438961   
3.171570   60.652200   
3.175575   60.865824   
3.179579   61.079834   
3.183584   61.294230   
3.187588   61.509012   
3.191593   61.724181   
3.195597   61.939735   
3.199602   62.155675   
3.203606   62.372001   
3.207611   62.588713   
3.211615   62.805811   
3.215620   63.023295   
3.219624   63.241165   
3.223629   63.459421   
3.227633   63.678063   
3.231638   63.897091   
3.235643   64.116505   
3.239647   64.336304   
3.243652   64.556490   
3.247656   64.777062   
3.251661   64.998019   
3.255665   65.219363   
3.259670   65.441093   
3.263674   65.663208   
3.267679   65.885709   
3.271683   66.108597   
3.275688   66.331870   
3.279692   66.555529   
3.283697   66.779574   
3.287701   67.004005   
3.291706   67.228822   
3.295710   67.454025   
3.299715   67.679614   
3.303719   67.905588   
3.307724   68.131949   
3.311728   68.358695   
3.315733   68.585827   
3.319737   68.813346   
3.323742   69.041249   
3.327746   69.269539   
3.331751   69.498215   
3.335755   69.727276   
3.339760   69.956724   
3.343764   70.186557   
3.347769   70.416776   
3.351773   70.647380   
3.355778   70.878371   
3.359782   71.109747   
3.363787   71.341509   
3.367791   71.573657   
3.371796   71.806191   
3.375800   72.039110   
3.379805   72.272415   
3.383809   72.506106   
3.387814   72.740183   
3.391818   72.974645   
3.395823   73.209493   
3.399827   73.444727   
3.403832   73.680346   
3.407836   73.916351   
3.411841   74.152742   
3.415845   74.389518   
3.419850   74.626680   
3.423854   74.864228   
3.427859   75.102161   
3.431863   75.340480   
3.435868   75.579185   
3.439872   75.818275   
3.443877   76.057750   
3.447881   76.297612   
3.451886   76.537859   
3.455890   76.778491   
3.459895   77.019509   
3.463899   77.260912   
3.467904   77.502701   
3.471908   77.744876   
3.475913   77.987435   
3.479918   78.230381   
3.483922   78.473712   
3.487927   78.717428   
3.491931   78.961530   
3.495936   79.206017   
3.499940   79.450889   
3.503945   79.696147   
3.507949   79.941791   
3.511954   80.187819   
3.515958   80.434233   
3.519963   80.681033   
3.523967   80.928217   
3.527972   81.175787   
3.531976   81.423743   
3.535981   81.672083   
3.539985   81.920809   
3.543990   82.169920   
3.547994   82.419417   
3.551999   82.669298   
3.556003   82.919565   
3.560008   83.170217   
3.564012   83.421254   
3.568017   83.672676   
3.572021   83.924484   
3.576026   84.176676   
3.580030   84.429254   
3.584035   84.682217   
3.588039   84.935565   
3.592044   85.189297   
3.596048   85.443415   
3.600053   85.697918   
3.604057   85.952806   
3.608062   86.208079   
3.612066   86.463737   
3.616071   86.719780   
3.620075   86.976208   
3.624080   87.233021   
3.628084   87.490219   
3.632089   87.747802   
3.636093   88.005769   
3.640098   88.264122   
3.644102   88.522859   
3.648107   88.781981   
3.652111   89.041488   
3.656116   89.301379   
3.660120   89.561656   
3.664125   89.822317   
3.668129   90.083363   
3.672134   90.344794   
3.676138   90.606609   
3.680143   90.868809   
3.684147   91.131394   
3.688152   91.394363   
3.692156   91.657717   
3.696161   91.921456   
3.700165   92.185579   
3.704170   92.450087   
3.708174   92.714979   
3.712179   92.980256   
3.716183   93.245917   
3.720188   93.511963   
3.724192   93.778393   
3.728197   94.045208   
3.732202   94.312407   
3.736206   94.579991   
3.740211   94.847959   
3.744215   95.116311   
3.748220   95.385048   
3.752224   95.654169   
3.756229   95.923675   
3.760233   96.193564   
3.764238   96.463838   
3.768242   96.734496   
3.772247   97.005539   
3.776251   97.276965   
3.780256   97.548776   
3.784260   97.820971   
3.788265   98.093550   
3.792269   98.366514   
3.796274   98.639861   
3.800278   98.913593   
3.804283   99.187708   
3.808287   99.462208   
3.812292   99.737091   
3.816296   100.012359   
3.820301   100.288010   
3.824305   100.564046   
3.828310   100.840465   
3.832314   101.117269   
3.836319   101.394456   
3.840323   101.672027   
3.844328   101.949982   
3.848332   102.228321   
3.852337   102.507044   
3.856341   102.786150   
3.860346   103.065640   
3.864350   103.345514   
3.868355   103.625771   
3.872359   103.906413   
3.876364   104.187438   
3.880368   104.468846   
3.884373   104.750638   
3.888377   105.032814   
3.892382   105.315374   
3.896386   105.598317   
3.900391   105.881643   
3.904395   106.165353   
3.908400   106.449446   
3.912404   106.733923   
3.916409   107.018784   
3.920413   107.304027   
3.924418   107.589655   
3.928422   107.875665   
3.932427   108.162059   
3.936431   108.448836   
3.940436   108.735997   
3.944440   109.023540   
3.948445   109.311467   
3.952449   109.599778   
3.956454   109.888471   
3.960458   110.177548   
3.964463   110.467007   
3.968467   110.756850   
3.972472   111.047076   
3.976477   111.337685   
3.980481   111.628677   
3.984486   111.920052   
3.988490   112.211811   
3.992495   112.503952   
3.996499   112.796476   
4.000504   113.089383   
4.004508   113.382673   
4.008513   113.676345   
4.012517   113.970401   
4.016522   114.264839   
4.020526   114.559661   
4.024531   114.854865   
4.028535   115.150452   
4.032540   115.446421   
4.036544   115.742773   
4.040549   116.039508   
4.044553   116.336626   
4.048558   116.634126   
4.052562   116.932009   
4.056567   117.230274   
4.060571   117.528922   
4.064576   117.827953   
4.068580   118.127366   
4.072585   118.427161   
4.076589   118.727339   
4.080594   119.027900   
4.084598   119.328842   
4.088603   119.630167   
4.092607   119.931875   
4.096612   120.233965   
4.100616   120.536437   
4.104621   120.839291   
4.108625   121.142528   
4.112630   121.446146   
4.116634   121.750147   
4.120639   122.054531   
4.124643   122.359296   
4.128648   122.664443   
4.132652   122.969973   
4.136657   123.275884   
4.140661   123.582178   
4.144666   123.888854   
4.148670   124.195911   
4.152675   124.503351   
4.156679   124.811172   
4.160684   125.119376   
4.164688   125.427961   
4.168693   125.736928   
4.172697   126.046277   
4.176702   126.356008   
4.180706   126.666120   
4.184711   126.976614   
4.188715   127.287490   
4.192720   127.598748   
4.196724   127.910387   
4.200729   128.222408   
4.204733   128.534810   
4.208738   128.847594   
4.212742   129.160760   
4.216747   129.474307   
4.220751   129.788236   
4.224756   130.102546   
4.228761   130.417238   
4.232765   130.732311   
4.236770   131.047765   
4.240774   131.363601   
4.244779   131.679818   
4.248783   131.996416   
4.252788   132.313396   
4.256792   132.630756   
4.260797   132.948499   
4.264801   133.266622   
4.268806   133.585126   
4.272810   133.904012   
4.276815   134.223278   
4.280819   134.542926   
4.284824   134.862955   
4.288828   135.183365   
4.292833   135.504156   
4.296837   135.825328   
4.300842   136.146880   
4.304846   136.468814   
4.308851   136.791129   
4.312855   137.113824   
4.316860   137.436900   
4.320864   137.760357   
4.324869   138.084195   
4.328873   138.408414   
4.332878   138.733013   
4.336882   139.057993   
4.340887   139.383353   
4.344891   139.709095   
4.348896   140.035217   
4.352900   140.361719   
4.356905   140.688602   
4.360909   141.015865   
4.364914   141.343509   
4.368918   141.671534   
4.372923   141.999939   
4.376927   142.328724   
4.380932   142.657890   
4.384936   142.987436   
4.388941   143.317362   
4.392945   143.647669   
4.396950   143.978356   
4.400954   144.309423   
4.404959   144.640870   
4.408963   144.972697   
4.412968   145.304905   
4.416972   145.637493   
4.420977   145.970461   
4.424981   146.303809   
4.428986   146.637536   
4.432990   146.971644   
4.436995   147.306132   
4.440999   147.641000   
4.445004   147.976248   
4.449008   148.311876   
4.453013   148.647883   
4.457017   148.984270   
4.461022   149.321037   
4.465026   149.658184   
4.469031   149.995711   
4.473036   150.333617   
4.477040   150.671903   
4.481045   151.010569   
4.485049   151.349614   
4.489054   151.689039   
4.493058   152.028844   
4.497063   152.369028   
4.501067   152.709591   
4.505072   153.050534   
4.509076   153.391857   
4.513081   153.733558   
4.517085   154.075640   
4.521090   154.418100   
4.525094   154.760940   
4.529099   155.104159   
4.533103   155.447758   
4.537108   155.791736   
4.541112   156.136093   
4.545117   156.480829   
4.549121   156.825944   
4.553126   157.171438   
4.557130   157.517312   
4.561135   157.863565   
4.565139   158.210196   
4.569144   158.557207   
4.573148   158.904596   
4.577153   159.252365   
4.581157   159.600512   
4.585162   159.949039   
4.589166   160.297944   
4.593171   160.647228   
4.597175   160.996891   
4.601180   161.346932   
4.605184   161.697353   
4.609189   162.048152   
4.613193   162.399329   
4.617198   162.750886   
4.621202   163.102821   
4.625207   163.455134   
4.629211   163.807827   
4.633216   164.160897   
4.637220   164.514346   
4.641225   164.868174   
4.645229   165.222380   
4.649234   165.576965   
4.653238   165.931927   
4.657243   166.287269   
4.661247   166.642988   
4.665252   166.999086   
4.669256   167.355562   
4.673261   167.712417   
4.677265   168.069649   
4.681270   168.427260   
4.685274   168.785249   
4.689279   169.143616   
4.693283   169.502361   
4.697288   169.861484   
4.701292   170.220985   
4.705297   170.580864   
4.709301   170.941121   
4.713306   171.301756   
4.717310   171.662769   
4.721315   172.024160   
4.725320   172.385928   
4.729324   172.748075   
4.733329   173.110599   
4.737333   173.473501   
4.741338   173.836781   
4.745342   174.200438   
4.749347   174.564473   
4.753351   174.928886   
4.757356   175.293676   
4.761360   175.658844   
4.765365   176.024389   
4.769369   176.390312   
4.773374   176.756612   
4.777378   177.123290   
4.781383   177.490346   
4.785387   177.857778   
4.789392   178.225588   
4.793396   178.593775   
4.797401   178.962340   
4.801405   179.331282   
4.805410   179.700601   
4.809414   180.070297   
4.813419   180.440371   
4.817423   180.810822   
4.821428   181.181649   
4.825432   181.552854   
4.829437   181.924436   
4.833441   182.296395   
4.837446   182.668731   
4.841450   183.041444   
4.845455   183.414534   
4.849459   183.788001   
4.853464   184.161844   
4.857468   184.536065   
4.861473   184.910662   
4.865477   185.285636   
4.869482   185.660987   
4.873486   186.036714   
4.877491   186.412819   
4.881495   186.789300   
4.885500   187.166157   
4.889504   187.543391   
4.893509   187.921002   
4.897513   188.298989   
4.901518   188.677353   
4.905522   189.056093   
4.909527   189.435210   
4.913531   189.814703   
4.917536   190.194573   
4.921540   190.574819   
4.925545   190.955441   
4.929549   191.336439   
4.933554   191.717814   
4.937558   192.099565   
4.941563   192.481692   
4.945567   192.864196   
4.949572   193.247075   
4.953576   193.630331   
4.957581   194.013963   
4.961585   194.397970   
4.965590   194.782354   
4.969595   195.167114   
4.973599   195.552250   
4.977604   195.937762   
4.981608   196.323649   
4.985613   196.709913   
4.989617   197.096552   
4.993622   197.483567   
4.997626   197.870958   
5.001631   198.258725   
5.005635   198.646867   
5.009640   199.035386   
5.013644   199.424279   
5.017649   199.813549   
5.021653   200.203194   
5.025658   200.593214   
5.029662   200.983611   
5.033667   201.374382   
5.037671   201.765529   
5.041676   202.157052   
5.045680   202.548950   
5.049685   202.941223   
5.053689   203.333872   
5.057694   203.726896   
5.061698   204.120295   
5.065703   204.514070   
5.069707   204.908220   
5.073712   205.302745   
5.077716   205.697645   
5.081721   206.092921   
5.085725   206.488571   
5.089730   206.884597   
5.093734   207.280998   
5.097739   207.677773   
5.101743   208.074924   
5.105748   208.472450   
5.109752   208.870350   
5.113757   209.268626   
5.117761   209.667276   
5.121766   210.066301   
5.125770   210.465701   
5.129775   210.865476   
5.133779   211.265626   
5.137784   211.666150   
5.141788   212.067049   
5.145793   212.468322   
5.149797   212.869971   
5.153802   213.271993   
5.157806   213.674391   
5.161811   214.077163   
5.165815   214.480309   
5.169820   214.883830   
5.173824   215.287726   
5.177829   215.691996   
5.181833   216.096640   
5.185838   216.501658   
5.189842   216.907051   
5.193847   217.312818   
5.197851   217.718960   
5.201856   218.125476   
5.205860   218.532366   
5.209865   218.939630   
5.213869   219.347268   
5.217874   219.755280   
5.221879   220.163667   
5.225883   220.572427   
5.229888   220.981562   
5.233892   221.391070   
5.237897   221.800953   
5.241901   222.211209   
5.245906   222.621840   
5.249910   223.032844   
5.253915   223.444222   
5.257919   223.855974   
5.261924   224.268099   
5.265928   224.680599   
5.269933   225.093472   
5.273937   225.506719   
5.277942   225.920339   
5.281946   226.334333   
5.285951   226.748701   
5.289955   227.163443   
5.293960   227.578557   
5.297964   227.994046   
5.301969   228.409908   
5.305973   228.826143   
5.309978   229.242752   
5.313982   229.659734   
5.317987   230.077089   
5.321991   230.494818   
5.325996   230.912920   
5.330000   231.331396   
5.334005   231.750244   
5.338009   232.169466   
5.342014   232.589061   
5.346018   233.009030   
5.350023   233.429371   
5.354027   233.850085   
5.358032   234.271173   
5.362036   234.692633   
5.366041   235.114467   
5.370045   235.536673   
5.374050   235.959253   
5.378054   236.382205   
5.382059   236.805531   
5.386063   237.229229   
5.390068   237.653300   
5.394072   238.077743   
5.398077   238.502560   
5.402081   238.927749   
5.406086   239.353311   
5.410090   239.779246   
5.414095   240.205553   
5.418099   240.632233   
5.422104   241.059285   
5.426108   241.486710   
5.430113   241.914508   
5.434117   242.342678   
5.438122   242.771220   
5.442126   243.200135   
5.446131   243.629423   
5.450135   244.059082   
5.454140   244.489115   
5.458144   244.919519   
5.462149   245.350296   
5.466154   245.781445   
5.470158   246.212966   
5.474163   246.644859   
5.478167   247.077125   
5.482172   247.509762   
5.486176   247.942772   
5.490181   248.376154   
5.494185   248.809908   
5.498190   249.244034   
5.502194   249.678532   
5.506199   250.113402   
5.510203   250.548644   
5.514208   250.984258   
5.518212   251.420243   
5.522217   251.856601   
5.526221   252.293330   
5.530226   252.730431   
5.534230   253.167904   
5.538235   253.605748   
5.542239   254.043965   
5.546244   254.482553   
5.550248   254.921512   
5.554253   255.360843   
5.558257   255.800546   
5.562262   256.240620   
5.566266   256.681066   
5.570271   257.121883   
5.574275   257.563072   
5.578280   258.004632   
5.582284   258.446564   
5.586289   258.888867   
5.590293   259.331541   
5.594298   259.774587   
5.598302   260.218004   
5.602307   260.661792   
5.606311   261.105951   
5.610316   261.550482   
5.614320   261.995384   
5.618325   262.440657   
5.622329   262.886301   
5.626334   263.332316   
5.630338   263.778702   
5.634343   264.225459   
5.638347   264.672587   
5.642352   265.120086   
5.646356   265.567956   
5.650361   266.016197   
5.654365   266.464809   
5.658370   266.913792   
5.662374   267.363145   
5.666379   267.812869   
5.670383   268.262964   
5.674388   268.713430   
5.678392   269.164266   
5.682397   269.615474   
5.686401   270.067051   
5.690406   270.519000   
5.694410   270.971319   
5.698415   271.424008   
5.702419   271.877068   
5.706424   272.330499   
5.710428   272.784300   
5.714433   273.238471   
5.718438   273.693013   
5.722442   274.147925   
5.726447   274.603208   
5.730451   275.058861   
5.734456   275.514884   
5.738460   275.971277   
5.742465   276.428041   
5.746469   276.885175   
5.750474   277.342679   
5.754478   277.800553   
5.758483   278.258798   
5.762487   278.717412   
5.766492   279.176396   
5.770496   279.635751   
5.774501   280.095476   
5.778505   280.555570   
5.782510   281.016034   
5.786514   281.476869   
5.790519   281.938073   
5.794523   282.399647   
5.798528   282.861591   
5.802532   283.323905   
5.806537   283.786588   
5.810541   284.249642   
5.814546   284.713065   
5.818550   285.176857   
5.822555   285.641020   
5.826559   286.105552   
5.830564   286.570453   
5.834568   287.035724   
5.838573   287.501365   
5.842577   287.967375   
5.846582   288.433755   
5.850586   288.900504   
5.854591   289.367623   
5.858595   289.835111   
5.862600   290.302968   
5.866604   290.771195   
5.870609   291.239791   
5.874613   291.708756   
5.878618   292.178091   
5.882622   292.647794   
5.886627   293.117867   
5.890631   293.588310   
5.894636   294.059121   
5.898640   294.530301   
5.902645   295.001851   
5.906649   295.473769   
5.910654   295.946057   
5.914658   296.418714   
5.918663   296.891739   
5.922667   297.365134   
5.926672   297.838897   
5.930676   298.313030   
5.934681   298.787531   
5.938685   299.262401   
5.942690   299.737640   
5.946694   300.213247   
5.950699   300.689224   
5.954703   301.165569   
5.958708   301.642283   
5.962713   302.119365   
5.966717   302.596816   
5.970722   303.074636   
5.974726   303.552824   
5.978731   304.031381   
5.982735   304.510307   
5.986740   304.989600   
5.990744   305.469263   
5.994749   305.949294   
5.998753   306.429693   
6.002758   306.910460   
6.006762   307.391596   
6.010767   307.873100   
6.014771   308.354973   
6.018776   308.837214   
6.022780   309.319823   
6.026785   309.802800   
6.030789   310.286146   
6.034794   310.769859   
6.038798   311.253941   
6.042803   311.738391   
6.046807   312.223209   
6.050812   312.708395   
6.054816   313.193949   
6.058821   313.679871   
6.062825   314.166161   
6.066830   314.652819   
6.070834   315.139845   
6.074839   315.627238   
6.078843   316.115000   
6.082848   316.603129   
6.086852   317.091626   
6.090857   317.580491   
6.094861   318.069724   
6.098866   318.559325   
6.102870   319.049293   
6.106875   319.539628   
6.110879   320.030332   
6.114884   320.521403   
6.118888   321.012841   
6.122893   321.504648   
6.126897   321.996821   
6.130902   322.489362   
6.134906   322.982271   
6.138911   323.475547   
6.142915   323.969190   
6.146920   324.463201   
6.150924   324.957580   
6.154929   325.452325   
6.158933   325.947438   
6.162938   326.442918   
6.166942   326.938765   
6.170947   327.434980   
6.174951   327.931562   
6.178956   328.428511   
6.182960   328.925827   
6.186965   329.423510   
6.190969   329.921560   
6.194974   330.419978   
6.198978   330.918762   
6.202983   331.417913   
6.206987   331.917432   
6.210992   332.417317   
6.214997   332.917569   
6.219001   333.418188   
6.223006   333.919174   
6.227010   334.420527   
6.231015   334.922247   
6.235019   335.424333   
6.239024   335.926786   
6.243028   336.429606   
6.247033   336.932793   
6.251037   337.436346   
6.255042   337.940266   
6.259046   338.444553   
6.263051   338.949206   
6.267055   339.454226   
6.271060   339.959612   
6.275064   340.465365   
6.279069   340.971484   
6.283073   341.477970   
6.287078   341.984822   
6.291082   342.492040   
6.295087   342.999625   
6.299091   343.507576   
6.303096   344.015894   
6.307100   344.524578   
6.311105   345.033628   
6.315109   345.543045   
6.319114   346.052827   
6.323118   346.562976   
6.327123   347.073491   
6.331127   347.584372   
6.335132   348.095620   
6.339136   348.607233   
6.343141   349.119212   
6.347145   349.631558   
6.351150   350.144269   
6.355154   350.657347   
6.359159   351.170790   
6.363163   351.684599   
6.367168   352.198774   
6.371172   352.713315   
6.375177   353.228222   
6.379181   353.743495   
6.383186   354.259134   
6.387190   354.775138   
6.391195   355.291508   
6.395199   355.808244   
6.399204   356.325345   
6.403208   356.842812   
6.407213   357.360645   
6.411217   357.878843   
6.415222   358.397407   
6.419226   358.916336   
6.423231   359.435631   
6.427235   359.955292   
6.431240   360.475318   
6.435244   360.995709   
6.439249   361.516466   
6.443253   362.037588   
6.447258   362.559076   
6.451262   363.080929   
6.455267   363.603147   
6.459272   364.125731   
6.463276   364.648679   
6.467281   365.171993   
6.471285   365.695673   
6.475290   366.219717   
6.479294   366.744127   
6.483299   367.268901   
6.487303   367.794041   
6.491308   368.319546   
6.495312   368.845416   
6.499317   369.371651   
6.503321   369.898251   
6.507326   370.425216   
6.511330   370.952546   
6.515335   371.480241   
6.519339   372.008301   
6.523344   372.536725   
6.527348   373.065515   
6.531353   373.594669   
6.535357   374.124188   
6.539362   374.654072   
6.543366   375.184321   
6.547371   375.714934   
6.551375   376.245912   
6.555380   376.777255   
6.559384   377.308962   
6.563389   377.841034   
6.567393   378.373471   
6.571398   378.906272   
6.575402   379.439437   
6.579407   379.972968   
6.583411   380.506862   
6.587416   381.041121   
6.591420   381.575745   
6.595425   382.110733   
6.599429   382.646085   
6.603434   383.181802   
6.607438   383.717883   
6.611443   384.254328   
6.615447   384.791138   
6.619452   385.328311   
6.623456   385.865849   
6.627461   386.403752   
6.631465   386.942018   
6.635470   387.480649   
6.639474   388.019644   
6.643479   388.559002   
6.647483   389.098725   
6.651488   389.638812   
6.655492   390.179263   
6.659497   390.720078   
6.663501   391.261257   
6.667506   391.802800   
6.671510   392.344707   
6.675515   392.886978   
6.679519   393.429612   
6.683524   393.972611   
6.687528   394.515973   
6.691533   395.059699   
6.695537   395.603789   
6.699542   396.148243   
6.703546   396.693060   
6.707551   397.238241   
6.711556   397.783786   
6.715560   398.329694   
6.719565   398.875966   
6.723569   399.422602   
6.727574   399.969601   
6.731578   400.516963   
6.735583   401.064689   
6.739587   401.612779   
6.743592   402.161232   
6.747596   402.710049   
6.751601   403.259229   
6.755605   403.808772   
6.759610   404.358679   
6.763614   404.908949   
6.767619   405.459583   
6.771623   406.010579   
6.775628   406.561939   
6.779632   407.113663   
6.783637   407.665749   
6.787641   408.218199   
6.791646   408.771012   
6.795650   409.324188   
6.799655   409.877727   
6.803659   410.431629   
6.807664   410.985894   
6.811668   411.540523   
6.815673   412.095514   
6.819677   412.650868   
6.823682   413.206586   
6.827686   413.762666   
6.831691   414.319109   
6.835695   414.875915   
6.839700   415.433084   
6.843704   415.990616   
6.847709   416.548511   
6.851713   417.106768   
6.855718   417.665388   
6.859722   418.224371   
6.863727   418.783717   
6.867731   419.343425   
6.871736   419.903497   
6.875740   420.463930   
6.879745   421.024727   
6.883749   421.585886   
6.887754   422.147407   
6.891758   422.709291   
6.895763   423.271538   
6.899767   423.834147   
6.903772   424.397119   
6.907776   424.960453   
6.911781   425.524149   
6.915785   426.088208   
6.919790   426.652629   
6.923794   427.217413   
6.927799   427.782559   
6.931803   428.348067   
6.935808   428.913938   
6.939812   429.480171   
6.943817   430.046766   
6.947821   430.613723   
6.951826   431.181043   
6.955831   431.748724   
6.959835   432.316768   
6.963840   432.885174   
6.967844   433.453942   
6.971849   434.023072   
6.975853   434.592564   
6.979858   435.162418   
6.983862   435.732635   
6.987867   436.303213   
6.991871   436.874153   
6.995876   437.445455   
6.999880   438.017119   
7.003885   438.589144   
7.007889   439.161532   
7.011894   439.734281   
7.015898   440.307393   
7.019903   440.880866   
7.023907   441.454701   
7.027912   442.028897   
7.031916   442.603455   
7.035921   443.178375   
7.039925   443.753657   
7.043930   444.329300   
7.047934   444.905305   
7.051939   445.481671   
7.055943   446.058399   
7.059948   446.635489   
7.063952   447.212940   
7.067957   447.790753   
7.071961   448.368927   
7.075966   448.947462   
7.079970   449.526359   
7.083975   450.105617   
7.087979   450.685237   
7.091984   451.265218   
7.095988   451.845560   
7.099993   452.426264   
7.103997   453.007329   
7.108002   453.588755   
7.112006   454.170543   
7.116011   454.752691   
7.120015   455.335201   
7.124020   455.918072   
7.128024   456.501304   
7.132029   457.084898   
7.136033   457.668852   
7.140038   458.253167   
7.144042   458.837844   
7.148047   459.422881   
7.152051   460.008280   
7.156056   460.594039   
7.160060   461.180160   
7.164065   461.766641   
7.168069   462.353484   
7.172074   462.940687   
7.176078   463.528251   
7.180083   464.116176   
7.184087   464.704461   
7.188092   465.293108   
7.192096   465.882115   
7.196101   466.471483   
7.200105   467.061212   
7.204110   467.651301   
7.208115   468.241751   
7.212119   468.832562   
7.216124   469.423734   
7.220128   470.015266   
7.224133   470.607158   
7.228137   471.199411   
7.232142   471.792025   
7.236146   472.384999   
7.240151   472.978334   
7.244155   473.572029   
7.248160   474.166084   
7.252164   474.760500   
7.256169   475.355277   
7.260173   475.950414   
7.264178   476.545911   
7.268182   477.141768   
7.272187   477.737986   
7.276191   478.334564   
7.280196   478.931502   
7.284200   479.528801   
7.288205   480.126460   
7.292209   480.724479   
7.296214   481.322858   
7.300218   481.921597   
7.304223   482.520697   
7.308227   483.120156   
7.312232   483.719976   
7.316236   484.320155   
7.320241   484.920695   
7.324245   485.521595   
7.328250   486.122855   
7.332254   486.724474   
7.336259   487.326454   
7.340263   487.928793   
7.344268   488.531493   
7.348272   489.134552   
7.352277   489.737971   
7.356281   490.341750   
7.360286   490.945889   
7.364290   491.550388   
7.368295   492.155246   
7.372299   492.760464   
7.376304   493.366042   
7.380308   493.971979   
7.384313   494.578276   
7.388317   495.184933   
7.392322   495.791950   
7.396326   496.399326   
7.400331   497.007061   
7.404335   497.615157   
7.408340   498.223611   
7.412344   498.832426   
7.416349   499.441599   
7.420353   500.051133   
7.424358   500.661025   
7.428362   501.271277   
7.432367   501.881889   
7.436371   502.492860   
7.440376   503.104190   
7.444380   503.715880   
7.448385   504.327929   
7.452390   504.940337   
7.456394   505.553104   
7.460399   506.166231   
7.464403   506.779717   
7.468408   507.393562   
7.472412   508.007767   
7.476417   508.622330   
7.480421   509.237253   
7.484426   509.852534   
7.488430   510.468175   
7.492435   511.084175   
7.496439   511.700534   
7.500444   512.317252   
7.504448   512.934329   
7.508453   513.551765   
7.512457   514.169560   
7.516462   514.787714   
7.520466   515.406227   
7.524471   516.025099   
7.528475   516.644330   
7.532480   517.263919   
7.536484   517.883867   
7.540489   518.504174   
7.544493   519.124840   
7.548498   519.745865   
7.552502   520.367248   
7.556507   520.988991   
7.560511   521.611091   
7.564516   522.233551   
7.568520   522.856369   
7.572525   523.479546   
7.576529   524.103081   
7.580534   524.726975   
7.584538   525.351228   
7.588543   525.975839   
7.592547   526.600809   
7.596552   527.226137   
7.600556   527.851824   
7.604561   528.477869   
7.608565   529.104273   
7.612570   529.731035   
7.616574   530.358155   
7.620579   530.985634   
7.624583   531.613471   
7.628588   532.241666   
7.632592   532.870220   
7.636597   533.499132   
7.640601   534.128403   
7.644606   534.758031   
7.648610   535.388018   
7.652615   536.018363   
7.656619   536.649066   
7.660624   537.280128   
7.664628   537.911547   
7.668633   538.543325   
7.672637   539.175461   
7.676642   539.807955   
7.680646   540.440806   
7.684651   541.074016   
7.688655   541.707584   
7.692660   542.341510   
7.696664   542.975794   
7.700669   543.610436   
7.704674   544.245436   
7.708678   544.880794   
7.712683   545.516509   
7.716687   546.152583   
7.720692   546.789014   
7.724696   547.425803   
7.728701   548.062950   
7.732705   548.700455   
7.736710   549.338317   
7.740714   549.976537   
7.744719   550.615115   
7.748723   551.254051   
7.752728   551.893344   
7.756732   552.532995   
7.760737   553.173004   
7.764741   553.813370   
7.768746   554.454094   
7.772750   555.095175   
7.776755   555.736614   
7.780759   556.378411   
7.784764   557.020565   
7.788768   557.663076   
7.792773   558.305945   
7.796777   558.949172   
7.800782   559.592755   
7.804786   560.236697   
7.808791   560.880995   
7.812795   561.525651   
7.816800   562.170665   
7.820804   562.816035   
7.824809   563.461763   
7.828813   564.107848   
7.832818   564.754291   
7.836822   565.401091   
7.840827   566.048247   
7.844831   566.695762   
7.848836   567.343633   
7.852840   567.991861   
7.856845   568.640447   
7.860849   569.289390   
7.864854   569.938690   
7.868858   570.588347   
7.872863   571.238360   
7.876867   571.888731   
7.880872   572.539459   
7.884876   573.190544   
7.888881   573.841986   
7.892885   574.493785   
7.896890   575.145941   
7.900894   575.798454   
7.904899   576.451324   
7.908903   577.104550   
7.912908   577.758134   
7.916912   578.412074   
7.920917   579.066371   
7.924921   579.721025   
7.928926   580.376035   
7.932930   581.031403   
7.936935   581.687127   
7.940939   582.343207   
7.944944   582.999645   
7.948949   583.656439   
7.952953   584.313590   
7.956958   584.971097   
7.960962   585.628961   
7.964967   586.287182   
7.968971   586.945759   
7.972976   587.604693   
7.976980   588.263983   
7.980985   588.923629   
7.984989   589.583633   
7.988994   590.243992   
7.992998   590.904709   
7.997003   591.565781   
8.001007   592.227210   
8.005012   592.888995   
