9.000000000000000222e-01 2.000000000000000000e+02 1.387203715946634608e+00 7.595900779658258273e+00 1.634865879230989094e+01 2.811654576624278690e+01 4.286373854513090720e+01 6.056081079771197295e+01
9.000000000000000222e-01 2.105263157894736992e+02 1.394190401135265489e+00 7.842402436293907542e+00 1.677762815907562555e+01 2.873613770702332459e+01 4.367759597177173703e+01 6.156994899168230262e+01
9.000000000000000222e-01 2.210526315789473699e+02 1.400612222368118109e+00 8.077915957149732762e+00 1.718225252794420754e+01 2.931561872628398646e+01 4.443414905330737952e+01 6.250375069704855946e+01
9.000000000000000222e-01 2.315789473684210407e+02 1.406689822395266631e+00 8.303794226442393622e+00 1.756592467653219458e+01 2.986099399747876149e+01 4.514239260867619663e+01 6.337444742385155649e+01
9.000000000000000222e-01 2.421052631578947398e+02 1.412382587287781099e+00 8.521191353027655069e+00 1.793145171539833882e+01 3.037713958585974794e+01 4.580953662870759757e+01 6.419175122959464375e+01
9.000000000000000222e-01 2.526315789473684390e+02 1.417839172973613282e+00 8.731102440037755485e+00 1.828118770119399628e+01 3.086807611550591801e+01 4.644145816227684520e+01 6.496351241249382724e+01
9.000000000000000222e-01 2.631578947368420813e+02 1.423011734598161437e+00 8.934394210253222113e+00 1.861713153609659699e+01 3.133716571151831332e+01 4.704302094107335108e+01 6.569617883492617239e+01
9.000000000000000222e-01 2.736842105263157805e+02 1.427981310681775362e+00 9.131828947074030367e+00 1.894100060808814234e+01 3.178725677626662005e+01 4.761830673576231732e+01 6.639512475359377675e+01
9.000000000000000222e-01 2.842105263157894797e+02 1.432813477002568670e+00 9.324083479290225185e+00 1.925428714762257343e+01 3.222079253781396346e+01 4.817078641726781285e+01 6.706489149393159721e+01
9.000000000000000222e-01 2.947368421052631788e+02 1.437542932826181508e+00 9.511764445224859088e+00 1.955830210139526670e+01 3.263989391437876719e+01 4.870344891085000683e+01 6.770936723606659768e+01
9.000000000000000222e-01 3.052631578947368780e+02 1.442060590992089386e+00 9.695420742473201514e+00 1.985420981363208170e+01 3.304642389694863169e+01 4.921890020096039819e+01 6.833192389642231035e+01
9.000000000000000222e-01 3.157894736842105203e+02 1.446567127294522415e+00 9.875553827911920379e+00 2.014305592457329297e+01 3.344203845357480276e+01 4.971944074866681973e+01 6.893552328376564731e+01
9.000000000000000222e-01 3.263157894736842195e+02 1.451056683848174433e+00 1.005262637784736413e+01 2.042579016581821705e+01 3.382822749998041445e+01 5.020712716391010844e+01 6.952280110917322986e+01
9.000000000000000222e-01 3.368421052631579187e+02 1.455112897257710980e+00 1.022706968847088582e+01 2.070328537506169297e+01 3.420634854149151494e+01 5.068382234224161209e+01 7.009613473033394371e+01
9.000000000000000222e-01 3.473684210526315610e+02 1.459475509615629996e+00 1.039929013268419489e+01 2.097635366551192249e+01 3.457765488726398928e+01 5.115123712865185013e+01 7.065769910109654006e+01
9.000000000000000222e-01 3.578947368421052602e+02 1.463449233261022053e+00 1.056967491185430141e+01 2.124576053815909660e+01 3.494331996270447860e+01 5.161096587394615653e+01 7.120951423268350311e+01
9.000000000000000222e-01 3.684210526315789593e+02 1.467538286416528281e+00 1.073859731524264305e+01 2.151223753283234430e+01 3.530445883708219412e+01 5.206451771519743232e+01 7.175348667203013520e+01
9.000000000000000222e-01 3.789473684210526585e+02 1.471785567413489204e+00 1.090642166528206225e+01 2.177649395815081235e+01 3.566214801980950710e+01 5.251334511189074306e+01 7.229144718510221423e+01
9.000000000000000222e-01 3.894736842105263577e+02 1.475833070150726511e+00 1.107350811804410640e+01 2.203922816574391419e+01 3.601744434389969030e+01 5.295887096435831864e+01 7.282518644333873681e+01
9.000000000000000222e-01 4.000000000000000000e+02 1.479897003257156562e+00 1.124021747052921860e+01 2.230113883059494029e+01 3.637140382176347231e+01 5.340251563050347983e+01 7.335649049507685504e+01
8.868421052631578760e-01 2.000000000000000000e+02 1.478729341019429766e+00 8.281906451692350402e+00 1.831000262534319489e+01 3.207557072947309251e+01 4.956851183375389525e+01 7.077451269844252124e+01
8.868421052631578760e-01 2.105263157894736992e+02 1.487104089554168285e+00 8.577829882338228629e+00 1.885011817832157632e+01 3.287921237078818137e+01 5.064517568340998110e+01 7.212776440334302208e+01
8.868421052631578760e-01 2.210526315789473699e+02 1.494734622075285291e+00 8.858215130125257630e+00 1.935338297012622633e+01 3.361957368059233175e+01 5.162894921785448332e+01 7.335661795205091096e+01
8.868421052631578760e-01 2.315789473684210407e+02 1.501761177581792062e+00 9.124984722788878955e+00 1.982518176721566050e+01 3.430681894434439272e+01 5.253570074028995407e+01 7.448326706777133666e+01
8.868421052631578760e-01 2.421052631578947398e+02 1.508292754213715225e+00 9.379750302058917910e+00 2.026985976535536338e+01 3.494895398279348342e+01 5.337771934142489272e+01 7.552468594124398749e+01
8.868421052631578760e-01 2.526315789473684390e+02 1.514389742445704234e+00 9.623877634053034313e+00 2.069097617287480873e+01 3.555239858895927796e+01 5.416471587046881808e+01 7.649414369478546405e+01
8.868421052631578760e-01 2.631578947368420813e+02 1.520207955717082671e+00 9.858535588490648038e+00 2.109148529297602792e+01 3.612238189549336198e+01 5.490449858974336195e+01 7.740220956387217655e+01
8.868421052631578760e-01 2.736842105263157805e+02 1.525680028397347954e+00 1.008473362903051296e+01 2.147386867145474199e+01 3.666322259192870803e+01 5.560344255716080397e+01 7.825744105600553269e+01
8.868421052631578760e-01 2.842105263157894797e+02 1.530934650004943665e+00 1.030335090966048028e+01 2.184023338887353560e+01 3.717853201171671174e+01 5.626682387092391480e+01 7.906686782620940335e+01
8.868421052631578760e-01 2.947368421052631788e+02 1.535861735777192649e+00 1.051515918279870831e+01 2.219238643244600340e+01 3.767136426532944427e+01 5.689906294229832184e+01 7.983633989679853471e+01
8.868421052631578760e-01 3.052631578947368780e+02 1.540641009135143014e+00 1.072084101087350660e+01 2.253189184370506482e+01 3.814432920043799413e+01 5.750390499020070934e+01 8.057078342605426258e+01
8.868421052631578760e-01 3.157894736842105203e+02 1.545325384804970836e+00 1.092100444334646703e+01 2.286011523840802084e+01 3.859967876676522280e+01 5.808455628859727682e+01 8.127439202103744265e+01
8.868421052631578760e-01 3.263157894736842195e+02 1.549889178519333832e+00 1.111619494952272191e+01 2.317825897069393903e+01 3.903937400604876018e+01 5.864378864573860994e+01 8.195077225964767820e+01
8.868421052631578760e-01 3.368421052631579187e+02 1.554380682302444638e+00 1.130690523230838274e+01 2.348739022079909233e+01 3.946513773807037495e+01 5.918402069767476092e+01 8.260305604686155334e+01
8.868421052631578760e-01 3.473684210526315610e+02 1.558427499256367366e+00 1.149358337679253772e+01 2.378846372346706772e+01 3.987849652549443391e+01 5.970738202186376498e+01 8.323398861734744969e+01
8.868421052631578760e-01 3.578947368421052602e+02 1.562545410916283295e+00 1.167663968064270108e+01 2.408234034775910359e+01 4.028081452920031325e+01 6.021576437284868888e+01 8.384599840655035052e+01
8.868421052631578760e-01 3.684210526315789593e+02 1.566573755741551999e+00 1.185645244888712035e+01 2.436980248666927551e+01 4.067332113571315944e+01 6.071086315854216053e+01 8.444125325076286970e+01
8.868421052631578760e-01 3.789473684210526585e+02 1.570602494679087524e+00 1.203337294875925956e+01 2.465156694676559113e+01 4.105713383558594387e+01 6.119421146907038889e+01 8.502170623621910295e+01
8.868421052631578760e-01 3.894736842105263577e+02 1.574506632594520283e+00 1.220772972341083751e+01 2.492829587833763583e+01 4.143327737210366024e+01 6.166720835439048187e+01 8.558913360786330315e+01
8.868421052631578760e-01 4.000000000000000000e+02 1.578415299199237065e+00 1.237983235632773038e+01 2.520060619180468464e+01 4.180270004791840677e+01 6.213114271455245330e+01 8.614516658020652073e+01
8.736842105263158409e-01 2.000000000000000000e+02 1.554543375546378003e+00 8.827398384713843527e+00 1.995666821262801349e+01 3.552221063965713910e+01 5.555998602199711911e+01 8.008373422163258226e+01
8.736842105263158409e-01 2.105263157894736992e+02 1.564741210027991603e+00 9.179857869384429492e+00 2.063271127971285424e+01 3.656016475081403172e+01 5.697976145297733552e+01 8.189336308686753796e+01
8.736842105263158409e-01 2.210526315789473699e+02 1.573827726263650417e+00 9.511536431016718751e+00 2.125559917863673220e+01 3.750246721043929199e+01 5.825475924272151218e+01 8.350508779726675357e+01
8.736842105263158409e-01 2.315789473684210407e+02 1.582075136834148132e+00 9.825096714111007046e+00 2.183367963665762446e+01 3.836597335538591125e+01 5.941246287348677413e+01 8.495847969086797491e+01
8.736842105263158409e-01 2.421052631578947398e+02 1.589662995398591683e+00 1.012274024357590108e+01 2.237353339549073539e+01 3.916355941301789301e+01 6.047340365397828066e+01 8.628261199594865616e+01
8.736842105263158409e-01 2.526315789473684390e+02 1.596732738547015584e+00 1.040630903609963021e+01 2.288044079304717826e+01 3.990528165114339743e+01 6.145331542621833165e+01 8.749945524461794832e+01
8.736842105263158409e-01 2.631578947368420813e+02 1.603284437194368417e+00 1.067736070429314488e+01 2.335870410861249979e+01 4.059914294580324423e+01 6.236451671235607108e+01 8.862600671063579227e+01
8.736842105263158409e-01 2.736842105263157805e+02 1.609367274135025339e+00 1.093722498225846351e+01 2.381187607326924649e+01 4.125161619199968044e+01 6.321683016707879688e+01 8.967568041738405782e+01
8.736842105263158409e-01 2.842105263157894797e+02 1.615174685741608052e+00 1.118704691020951181e+01 2.424292554396787480e+01 4.186801153376431728e+01 6.401821339305536185e+01 9.065924529493747741e+01
8.736842105263158409e-01 2.947368421052631788e+02 1.620721185358110272e+00 1.142782031630878592e+01 2.465436002714166008e+01 4.245274017225073493e+01 6.477520330018242589e+01 9.158547686011763744e+01
8.736842105263158409e-01 3.052631578947368780e+02 1.625930327231790429e+00 1.166041410956575142e+01 2.504831782760446046e+01 4.300950781112811683e+01 6.549323636307609320e+01 9.246162103491630546e+01
8.736842105263158409e-01 3.157894736842105203e+02 1.630936584621097252e+00 1.188559315171490205e+01 2.542663851489646731e+01 4.354145913328670758e+01 6.617688415617688236e+01 9.329373157139393413e+01
8.736842105263158409e-01 3.263157894736842195e+02 1.635658354596294828e+00 1.210403502085770455e+01 2.579091750353540391e+01 4.405128744857466927e+01 6.683002964433222814e+01 9.408692013601570636e+01
8.736842105263158409e-01 3.368421052631579187e+02 1.640253796974759259e+00 1.231634359390164946e+01 2.614254889817726379e+01 4.454131915254200180e+01 6.745600129273931600e+01 9.484554483462157748e+01
8.736842105263158409e-01 3.473684210526315610e+02 1.644847686401776921e+00 1.252306016517756326e+01 2.648275952147854539e+01 4.501357962348845376e+01 6.805767652613376129e+01 9.557335456102431692e+01
8.736842105263158409e-01 3.578947368421052602e+02 1.649089527192809657e+00 1.272467262305202240e+01 2.681263623065215640e+01 4.546984530508910893e+01 6.863756262554666421e+01 9.627360096428863301e+01
8.736842105263158409e-01 3.684210526315789593e+02 1.653381807674645154e+00 1.292162307171503244e+01 2.713314804748037545e+01 4.591168527767844409e+01 6.919786072507747576e+01 9.694912646902643871e+01
8.736842105263158409e-01 3.789473684210526585e+02 1.657369062806329119e+00 1.311431424052005035e+01 2.744516428676905306e+01 4.634049484875218639e+01 6.974051699665614024e+01 9.760243425184602017e+01
8.736842105263158409e-01 3.894736842105263577e+02 1.661354069193589522e+00 1.330311488314725921e+01 2.774946952149252510e+01 4.675752291018319795e+01 7.026726406402778480e+01 9.823574448377836177e+01
8.736842105263158409e-01 4.000000000000000000e+02 1.665301569208573085e+00 1.348836438298234874e+01 2.804677604883290343e+01 4.716389447612572638e+01 7.077965480586036051e+01 9.885104001145548125e+01
8.605263157894736947e-01 2.000000000000000000e+02 1.618461669957586668e+00 9.247180598680950325e+00 2.130342613953900965e+01 3.846420128408865224e+01 6.083941695648944403e+01 8.849088551070597930e+01
8.605263157894736947e-01 2.105263157894736992e+02 1.630652786781451757e+00 9.662334204151543204e+00 2.214149972970931657e+01 3.979408403999233457e+01 6.269845115484134368e+01 9.089407361887283798e+01
8.605263157894736947e-01 2.210526315789473699e+02 1.641496223922473296e+00 1.005068779493544717e+01 2.290523633753983646e+01 4.098316281094517421e+01 6.433712471048536941e+01 9.298944783805143288e+01
8.605263157894736947e-01 2.315789473684210407e+02 1.651178171209196410e+00 1.041582662135930093e+01 2.360726812850469614e+01 4.205883914910841526e+01 6.580222653718051617e+01 9.484641497963784218e+01
8.605263157894736947e-01 2.421052631578947398e+02 1.659944181276179487e+00 1.076067815474514866e+01 2.425731670584749011e+01 4.304136066257010640e+01 6.712732628378273603e+01 9.651368683749792865e+01
8.605263157894736947e-01 2.526315789473684390e+02 1.667976587424734092e+00 1.108766455056475131e+01 2.486302372591507392e+01 4.394610722399866631e+01 6.833731000566702107e+01 9.802673167469527016e+01
8.605263157894736947e-01 2.631578947368420813e+02 1.675381037073653712e+00 1.139881334373619026e+01 2.543050494510304205e+01 4.478503222305182874e+01 6.945112680196660904e+01 9.941215478909482783e+01
8.605263157894736947e-01 2.736842105263157805e+02 1.682208170131228142e+00 1.169583934566240302e+01 2.596473138812709891e+01 4.556760783194955877e+01 7.048353108199259509e+01 1.006904103998059981e+02
8.605263157894736947e-01 2.842105263157894797e+02 1.688661434592643174e+00 1.198020638267234972e+01 2.646979862882622925e+01 4.630146598292670745e+01 7.144623101836918977e+01 1.018775530027240421e+02
8.605263157894736947e-01 2.947368421052631788e+02 1.694710398018424158e+00 1.225317452558305398e+01 2.694912142388756138e+01 4.699284540944795907e+01 7.234867028256505250e+01 1.029864089425556983e+02
8.605263157894736947e-01 3.052631578947368780e+02 1.700462305866885959e+00 1.251583671819305366e+01 2.740557722693523246e+01 4.764691114177252729e+01 7.319857506916996215e+01 1.040273839471883974e+02
8.605263157894736947e-01 3.157894736842105203e+02 1.705888012994707603e+00 1.276914759069617311e+01 2.784161393471380919e+01 4.826798775299071309e+01 7.400234606232820056e+01 1.050090342068068594e+02
8.605263157894736947e-01 3.263157894736842195e+02 1.711089700251435586e+00 1.301394631062518314e+01 2.825933200380987742e+01 4.885973278493835892e+01 7.476534518799385864e+01 1.059384793030464067e+02
8.605263157894736947e-01 3.368421052631579187e+02 1.716049351505721576e+00 1.325097497535747415e+01 2.866054797749752936e+01 4.942526795617445146e+01 7.549210926642571451e+01 1.068217067696168527e+02
8.605263157894736947e-01 3.473684210526315610e+02 1.720860246334510402e+00 1.348089349005320514e+01 2.904684421769171010e+01 4.996727981904997762e+01 7.618651183593948417e+01 1.076638005533553013e+02
8.605263157894736947e-01 3.578947368421052602e+02 1.725389998844463202e+00 1.370429175840559921e+01 2.941960831872647830e+01 5.048809803612268610e+01 7.685188747901173656e+01 1.084691151406847922e+02
8.605263157894736947e-01 3.684210526315789593e+02 1.729952834839820541e+00 1.392169971077166402e+01 2.978006466435459743e+01 5.098975703745597343e+01 7.749112866128162125e+01 1.092414101147580112e+02
8.605263157894736947e-01 3.789473684210526585e+02 1.734196825481900017e+00 1.413359565399246698e+01 3.012929993092471648e+01 5.147404507893603665e+01 7.810676201221852466e+01 1.099839554107640396e+02
8.605263157894736947e-01 3.894736842105263577e+02 1.738466961404697253e+00 1.434041325194837668e+01 3.046828390484230198e+01 5.194254369280512407e+01 7.870100910182722487e+01 1.106996146859251269e+02
8.605263157894736947e-01 4.000000000000000000e+02 1.742428385629765319e+00 1.454254739855486811e+01 3.079788660256131649e+01 5.239665970970182229e+01 7.927583537107604172e+01 1.113909119744969161e+02
8.473684210526315486e-01 2.000000000000000000e+02 1.689659019144201579e+00 9.556959450712703585e+00 2.236974475325114398e+01 4.091883428123698252e+01 6.542661748733534921e+01 9.604575971198343609e+01
8.473684210526315486e-01 2.105263157894736992e+02 1.696298676418401152e+00 1.004026439721685016e+01 2.339785672574191722e+01 4.260761487667813441e+01 6.784063533888274833e+01 9.920015791103892866e+01
8.473684210526315486e-01 2.210526315789473699e+02 1.704217632455970799e+00 1.048993621734709336e+01 2.432436209483818956e+01 4.409301005263349538e+01 6.992502651658911361e+01 1.018910911165373108e+02
8.473684210526315486e-01 2.315789473684210407e+02 1.713068792224777370e+00 1.091067954833164144e+01 2.516797335670328195e+01 4.541882671117961934e+01 7.175817481591666080e+01 1.042327939050169334e+02
8.473684210526315486e-01 2.421052631578947398e+02 1.722215183838114116e+00 1.130629027622010163e+01 2.594272843016713637e+01 4.661625661305950530e+01 7.339383562779178760e+01 1.063039407298848289e+02
8.473684210526315486e-01 2.526315789473684390e+02 1.730863175558082556e+00 1.167987642827577055e+01 2.665942881285623756e+01 4.770829043452917517e+01 7.487043732903340754e+01 1.081600129531357766e+02
8.473684210526315486e-01 2.631578947368420813e+02 1.739067747272346143e+00 1.203401561978093426e+01 2.732656364932849513e+01 4.871235622903414964e+01 7.621638214259787958e+01 1.098413868804170050e+02
8.473684210526315486e-01 2.736842105263157805e+02 1.746721474433412524e+00 1.237086982671733004e+01 2.795092578910591641e+01 4.964197616771505750e+01 7.745324209053494258e+01 1.113782962669245222e+02
8.473684210526315486e-01 2.842105263157894797e+02 1.753853760839426901e+00 1.269227067798326303e+01 2.853803548543145041e+01 5.050784973878707262e+01 7.859777791866288510e+01 1.127939400065352373e+02
8.473684210526315486e-01 2.947368421052631788e+02 1.760498591355646569e+00 1.299978389437317894e+01 2.909243963840405200e+01 5.131858628833733604e+01 7.966326499944375428e+01 1.141064933502771339e+02
8.473684210526315486e-01 3.052631578947368780e+02 1.766746987972947158e+00 1.329475876168547543e+01 2.961792804150751479e+01 5.208121485197926148e+01 8.066039309030082904e+01 1.153304522174638009e+02
8.473684210526315486e-01 3.157894736842105203e+02 1.772688078791258226e+00 1.357836661768376096e+01 3.011769283649952200e+01 5.280154777589471138e+01 8.159789421128247966e+01 1.164775581228487482e+02
8.473684210526315486e-01 3.263157894736842195e+02 1.778285326532282662e+00 1.385163114251997385e+01 3.059444816368717923e+01 5.348444581422159416e+01 8.248299150804896840e+01 1.175574509831307921e+02
8.473684210526315486e-01 3.368421052631579187e+02 1.783634886718882706e+00 1.411545250772683069e+01 3.105052137595594530e+01 5.413401494749817289e+01 8.332172697609964018e+01 1.185781402405923330e+02
8.473684210526315486e-01 3.473684210526315610e+02 1.788770795455851825e+00 1.437062678229531443e+01 3.148792358244150336e+01 5.475375505214713456e+01 8.411920516849870921e+01 1.195463516902142374e+02
8.473684210526315486e-01 3.578947368421052602e+02 1.793674221623926313e+00 1.461786168651814855e+01 3.190840486679655186e+01 5.534667385470596912e+01 8.487977751122227232e+01 1.204677872834205061e+02
8.473684210526315486e-01 3.684210526315789593e+02 1.798407246232063939e+00 1.485778952015818888e+01 3.231349802766072798e+01 5.591537547930754926e+01 8.560718367758306613e+01 1.213473227558988583e+02
8.473684210526315486e-01 3.789473684210526585e+02 1.802965680477674804e+00 1.509097779240574688e+01 3.270455359357465852e+01 5.646213004667096413e+01 8.630466154984125637e+01 1.221891601632908788e+02
8.473684210526315486e-01 3.894736842105263577e+02 1.807341499295737508e+00 1.531793809778048399e+01 3.308276812416061574e+01 5.698892904320276642e+01 8.697503371751705004e+01 1.229969470556382731e+02
8.473684210526315486e-01 4.000000000000000000e+02 1.811575492118799868e+00 1.553913352470175546e+01 3.344920726308976811e+01 5.749752978676806237e+01 8.762077631604158512e+01 1.237738706571102369e+02
8.342105263157895134e-01 2.000000000000000000e+02 1.779491382409278843e+00 9.772458707431139757e+00 2.317944212819062599e+01 4.291855820161116242e+01 6.970408410706291136e+01 1.084897910473371496e+02
8.342105263157895134e-01 2.105263157894736992e+02 1.780880877871173329e+00 1.032874677755408932e+01 2.442760160717407913e+01 4.504175691070293652e+01 7.255828350247534786e+01 1.092956804058545117e+02
8.342105263157895134e-01 2.210526315789473699e+02 1.783176318749010170e+00 1.084374359086610795e+01 2.553942500744798494e+01 4.687686456092774989e+01 7.512010601773752683e+01 1.111335556692331465e+02
8.342105263157895134e-01 2.315789473684210407e+02 1.786463589460957735e+00 1.132348309565889366e+01 2.654211609408623573e+01 4.849198286284694603e+01 7.736811776853208755e+01 1.134950385700332731e+02
8.342105263157895134e-01 2.421052631578947398e+02 1.790569633793666515e+00 1.177277760231434556e+01 2.745553231420963414e+01 4.993400755951047643e+01 7.935471020192490244e+01 1.158616931405372696e+02
8.342105263157895134e-01 2.526315789473684390e+02 1.795516522283386873e+00 1.219552810105336960e+01 2.829461489781758843e+01 5.123648664144781151e+01 8.113015410246026704e+01 1.180502431039748217e+02
8.342105263157895134e-01 2.631578947368420813e+02 1.801105602595486133e+00 1.259494165647287645e+01 2.907088919140131011e+01 5.242421385491452668e+01 8.273378657442735573e+01 1.200405042555691892e+02
8.342105263157895134e-01 2.736842105263157805e+02 1.807244874139146251e+00 1.297368745994876704e+01 2.979343250052517433e+01 5.351601809988561342e+01 8.419561400032641529e+01 1.218528737932135471e+02
8.342105263157895134e-01 2.842105263157894797e+02 1.813692317782286123e+00 1.333401121229862341e+01 3.046952152514163004e+01 5.452652835413258003e+01 8.553872239074736683e+01 1.235127357274432995e+02
8.342105263157895134e-01 2.947368421052631788e+02 1.820242558428246671e+00 1.367782063773653256e+01 3.110507894488792502e+01 5.546733243623776843e+01 8.678115646980754150e+01 1.250426284609264656e+02
8.342105263157895134e-01 3.052631578947368780e+02 1.826771964709369422e+00 1.400675038586392773e+01 3.170498965278698478e+01 5.634776272660162277e+01 8.793725339994041690e+01 1.264612191895955959e+02
8.342105263157895134e-01 3.157894736842105203e+02 1.833007428330019284e+00 1.432221205400822406e+01 3.227332976219853578e+01 5.717544412965576583e+01 8.901857900719805627e+01 1.277837601929822853e+02
8.342105263157895134e-01 3.263157894736842195e+02 1.838986350956056004e+00 1.462543327100956425e+01 3.281353583812670394e+01 5.795668541030797627e+01 9.003459189028372123e+01 1.290227487289706119e+02
8.342105263157895134e-01 3.368421052631579187e+02 1.844714322877913926e+00 1.491748855767652060e+01 3.332853210717267700e+01 5.869676487733251946e+01 9.099312229831313914e+01 1.301885062291432860e+02
8.342105263157895134e-01 3.473684210526315610e+02 1.850137387035535319e+00 1.519932401912046949e+01 3.382082759119113291e+01 5.940014269248653989e+01 9.190072347529654451e+01 1.312896364272758660e+02
8.342105263157895134e-01 3.578947368421052602e+02 1.855397253641871913e+00 1.547177721305649456e+01 3.429259134140779963e+01 6.007062139516030896e+01 9.276293374945441883e+01 1.323333778173110602e+02
8.342105263157895134e-01 3.684210526315789593e+02 1.860390874626516089e+00 1.573559337140384429e+01 3.474571138900063261e+01 6.071146904004488221e+01 9.358447510996253982e+01 1.333258738568464423e+02
8.342105263157895134e-01 3.789473684210526585e+02 1.865186259824901827e+00 1.599143867744728631e+01 3.518184153396553882e+01 6.132551492586635078e+01 9.436940575044214086e+01 1.342723811434654522e+02
8.342105263157895134e-01 3.894736842105263577e+02 1.869796586472953992e+00 1.623991128914695281e+01 3.560243879874068540e+01 6.191522493004202232e+01 9.512123882093570160e+01 1.351774313147178646e+02
8.342105263157895134e-01 4.000000000000000000e+02 1.874235892740450549e+00 1.648155047588103628e+01 3.600879374557747781e+01 6.248276144136080745e+01 9.584303593289335765e+01 1.360449581059282025e+02
8.210526315789473673e-01 2.000000000000000000e+02 1.873722461678503759e+00 9.909364434393207688e+00 2.376420954635207039e+01 4.552123471380254927e+01 8.440126506552661567e+01 1.353182656835561204e+02
8.210526315789473673e-01 2.105263157894736992e+02 1.872932989602438481e+00 1.054282817886643109e+01 2.526300803955485463e+01 4.747766989067574883e+01 8.415611126647584683e+01 1.344186747462178460e+02
8.210526315789473673e-01 2.210526315789473699e+02 1.872737074120829348e+00 1.112653066963556547e+01 2.658241582288334470e+01 4.950233095148582407e+01 8.429585524370997973e+01 1.336433366109969541e+02
8.210526315789473673e-01 2.315789473684210407e+02 1.872888259173887571e+00 1.166805480127945316e+01 2.776090233880679392e+01 5.137803044242744477e+01 8.493924676608109792e+01 1.330384517941096760e+02
8.210526315789473673e-01 2.421052631578947398e+02 1.873739551332566755e+00 1.217338005929678602e+01 2.882588829109085182e+01 5.306955973046024866e+01 8.610756075321137359e+01 1.326676647469090824e+02
8.210526315789473673e-01 2.526315789473684390e+02 1.875122352745013821e+00 1.264730692972818815e+01 2.979757457011547572e+01 5.459455679902199421e+01 8.763200549770286329e+01 1.326128454367085112e+02
8.210526315789473673e-01 2.631578947368420813e+02 1.877007627264730028e+00 1.309374910494578970e+01 3.069126350865245456e+01 5.597822615119314804e+01 8.927165782865679944e+01 1.329587382132167477e+02
8.210526315789473673e-01 2.736842105263157805e+02 1.879388199180190400e+00 1.351594012013276291e+01 3.151882142973803269e+01 5.724305480442910010e+01 9.087563818813221417e+01 1.337434480761645261e+02
8.210526315789473673e-01 2.842105263157894797e+02 1.882265012815463212e+00 1.391658295332703688e+01 3.228963457467438758e+01 5.840741667754141986e+01 9.238809140053581359e+01 1.348980568258608628e+02
8.210526315789473673e-01 2.947368421052631788e+02 1.885554710495731090e+00 1.429796054911567715e+01 3.301125463325244880e+01 5.948607195698043171e+01 9.379861107794256725e+01 1.362664798061680642e+02
8.210526315789473673e-01 3.052631578947368780e+02 1.889324245817253667e+00 1.466201889098175570e+01 3.368984717595132139e+01 6.049091439019911576e+01 9.511256940396972936e+01 1.377017665947079763e+02
8.210526315789473673e-01 3.157894736842105203e+02 1.893482249262167683e+00 1.501043050418962999e+01 3.433051108881223712e+01 6.143161645913862401e+01 9.633949856497193309e+01 1.391177737874633351e+02
8.210526315789473673e-01 3.263157894736842195e+02 1.897965147560501498e+00 1.534464361211293593e+01 3.493751102500448269e+01 6.231612902632609519e+01 9.748917699185614083e+01 1.404776729410068867e+02
8.210526315789473673e-01 3.368421052631579187e+02 1.902674076033137762e+00 1.566592075114856719e+01 3.551444986179876651e+01 6.315105770472442970e+01 9.857046890333519684e+01 1.417703127366611398e+02
8.210526315789473673e-01 3.473684210526315610e+02 1.907552350673424435e+00 1.597536937796171586e+01 3.606439885921241029e+01 6.394194564460767083e+01 9.959109250806247360e+01 1.429955208989943571e+02
8.210526315789473673e-01 3.578947368421052602e+02 1.912541122418927708e+00 1.627396645193218205e+01 3.658999733492968431e+01 6.469348750840809714e+01 1.005576833234181180e+02 1.441572358593900560e+02
8.210526315789473673e-01 3.684210526315789593e+02 1.917460721747651586e+00 1.656257831327146945e+01 3.709353008562997189e+01 6.540969297629723656e+01 1.014759354237121443e+02 1.452606195814792613e+02
8.210526315789473673e-01 3.789473684210526585e+02 1.922355649256884957e+00 1.684197692533154367e+01 3.757698823708745550e+01 6.609401316776305180e+01 1.023507481735208131e+02 1.463109106283830840e+02
8.210526315789473673e-01 3.894736842105263577e+02 1.927100864373003875e+00 1.711285324576278200e+01 3.804211762061709123e+01 6.674943943321844131e+01 1.031863565018492608e+02 1.473130022146485203e+02
8.210526315789473673e-01 4.000000000000000000e+02 1.931762174707994273e+00 1.737582834121348441e+01 3.849045760767834423e+01 6.737858138462972590e+01 1.039864404481685511e+02 1.482713165231555479e+02
8.078947368421052211e-01 2.000000000000000000e+02 1.966028784302042531e+00 9.983687269520020280e+00 2.445745055705948445e+01 5.736632825873610386e+01 1.050457966486839609e+02 1.620585643160854943e+02
8.078947368421052211e-01 2.105263157894736992e+02 1.964483446430028479e+00 1.069778049149453558e+01 2.605306313243301020e+01 5.721844026000268002e+01 1.044497571010920183e+02 1.613042309815753583e+02
8.078947368421052211e-01 2.210526315789473699e+02 1.963266321999858288e+00 1.135288007222950668e+01 2.753606734745163109e+01 5.724946557580062745e+01 1.038993380584844175e+02 1.605659132403438889e+02
8.078947368421052211e-01 2.315789473684210407e+02 1.962327437159246291e+00 1.195833778633272360e+01 2.888084442713471489e+01 5.751466201070679318e+01 1.034074241157236713e+02 1.598483670144854614e+02
8.078947368421052211e-01 2.421052631578947398e+02 1.961756870208883674e+00 1.252144761069086165e+01 3.009843927666278773e+01 5.806380973555415181e+01 1.029907508309620994e+02 1.591574667848777267e+02
8.078947368421052211e-01 2.526315789473684390e+02 1.961435552723441500e+00 1.304801123751200898e+01 3.120670429965941750e+01 5.890428096469004515e+01 1.026710432366184875e+02 1.585005208930769243e+02
8.078947368421052211e-01 2.631578947368420813e+02 1.961416732402059049e+00 1.354272103854176734e+01 3.222226159158188352e+01 5.996922227938946293e+01 1.024760715306855872e+02 1.578866829237655622e+02
8.078947368421052211e-01 2.736842105263157805e+02 1.961778858151690175e+00 1.400942716812717492e+01 3.315899982063258733e+01 6.114599570138558704e+01 1.024397126425268993e+02 1.573274784271229123e+02
8.078947368421052211e-01 2.842105263157894797e+02 1.962370222000652475e+00 1.445132856396256216e+01 3.402822082124898628e+01 6.233952658763315213e+01 1.025988018918792761e+02 1.568374492710530888e+02
8.078947368421052211e-01 2.947368421052631788e+02 1.963280402755925858e+00 1.487111255235512886e+01 3.483910411026764820e+01 6.349748039932283916e+01 1.029832450225462708e+02 1.564348610722199737e+02
8.078947368421052211e-01 3.052631578947368780e+02 1.964581514123224570e+00 1.527105884276743275e+01 3.559915372483624196e+01 6.459913578485270591e+01 1.035985564391503289e+02 1.561422689023374915e+02
8.078947368421052211e-01 3.157894736842105203e+02 1.966102081406497115e+00 1.565311829035833036e+01 3.631456046947688066e+01 6.563979536486242239e+01 1.044116685575063173e+02 1.559864016575413359e+02
8.078947368421052211e-01 3.263157894736842195e+02 1.967913070195774550e+00 1.601897351059912467e+01 3.699048160847850397e+01 6.662147260794120029e+01 1.053585355637942484e+02 1.559962378704673824e+02
8.078947368421052211e-01 3.368421052631579187e+02 1.969993503239677812e+00 1.637008608793273012e+01 3.763125411786236185e+01 6.754854823614303427e+01 1.063710905679836145e+02 1.561975944676706263e+02
8.078947368421052211e-01 3.473684210526315610e+02 1.972373733348033786e+00 1.670773383581330407e+01 3.824055756243863868e+01 6.842594394749386311e+01 1.073983726594731252e+02 1.566034108727728835e+02
8.078947368421052211e-01 3.578947368421052602e+02 1.975044094707594011e+00 1.703304051042735168e+01 3.882153938518012382e+01 6.925840904626579686e+01 1.084102708406799707e+02 1.572032479026054830e+02
8.078947368421052211e-01 3.684210526315789593e+02 1.977937058046402630e+00 1.734699975081360179e+01 3.937691214812208074e+01 7.005027533463294276e+01 1.093919194870159401e+02 1.579609051680381810e+02
8.078947368421052211e-01 3.789473684210526585e+02 1.981093953296605426e+00 1.765049454434274523e+01 3.990902978391104483e+01 7.080540310953345795e+01 1.103373715439532248e+02 1.588253966435638915e+02
8.078947368421052211e-01 3.894736842105263577e+02 1.984442442675094620e+00 1.794431317603552856e+01 4.041994799433572894e+01 7.152720136813975671e+01 1.112453204080424172e+02 1.597474908169731975e+02
8.078947368421052211e-01 4.000000000000000000e+02 1.987916525404280099e+00 1.822916241553744499e+01 4.091147252034185300e+01 7.221867332919838134e+01 1.121166901102813682e+02 1.606900097713752302e+02
7.947368421052631859e-01 2.000000000000000000e+02 2.054459440489543098e+00 1.001427747187611850e+01 3.018896701683575401e+01 7.210512565926323703e+01 1.249286987971191962e+02 1.872299216397771033e+02
7.947368421052631859e-01 2.105263157894736992e+02 2.052850671026200668e+00 1.081067659758243060e+01 3.041279660968833554e+01 7.176761980420036480e+01 1.244581454797723552e+02 1.866955321985902003e+02
7.947368421052631859e-01 2.210526315789473699e+02 2.051406739349999953e+00 1.153859518991844446e+01 3.080212347140138363e+01 7.145671971618514817e+01 1.239944896285958578e+02 1.861614484303298411e+02
7.947368421052631859e-01 2.315789473684210407e+02 2.050078241085983688e+00 1.220915285968609965e+01 3.137693370767778944e+01 7.117849815250258416e+01 1.235395499812047575e+02 1.856284775891026868e+02
7.947368421052631859e-01 2.421052631578947398e+02 2.048995213679459138e+00 1.283099626122864301e+01 3.212682156752203610e+01 7.094048833002058529e+01 1.230954791056379065e+02 1.850975571951043150e+02
7.947368421052631859e-01 2.526315789473684390e+02 2.048044796334969053e+00 1.341097126392317840e+01 3.300280289303918835e+01 7.075204109393631313e+01 1.226648356136826408e+02 1.845697781111380209e+02
7.947368421052631859e-01 2.631578947368420813e+02 2.047297420075167462e+00 1.395458686223482658e+01 3.393805338995050391e+01 7.062469419788268965e+01 1.222506740584461511e+02 1.840464124414263267e+02
7.947368421052631859e-01 2.736842105263157805e+02 2.046715519112320525e+00 1.446634074199219988e+01 3.487774717516650469e+01 7.057242660466809525e+01 1.218566565376695792e+02 1.835289473740436961e+02
7.947368421052631859e-01 2.842105263157894797e+02 2.046307708567613126e+00 1.494995226820249812e+01 3.579006265064735715e+01 7.061149467292857196e+01 1.214871901267596996e+02 1.830191263742242427e+02
7.947368421052631859e-01 2.947368421052631788e+02 2.046126822674302570e+00 1.540853229898627319e+01 3.666110383118564187e+01 7.075925871695999092e+01 1.211475931261901167e+02 1.825189994393191455e+02
7.947368421052631859e-01 3.052631578947368780e+02 2.046090949708751605e+00 1.584470923637220707e+01 3.748701319548881372e+01 7.103115513515224677e+01 1.208442892678619103e+02 1.820309844802189332e+02
7.947368421052631859e-01 3.157894736842105203e+02 2.046226621780970589e+00 1.626072405189990633e+01 3.826864496706075158e+01 7.143536916066459241e+01 1.205850191717515685e+02 1.815579421773379067e+02
7.947368421052631859e-01 3.263157894736842195e+02 2.046492558153050201e+00 1.665850302221234358e+01 3.900876531335913455e+01 7.196676861451447849e+01 1.203790368333898897e+02 1.811032668792960294e+02
7.947368421052631859e-01 3.368421052631579187e+02 2.047064940404417221e+00 1.703971418739622123e+01 3.971073465133016356e+01 7.260449530814295827e+01 1.202372161008429003e+02 1.806709958668924969e+02
7.947368421052631859e-01 3.473684210526315610e+02 2.047732268780229070e+00 1.740581165872643865e+01 4.037792887681840170e+01 7.331682408652622485e+01 1.201719170394147227e+02 1.802659381986118774e+02
7.947368421052631859e-01 3.578947368421052602e+02 2.048559740072550817e+00 1.775807082234342360e+01 4.101350607867978226e+01 7.407066530212640032e+01 1.201963542889723584e+02 1.798938213610572348e+02
7.947368421052631859e-01 3.684210526315789593e+02 2.049598357384923020e+00 1.809761658525206229e+01 4.162032947185019793e+01 7.483911180489685933e+01 1.203231192518932176e+02 1.795614473862940201e+02
7.947368421052631859e-01 3.789473684210526585e+02 2.050815921660227303e+00 1.842544625044486750e+01 4.220095863283086146e+01 7.560385975973964889e+01 1.205616028327154794e+02 1.792768367021965332e+02
7.947368421052631859e-01 3.894736842105263577e+02 2.052204859436904449e+00 1.874244820292829417e+01 4.275766869841667983e+01 7.635403527293884451e+01 1.209146245755003974e+02 1.790493136469791011e+02
7.947368421052631859e-01 4.000000000000000000e+02 2.053795416143707975e+00 1.904941729471320144e+01 4.329247925056530732e+01 7.708394390922317996e+01 1.213756278507778745e+02 1.788894466817967270e+02
7.815789473684210398e-01 2.000000000000000000e+02 2.138714411604821120e+00 1.013143051712846798e+01 3.968166157775043246e+01 8.640252923811779340e+01 1.437657043582704262e+02 2.111396534029142344e+02
7.815789473684210398e-01 2.105263157894736992e+02 2.137225366118082004e+00 1.095949017619399690e+01 3.956636545204149513e+01 8.612593553135673119e+01 1.434314404363720996e+02 2.107733624621141075e+02
7.815789473684210398e-01 2.210526315789473699e+02 2.135876812501313449e+00 1.173423237742679426e+01 3.947852849582015722e+01 8.585419703811588477e+01 1.430970635602746484e+02 2.104048595071925547e+02
7.815789473684210398e-01 2.315789473684210407e+02 2.134648811269518554e+00 1.245602040278314426e+01 3.942354952375348631e+01 8.558830164324523082e+01 1.427629293456487574e+02 2.100342960405650956e+02
7.815789473684210398e-01 2.421052631578947398e+02 2.133488325603040359e+00 1.312888291355525006e+01 3.940790122038075083e+01 8.532939021902859622e+01 1.424294417601687428e+02 2.096618456852699808e+02
7.815789473684210398e-01 2.526315789473684390e+02 2.132373372799996947e+00 1.375779505586988805e+01 3.943921964599439178e+01 8.507878417405530058e+01 1.420970600941236057e+02 2.092877070267640534e+02
7.815789473684210398e-01 2.631578947368420813e+02 2.131379254530876732e+00 1.434761137683046428e+01 3.952622524177635910e+01 8.483801851157647889e+01 1.417663071143694538e+02 2.089121068530686216e+02
7.815789473684210398e-01 2.736842105263157805e+02 2.130543524720861726e+00 1.490270841663707202e+01 3.967827785358806381e+01 8.460888137377457952e+01 1.414377785987140612e+02 2.085353038749487951e+02
7.815789473684210398e-01 2.842105263157894797e+02 2.129748526751310767e+00 1.542691061668743302e+01 3.990428236354848224e+01 8.439346105692200695e+01 1.411121545341155468e+02 2.081575929997547689e+02
7.815789473684210398e-01 2.947368421052631788e+02 2.129050037617117308e+00 1.592352099722934078e+01 4.021070813344451977e+01 8.419420121952956038e+01 1.407902122873972530e+02 2.077793102640342227e+02
7.815789473684210398e-01 3.052631578947368780e+02 2.128504330268681244e+00 1.639538406073870647e+01 4.059891398526490747e+01 8.401396436413359936e+01 1.404728421203703306e+02 2.074008385241838823e+02
7.815789473684210398e-01 3.157894736842105203e+02 2.128073952456619455e+00 1.684495299640025578e+01 4.106286756552132999e+01 8.385610214432728071e+01 1.401610655030562782e+02 2.070226140458108546e+02
7.815789473684210398e-01 3.263157894736842195e+02 2.127670588344356961e+00 1.727435095967313572e+01 4.158898910512520786e+01 8.372452804501206458e+01 1.398560567063069584e+02 2.066451341551228325e+02
7.815789473684210398e-01 3.368421052631579187e+02 2.127367162825332780e+00 1.768542374216210789e+01 4.215892528375702852e+01 8.362378230219545117e+01 1.395591682575853838e+02 2.062689661441283420e+02
7.815789473684210398e-01 3.473684210526315610e+02 2.127212991953490562e+00 1.807978383567881409e+01 4.275385645707400784e+01 8.355906924038802686e+01 1.392719608355455136e+02 2.058947576363385963e+02
7.815789473684210398e-01 3.578947368421052602e+02 2.127164058469017238e+00 1.845884687796321444e+01 4.335793255981631944e+01 8.353623154472818158e+01 1.389962381703080041e+02 2.055232487025573107e+02
7.815789473684210398e-01 3.684210526315789593e+02 2.127241720838302097e+00 1.882386172137476521e+01 4.395964721125607610e+01 8.356160433784947372e+01 1.387340873718538319e+02 2.051552860245822387e+02
7.815789473684210398e-01 3.789473684210526585e+02 2.127509245250435388e+00 1.917593521935287981e+01 4.455157334262464275e+01 8.364166900254268455e+01 1.384879246850109951e+02 2.047918394699735813e+02
7.815789473684210398e-01 3.894736842105263577e+02 2.127668267585306250e+00 1.951605271397881936e+01 4.512940588683069620e+01 8.378241999522892058e+01 1.382605459710552225e+02 2.044340214736235737e+02
7.815789473684210398e-01 4.000000000000000000e+02 2.128019433983362685e+00 1.984509507475162238e+01 4.569096486379946498e+01 8.398840394807280063e+01 1.380551796535867481e+02 2.040831097052043503e+02
7.684210526315788936e-01 2.000000000000000000e+02 2.218908164129508087e+00 1.221645049403398353e+01 4.937022030532735783e+01 1.000458507902003475e+02 1.617563285155453912e+02 2.341118588061411856e+02
7.684210526315788936e-01 2.105263157894736992e+02 2.217773664134479628e+00 1.254968969152111313e+01 4.923674515868075474e+01 9.984481011630332148e+01 1.615254638194700760e+02 2.338629850234441676e+02
7.684210526315788936e-01 2.210526315789473699e+02 2.216608540831812579e+00 1.294485636386064087e+01 4.910912407241884381e+01 9.964411790067765651e+01 1.612932704385475802e+02 2.336119651791280774e+02
7.684210526315788936e-01 2.315789473684210407e+02 2.215488333302881419e+00 1.339529876868027358e+01 4.898822113813861989e+01 9.944398453308001251e+01 1.610598191693402725e+02 2.333588150626231368e+02
7.684210526315788936e-01 2.421052631578947398e+02 2.214500464578514016e+00 1.388824730769793803e+01 4.887502311526242949e+01 9.924464488591071643e+01 1.608251900304145465e+02 2.331035547833213855e+02
7.684210526315788936e-01 2.526315789473684390e+02 2.213466018435108040e+00 1.440763348212521144e+01 4.877065895423790920e+01 9.904636136364609911e+01 1.605894732809732943e+02 2.328462092499501637e+02
7.684210526315788936e-01 2.631578947368420813e+02 2.212548661067229805e+00 1.493792512362122693e+01 4.867642218222633232e+01 9.884942739418256963e+01 1.603527705495073121e+02 2.325868086886058848e+02
7.684210526315788936e-01 2.736842105263157805e+02 2.211736138694629261e+00 1.546681114823149272e+01 4.859379614434921990e+01 9.865417141404053325e+01 1.601151961150926581e+02 2.323253892284056406e+02
7.684210526315788936e-01 2.842105263157894797e+02 2.210856741342104304e+00 1.598595937007975998e+01 4.852448167048477501e+01 9.846096145004086964e+01 1.598768783385536665e+02 2.320619935521726802e+02
7.684210526315788936e-01 2.947368421052631788e+02 2.210030216703317230e+00 1.649046933370761536e+01 4.847042602179423909e+01 9.827021038037737810e+01 1.596379612781777837e+02 2.317966716167545655e+02
7.684210526315788936e-01 3.052631578947368780e+02 2.209303693777507682e+00 1.697790199948292056e+01 4.843385064910653171e+01 9.808238197154703641e+01 1.593986065146874012e+02 2.315294814618831936e+02
7.684210526315788936e-01 3.157894736842105203e+02 2.208631552730127900e+00 1.744739633186283712e+01 4.841727318877387631e+01 9.789799783378406062e+01 1.591589952132535757e+02 2.312604901146902705e+02
7.684210526315788936e-01 3.263157894736842195e+02 2.207991295622266037e+00 1.789902606035919419e+01 4.842351577334341783e+01 9.771764541461745068e+01 1.589193304605622075e+02 2.309897745997948562e+02
7.684210526315788936e-01 3.368421052631579187e+02 2.207437447841174905e+00 1.833338031384391797e+01 4.845568690523629130e+01 9.754198718054156814e+01 1.586798399099540688e+02 2.307174230684535416e+02
7.684210526315788936e-01 3.473684210526315610e+02 2.206957881366268026e+00 1.875130679366764141e+01 4.851711795721997333e+01 9.737177114310773618e+01 1.584407787937132071e+02 2.304435360740689305e+02
7.684210526315788936e-01 3.578947368421052602e+02 2.206477330446448448e+00 1.915376083711579369e+01 4.861122900596566154e+01 9.720784288001279094e+01 1.582024333465581378e+02 2.301682279973004484e+02
7.684210526315788936e-01 3.684210526315789593e+02 2.206095308585144021e+00 1.954171968907843393e+01 4.874129622811209117e+01 9.705115917356184241e+01 1.579651247056435750e+02 2.298916286589788456e+02
7.684210526315788936e-01 3.789473684210526585e+02 2.205758294289795085e+00 1.991613584184795727e+01 4.891010167882428306e+01 9.690280334825793318e+01 1.577292133610807525e+02 2.296138851271410317e+02
7.684210526315788936e-01 3.894736842105263577e+02 2.205536027859690940e+00 2.027791321478001407e+01 4.911947643962756160e+01 9.676400226190031617e+01 1.574951042370641119e+02 2.293351637708743453e+02
7.684210526315788936e-01 4.000000000000000000e+02 2.205343039329175525e+00 2.062789654023190167e+01 4.936980505926586460e+01 9.663614471094282976e+01 1.572632524991847163e+02 2.290556525704184025e+02
7.552631578947368585e-01 2.000000000000000000e+02 2.295680098306519756e+00 1.718313039781257245e+01 5.875350346132318435e+01 1.131215403895370883e+02 1.790913904634882670e+02 2.563784274323691079e+02
7.552631578947368585e-01 2.105263157894736992e+02 2.294746029601260950e+00 1.722475869183335462e+01 5.864683677482978652e+01 1.129808251237431875e+02 1.789336750506460021e+02 2.562098736652542357e+02
7.552631578947368585e-01 2.210526315789473699e+02 2.293789888838138058e+00 1.728223621824334444e+01 5.854138022260009677e+01 1.128395181134768848e+02 1.787746939040034988e+02 2.560396916976351349e+02
7.552631578947368585e-01 2.315789473684210407e+02 2.292895951555665057e+00 1.735752076371580443e+01 5.843732028803475487e+01 1.126976656950030815e+02 1.786144537460194215e+02 2.558678702637822369e+02
7.552631578947368585e-01 2.421052631578947398e+02 2.292031450414922400e+00 1.745271233062577565e+01 5.833486258274988501e+01 1.125553191907194019e+02 1.784529632156080368e+02 2.556943988283578335e+02
7.552631578947368585e-01 2.526315789473684390e+02 2.291191726556553121e+00 1.756998329610959075e+01 5.823423402878549382e+01 1.124125353914658092e+02 1.782902330542597156e+02 2.555192676775672567e+02
7.552631578947368585e-01 2.631578947368420813e+02 2.290369119335877723e+00 1.771145546100204626e+01 5.813568532934039013e+01 1.122693770835777940e+02 1.781262763105243891e+02 2.553424680212806948e+02
7.552631578947368585e-01 2.736842105263157805e+02 2.289557452020698491e+00 1.787901005203828575e+01 5.803949374380345461e+01 1.121259136399956162e+02 1.779611085662168932e+02 2.551639920941924231e+02
7.552631578947368585e-01 2.842105263157894797e+02 2.288835184322927319e+00 1.807402806333459466e+01 5.794596622918671613e+01 1.119822216695636143e+02 1.777947481781004910e+02 2.549838332787531954e+02
7.552631578947368585e-01 2.947368421052631788e+02 2.288082887056630099e+00 1.829708372762804558e+01 5.785544296797234409e+01 1.118383857416753102e+02 1.776272165552587410e+02 2.548019862339953931e+02
7.552631578947368585e-01 3.052631578947368780e+02 2.287369880075555972e+00 1.854765192784686079e+01 5.776830134797322103e+01 1.116944991911973233e+02 1.774585384512645874e+02 2.546184470345044701e+02
7.552631578947368585e-01 3.157894736842105203e+02 2.286740088365752488e+00 1.882392489385310697e+01 5.768496041450325151e+01 1.115506650120039183e+02 1.772887422962950268e+02 2.544332133319011575e+02
7.552631578947368585e-01 3.263157894736842195e+02 2.286047116415733882e+00 1.912283414597684583e+01 5.760588585376750359e+01 1.114069968542394236e+02 1.771178605570744367e+02 2.542462845242195328e+02
7.552631578947368585e-01 3.368421052631579187e+02 2.285498810807887082e+00 1.944031718496983174e+01 5.753159551993437049e+01 1.112636201386213344e+02 1.769459301399173796e+02 2.540576619417312543e+02
7.552631578947368585e-01 3.473684210526315610e+02 2.284880953957833860e+00 1.977177240026234273e+01 5.746266552426524754e+01 1.111206732983533243e+02 1.767729928259708743e+02 2.538673490621349629e+02
7.552631578947368585e-01 3.578947368421052602e+02 2.284380844665156118e+00 2.011256883476335489e+01 5.739973685310871332e+01 1.109783091646764035e+02 1.765990957665244139e+02 2.536753517331683270e+02
7.552631578947368585e-01 3.684210526315789593e+02 2.283788475687420494e+00 2.045847154572100024e+01 5.734352243224339674e+01 1.108366965241485502e+02 1.764242920173966240e+02 2.534816784283167976e+02
7.552631578947368585e-01 3.789473684210526585e+02 2.283311603632653064e+00 2.080590282642667788e+01 5.729481447635094327e+01 1.106960218545190315e+02 1.762486411411634037e+02 2.532863405254290399e+02
7.552631578947368585e-01 3.894736842105263577e+02 2.282915732961419586e+00 2.115203516069507117e+01 5.725449180757221512e+01 1.105564912791753756e+02 1.760722098696609237e+02 2.530893526096449477e+02
7.552631578947368585e-01 4.000000000000000000e+02 2.282513707085471744e+00 2.149476027187155935e+01 5.722352666552843203e+01 1.104183327434502075e+02 1.758950728421382337e+02 2.528907328202497240e+02
7.421052631578947123e-01 2.000000000000000000e+02 2.369208723096529745e+00 2.282616750269393080e+01 6.778970274927739581e+01 1.257336501095112453e+02 1.959127331939295118e+02 2.780982853615065551e+02
7.421052631578947123e-01 2.105263157894736992e+02 2.368498545237918584e+00 2.281051788031009409e+01 6.771198883275819469e+01 1.256369377074940274e+02 1.958057345966591924e+02 2.779844726812192448e+02
7.421052631578947123e-01 2.210526315789473699e+02 2.367795375485834519e+00 2.279866940250809648e+01 6.763432280863698054e+01 1.255395675574941095e+02 1.956977738317128228e+02 2.778695216258295204e+02
7.421052631578947123e-01 2.315789473684210407e+02 2.367053523202462983e+00 2.279098745464749953e+01 6.755675018456228997e+01 1.254415464777270728e+02 1.955888443304640134e+02 2.777534188520360203e+02
7.421052631578947123e-01 2.421052631578947398e+02 2.366426802176785138e+00 2.278787336124372231e+01 6.747932035098004633e+01 1.253428823899595272e+02 1.954789398511631759e+02 2.776361509971160331e+02
7.421052631578947123e-01 2.526315789473684390e+02 2.365764331666774467e+00 2.278976760912679111e+01 6.740208691731605484e+01 1.252435844159709859e+02 1.953680545164532418e+02 2.775177046932733447e+02
7.421052631578947123e-01 2.631578947368420813e+02 2.365093944100297385e+00 2.279715303001228577e+01 6.732510808060722240e+01 1.251436629772465920e+02 1.952561828544132823e+02 2.773980665889627630e+02
7.421052631578947123e-01 2.736842105263157805e+02 2.364411238710760088e+00 2.281055776796559087e+01 6.724844703303880067e+01 1.250431299060365404e+02 1.951433198416971209e+02 2.772772233629586367e+02
7.421052631578947123e-01 2.842105263157894797e+02 2.363769205258960060e+00 2.283055775892190198e+01 6.717217240508418286e+01 1.249419985661315451e+02 1.950294609514434967e+02 2.771551617459068098e+02
7.421052631578947123e-01 2.947368421052631788e+02 2.363178352612262945e+00 2.285777829468464617e+01 6.709635875527520454e+01 1.248402839814305736e+02 1.949146022084037213e+02 2.770318685464548594e+02
7.421052631578947123e-01 3.052631578947368780e+02 2.362554600954601458e+00 2.289289414443621951e+01 6.702108711297960042e+01 1.247380029795989742e+02 1.947987402402023918e+02 2.769073306704759716e+02
7.421052631578947123e-01 3.157894736842105203e+02 2.361965389576574204e+00 2.293662743861694508e+01 6.694644556601275553e+01 1.246351743461935371e+02 1.946818723456969167e+02 2.767815351531093029e+02
7.421052631578947123e-01 3.263157894736842195e+02 2.361376010935249070e+00 2.298974234092459312e+01 6.687252991918470002e+01 1.245318189952855192e+02 1.945639965575678900e+02 2.766544691873889974e+02
7.421052631578947123e-01 3.368421052631579187e+02 2.360871773101599125e+00 2.305303522679525940e+01 6.679944441294017565e+01 1.244279601485588813e+02 1.944451117160565445e+02 2.765261201540307638e+02
7.421052631578947123e-01 3.473684210526315610e+02 2.360288170147751163e+00 2.312731897089906141e+01 6.672730251887396946e+01 1.243236235434322055e+02 1.943252175521438971e+02 2.763964756618748311e+02
7.421052631578947123e-01 3.578947368421052602e+02 2.359717595206814789e+00 2.321339974814693363e+01 6.665622781454315771e+01 1.242188376473566223e+02 1.942043147701616306e+02 2.762655235862912946e+02
7.421052631578947123e-01 3.684210526315789593e+02 2.359276329706330166e+00 2.331204507190144071e+01 6.658635495092255496e+01 1.241136339013541061e+02 1.940824051452652554e+02 2.761332521085256531e+02
7.421052631578947123e-01 3.789473684210526585e+02 2.358743064672815137e+00 2.342394235763976695e+01 6.651783071854674745e+01 1.240080469812088211e+02 1.939594916263872904e+02 2.759996497707818435e+02
7.421052631578947123e-01 3.894736842105263577e+02 2.358259418552750564e+00 2.354964866891170416e+01 6.645081521660102908e+01 1.239021150871634660e+02 1.938355784486658138e+02 2.758647055193074493e+02
7.421052631578947123e-01 4.000000000000000000e+02 2.357811487750165913e+00 2.368953435699717147e+01 6.638548314969118280e+01 1.237958802604558741e+02 1.937106712575012750e+02 2.757284087699939619e+02
7.289473684210526772e-01 2.000000000000000000e+02 2.439956082024947737e+00 2.849081283304719747e+01 7.651166461219774817e+01 1.379673083046722866e+02 2.123221886000305005e+02 2.993814116560740217e+02
7.289473684210526772e-01 2.105263157894736992e+02 2.439381974495187233e+00 2.846733409464415132e+01 7.645735778470272237e+01 1.379017228783960149e+02 2.122501337094850840e+02 2.993049461794878425e+02
7.289473684210526772e-01 2.210526315789473699e+02 2.438851528836512017e+00 2.844487991658707315e+01 7.640283882503553059e+01 1.378356136982738178e+02 2.121774054784416990e+02 2.992277156368817828e+02
7.289473684210526772e-01 2.315789473684210407e+02 2.438309501497339493e+00 2.842353258056811072e+01 7.634811818287998619e+01 1.377689784552869128e+02 2.121039964463829790e+02 2.991497097247435590e+02
7.289473684210526772e-01 2.421052631578947398e+02 2.437802329372362742e+00 2.840338054196332251e+01 7.629320721117717596e+01 1.377018150557538547e+02 2.120298991335720586e+02 2.990709180006022621e+02
7.289473684210526772e-01 2.526315789473684390e+02 2.437250293959532854e+00 2.838451893972761653e+01 7.623811823186159131e+01 1.376341216430319889e+02 2.119551060450281170e+02 2.989913298892295188e+02
7.289473684210526772e-01 2.631578947368420813e+02 2.436719455691615188e+00 2.836705013642093220e+01 7.618286460531304272e+01 1.375658966145201134e+02 2.118796096824383426e+02 2.989109346756173977e+02
7.289473684210526772e-01 2.736842105263157805e+02 2.436197766242766072e+00 2.835108431333674162e+01 7.612746080882057242e+01 1.374971386493756427e+02 2.118034025466204753e+02 2.988297215134626299e+02
7.289473684210526772e-01 2.842105263157894797e+02 2.435712055473449933e+00 2.833674010112827091e+01 7.607192251505810532e+01 1.374278467309887048e+02 2.117264771507421131e+02 2.987476794210713251e+02
7.289473684210526772e-01 2.947368421052631788e+02 2.435170360598498007e+00 2.832414526386549269e+01 7.601626668335489967e+01 1.373580201735198330e+02 2.116488260252242242e+02 2.986647972844297669e+02
7.289473684210526772e-01 3.052631578947368780e+02 2.434723306141363786e+00 2.831343742284249032e+01 7.596051165495437374e+01 1.372876586515801876e+02 2.115704417314602210e+02 2.985810638619010433e+02
7.289473684210526772e-01 3.157894736842105203e+02 2.434303003791726816e+00 2.830476482423905438e+01 7.590467725518706743e+01 1.372167622307610486e+02 2.114913168715058589e+02 2.984964677818969676e+02
7.289473684210526772e-01 3.263157894736842195e+02 2.433854964018961287e+00 2.829828715125410454e+01 7.584878490743390955e+01 1.371453314013677414e+02 2.114114440995308826e+02 2.984109975499878260e+02
7.289473684210526772e-01 3.368421052631579187e+02 2.433369592513997759e+00 2.829417636944914349e+01 7.579285775197415376e+01 1.370733671142332355e+02 2.113308161361555051e+02 2.983246415503527942e+02
7.289473684210526772e-01 3.473684210526315610e+02 2.432937717102418240e+00 2.829261758949327898e+01 7.573692077778710541e+01 1.370008708207782036e+02 2.112494257826180899e+02 2.982373880468691709e+02
7.289473684210526772e-01 3.578947368421052602e+02 2.432447615049900591e+00 2.829380994221542167e+01 7.568100096418513090e+01 1.369278445130682655e+02 2.111672659344875456e+02 2.981492251947233854e+02
7.289473684210526772e-01 3.684210526315789593e+02 2.431983059109449563e+00 2.829796744885130977e+01 7.562512743595162590e+01 1.368542907710326517e+02 2.110843296026345968e+02 2.980601410371022553e+02
7.289473684210526772e-01 3.789473684210526585e+02 2.431503208971096175e+00 2.830531982373674893e+01 7.556933162781488988e+01 1.367802128118040628e+02 2.110006099276180009e+02 2.979701235172003635e+02
7.289473684210526772e-01 3.894736842105263577e+02 2.431064808216061746e+00 2.831611321883393728e+01 7.551364746679413997e+01 1.367056145410444685e+02 2.109161002017296482e+02 2.978791604804687267e+02
7.289473684210526772e-01 4.000000000000000000e+02 2.430657682326440749e+00 2.833061081029734041e+01 7.545811156891133464e+01 1.366305006123385510e+02 2.108307938918958939e+02 2.977872396852449697e+02
7.157894736842105310e-01 2.000000000000000000e+02 2.508058222388634739e+00 3.403408695524475291e+01 8.496153979481360352e+01 1.498877694602788893e+02 2.283933605871095267e+02 3.203056214795257119e+02
7.157894736842105310e-01 2.105263157894736992e+02 2.507640089160612096e+00 3.401405506199182582e+01 8.492464270439745633e+01 1.498439070225771843e+02 2.283453245288479820e+02 3.202546751290113889e+02
7.157894736842105310e-01 2.210526315789473699e+02 2.507227720608580235e+00 3.399428308285715872e+01 8.488752306603360864e+01 1.497996720431344215e+02 2.282968376379379833e+02 3.202032276495169185e+02
7.157894736842105310e-01 2.315789473684210407e+02 2.506807478341265494e+00 3.397479250338858492e+01 8.485018215827464871e+01 1.497550609977079716e+02 2.282478941967834487e+02 3.201512720255371391e+02
7.157894736842105310e-01 2.421052631578947398e+02 2.506454702390465972e+00 3.395560611564845743e+01 8.481262147132380846e+01 1.497100703695226400e+02 2.281984884137430925e+02 3.200988011217110625e+02
7.157894736842105310e-01 2.526315789473684390e+02 2.506059733093671582e+00 3.393674810147494725e+01 8.477484272146813282e+01 1.496646966539390746e+02 2.281486144243518197e+02 3.200458076827362106e+02
7.157894736842105310e-01 2.631578947368420813e+02 2.505671784988987572e+00 3.391824412654273146e+01 8.473684786623134357e+01 1.496189363625999817e+02 2.280982662909252383e+02 3.199922843327431679e+02
7.157894736842105310e-01 2.736842105263157805e+02 2.505281248188145682e+00 3.390012143532560174e+01 8.469863912178944076e+01 1.495727860278526009e+02 2.280474380023078140e+02 3.199382235721632242e+02
7.157894736842105310e-01 2.842105263157894797e+02 2.504924515348654790e+00 3.388240895644040052e+01 8.466021897942232499e+01 1.495262422081098066e+02 2.279961234758787612e+02 3.198836177748107161e+02
7.157894736842105310e-01 2.947368421052631788e+02 2.504518676325287352e+00 3.386513741680042244e+01 8.462159022512742013e+01 1.494793014917515279e+02 2.279443165553894062e+02 3.198284591879818208e+02
7.157894736842105310e-01 3.052631578947368780e+02 2.504132206035409869e+00 3.384833946047919540e+01 8.458275595971299765e+01 1.494319605039133592e+02 2.278920110148661990e+02 3.197727399300953834e+02
7.157894736842105310e-01 3.157894736842105203e+02 2.503763091377181560e+00 3.383204977896591004e+01 8.454371961960234216e+01 1.493842159129127083e+02 2.278392005561786107e+02 3.197164519869525066e+02
7.157894736842105310e-01 3.263157894736842195e+02 2.503398744465555215e+00 3.381630524753099820e+01 8.450448500026357124e+01 1.493360644335546681e+02 2.277858788120309441e+02 3.196595872137589822e+02
7.157894736842105310e-01 3.368421052631579187e+02 2.503017398506647950e+00 3.380114507512216449e+01 8.446505628157161993e+01 1.492875028395486368e+02 2.277320393472565740e+02 3.196021373288994027e+02
7.157894736842105310e-01 3.473684210526315610e+02 2.502671054093967395e+00 3.378661096053077273e+01 8.442543805154041081e+01 1.492385279662456981e+02 2.276776756581196821e+02 3.195440939163093503e+02
7.157894736842105310e-01 3.578947368421052602e+02 2.502314607846432004e+00 3.377274726575419805e+01 8.438563533724793331e+01 1.491891367211885893e+02 2.276227811757326549e+02 3.194854484199628359e+02
7.157894736842105310e-01 3.684210526315789593e+02 2.501925966246524524e+00 3.375960119257378267e+01 8.434565363376748337e+01 1.491393260929976066e+02 2.275673492672057705e+02 3.194261921446399128e+02
7.157894736842105310e-01 3.789473684210526585e+02 2.501574458293801317e+00 3.374722297761096712e+01 8.430549893630019653e+01 1.490890931587096020e+02 2.275113732375922382e+02 3.193663162546939702e+02
7.157894736842105310e-01 3.894736842105263577e+02 2.501225538706099982e+00 3.373566610009712008e+01 8.426517777448030699e+01 1.490384350972714458e+02 2.274548463322397254e+02 3.193058117716921629e+02
7.157894736842105310e-01 4.000000000000000000e+02 2.500904049993931011e+00 3.372498749977248167e+01 8.422469725011195862e+01 1.489873491982111204e+02 2.273977617391751096e+02 3.192446695716956810e+02
7.026315789473683848e-01 2.000000000000000000e+02 2.573767863779248266e+00 3.942589679556582638e+01 9.317731393982744237e+01 1.615446622298732109e+02 2.441803831308971553e+02 3.409273045817924981e+02
7.026315789473683848e-01 2.105263157894736992e+02 2.573470907922813744e+00 3.941125062691529735e+01 9.315289467817538593e+01 1.615158328922776434e+02 2.441488183853562930e+02 3.408937969985998393e+02
7.026315789473683848e-01 2.210526315789473699e+02 2.573190509819112570e+00 3.939664313865548451e+01 9.312830299508918586e+01 1.614867541922423300e+02 2.441169613098724369e+02 3.408599684046717471e+02
7.026315789473683848e-01 2.315789473684210407e+02 2.572891234887020762e+00 3.938208020942610688e+01 9.310353804372029174e+01 1.614574232808307670e+02 2.440848080439559169e+02 3.408258143074456257e+02
7.026315789473683848e-01 2.421052631578947398e+02 2.572576935092206529e+00 3.936756803578711583e+01 9.307859901594937924e+01 1.614278372787680667e+02 2.440523546658941996e+02 3.407913301316474985e+02
7.026315789473683848e-01 2.526315789473684390e+02 2.572257546473286638e+00 3.935311315050153524e+01 9.305348514607544530e+01 1.613979932751597346e+02 2.440195971920007878e+02 3.407565112224841641e+02
7.026315789473683848e-01 2.631578947368420813e+02 2.572065188354299980e+00 3.933872244428272325e+01 9.302819571404174326e+01 1.613678883322627371e+02 2.439865315741729148e+02 3.407213528388509189e+02
7.026315789473683848e-01 2.736842105263157805e+02 2.571793338334435575e+00 3.932440317886184999e+01 9.300273005027023032e+01 1.613375194817909062e+02 2.439531537003501853e+02 3.406858501563263530e+02
7.026315789473683848e-01 2.842105263157894797e+02 2.571539933302104064e+00 3.931016301456487838e+01 9.297708753738544374e+01 1.613068837279703587e+02 2.439194593935869761e+02 3.406499982630576255e+02
7.026315789473683848e-01 2.947368421052631788e+02 2.571240945749698081e+00 3.929601002780825780e+01 9.295126761632018031e+01 1.612759780459298895e+02 2.438854444090596587e+02 3.406137921578635996e+02
7.026315789473683848e-01 3.052631578947368780e+02 2.570961827470418015e+00 3.928195273632088913e+01 9.292526978987078223e+01 1.612447993845490544e+02 2.438511044357234709e+02 3.405772267487554927e+02
7.026315789473683848e-01 3.157894736842105203e+02 2.570676605939385961e+00 3.926800012307361953e+01 9.289909362738711707e+01 1.612133446648979884e+02 2.438164350943770842e+02 3.405402968513002975e+02
7.026315789473683848e-01 3.263157894736842195e+02 2.570427057285035843e+00 3.925416166466908408e+01 9.287273877025002378e+01 1.611816107831166107e+02 2.437814319354428960e+02 3.405029971883878943e+02
7.026315789473683848e-01 3.368421052631579187e+02 2.570128203300607428e+00 3.924044735612933010e+01 9.284620493636361971e+01 1.611495946091226301e+02 2.437460904403388327e+02 3.404653223833016114e+02
7.026315789473683848e-01 3.473684210526315610e+02 2.569827904639945704e+00 3.922686774410733790e+01 9.281949192649153701e+01 1.611172929894763399e+02 2.437104060179105147e+02 3.404272669639791502e+02
7.026315789473683848e-01 3.578947368421052602e+02 2.569544694523928641e+00 3.921343395561697776e+01 9.279259963032474445e+01 1.610847027479028952e+02 2.436743740058493586e+02 3.403888253556020231e+02
7.026315789473683848e-01 3.684210526315789593e+02 2.569225781030623601e+00 3.920015773280048421e+01 9.276552803233028044e+01 1.610518206845227667e+02 2.436379896686641757e+02 3.403499918828190403e+02
7.026315789473683848e-01 3.789473684210526585e+02 2.568961581313003784e+00 3.918705146804048667e+01 9.273827721921954037e+01 1.610186435805566134e+02 2.436012481969566181e+02 3.403107607653865898e+02
7.026315789473683848e-01 3.894736842105263577e+02 2.568784457847839153e+00 3.917412824206787292e+01 9.271084738662169400e+01 1.609851681972093616e+02 2.435641447059451821e+02 3.402711261152085740e+02
7.026315789473683848e-01 4.000000000000000000e+02 2.568493722149386205e+00 3.916140186602283535e+01 9.268323884763216824e+01 1.609513912779107443e+02 2.435266742363281764e+02 3.402310819372810897e+02
6.894736842105263497e-01 2.000000000000000000e+02 2.637357231299165772e+00 4.466721321625375651e+01 1.011906381561852015e+02 1.729760325976699846e+02 2.597238331097513537e+02 3.612882257818144467e+02
6.894736842105263497e-01 2.105263157894736992e+02 2.637112200072721180e+00 4.465739431730840181e+01 1.011749594440300370e+02 1.729575223475709720e+02 2.597035158701203272e+02 3.612666050212163213e+02
6.894736842105263497e-01 2.210526315789473699e+02 2.636957234696129859e+00 4.464755743457259030e+01 1.011591626208117134e+02 1.729388526357423359e+02 2.596830147565689799e+02 3.612447835677724015e+02
6.894736842105263497e-01 2.315789473684210407e+02 2.636790716617510189e+00 4.463770407129430140e+01 1.011432466510826771e+02 1.729200215228891011e+02 2.596623273359838322e+02 3.612227586623627076e+02
6.894736842105263497e-01 2.421052631578947398e+02 2.636618129430312596e+00 4.462783581202747740e+01 1.011272104982157174e+02 1.729010270429830598e+02 2.596414511338900297e+02 3.612005274972912616e+02
6.894736842105263497e-01 2.526315789473684390e+02 2.636436824932926637e+00 4.461795432964253649e+01 1.011110531238085315e+02 1.728818672013774744e+02 2.596203836337175517e+02 3.611780872136860125e+02
6.894736842105263497e-01 2.631578947368420813e+02 2.636197567432063682e+00 4.460806138720338510e+01 1.010947734897864052e+02 1.728625399740699322e+02 2.595991222765745192e+02 3.611554348993437316e+02
6.894736842105263497e-01 2.736842105263157805e+02 2.636009554640736496e+00 4.459815884509710315e+01 1.010783705579050036e+02 1.728430433097152843e+02 2.595776644593703963e+02 3.611325675919854916e+02
6.894736842105263497e-01 2.842105263157894797e+02 2.635783901305420507e+00 4.458824866405962695e+01 1.010618432917251113e+02 1.728233751265868534e+02 2.595560075349019371e+02 3.611094822741916914e+02
6.894736842105263497e-01 2.947368421052631788e+02 2.635531027940448467e+00 4.457833291034025081e+01 1.010451906557048574e+02 1.728035333142676393e+02 2.595341488105262329e+02 3.610861758713999734e+02
6.894736842105263497e-01 3.052631578947368780e+02 2.635374781336238037e+00 4.456841376059374937e+01 1.010284116178097094e+02 1.727835157314585217e+02 2.595120855468010177e+02 3.610626452548999623e+02
6.894736842105263497e-01 3.157894736842105203e+02 2.635166006398977245e+00 4.455849350960933464e+01 1.010115051496756138e+02 1.727633202072570100e+02 2.594898149581529765e+02 3.610388872381415695e+02
6.894736842105263497e-01 3.263157894736842195e+02 2.634979427144747977e+00 4.454857457283102207e+01 1.009944702266669339e+02 1.727429445403851389e+02 2.594673342099515594e+02 3.610148985741563479e+02
6.894736842105263497e-01 3.368421052631579187e+02 2.634828783729433077e+00 4.453865949489325260e+01 1.009773058304351849e+02 1.727223864977551386e+02 2.594446404195256264e+02 3.609906759561751528e+02
6.894736842105263497e-01 3.473684210526315610e+02 2.634556215346258057e+00 4.452875095633862657e+01 1.009600109491407807e+02 1.727016438166347427e+02 2.594217306531483587e+02 3.609662160170254879e+02
6.894736842105263497e-01 3.578947368421052602e+02 2.634332992996469169e+00 4.451885177834471108e+01 1.009425845787144596e+02 1.726807142016711509e+02 2.593986019267248366e+02 3.609415153248532420e+02
6.894736842105263497e-01 3.684210526315789593e+02 2.634206639428637864e+00 4.450896493134780485e+01 1.009250257250188270e+02 1.726595953250878210e+02 2.593752512039587828e+02 3.609165703841430286e+02
6.894736842105263497e-01 3.789473684210526585e+02 2.633994715532494091e+00 4.449909354278430840e+01 1.009073334027181090e+02 1.726382848290821528e+02 2.593516753960374217e+02 3.608913776332074121e+02
6.894736842105263497e-01 3.894736842105263577e+02 2.633722815272339091e+00 4.448924090436798195e+01 1.008895066399568208e+02 1.726167803221873953e+02 2.593278713592513327e+02 3.608659334433293679e+02
6.894736842105263497e-01 4.000000000000000000e+02 2.633509378796479616e+00 4.447941048175302825e+01 1.008715444771386416e+02 1.725950793805620549e+02 2.593038358961309200e+02 3.608402341169845045e+02
6.763157894736842035e-01 2.000000000000000000e+02 2.699070162065547951e+00 4.976808729499631312e+01 1.090273250847215394e+02 1.842114019953413617e+02 2.750546565312552048e+02 3.814198873058051618e+02
6.763157894736842035e-01 2.105263157894736992e+02 2.698914933674014804e+00 4.976198606237431932e+01 1.090176490163319158e+02 1.841998998937132512e+02 2.750419603961817643e+02 3.814063180369156498e+02
6.763157894736842035e-01 2.210526315789473699e+02 2.698778716236594821e+00 4.975586054012529047e+01 1.090078984275624805e+02 1.841883003268391974e+02 2.750291526083358349e+02 3.813926270769597409e+02
6.763157894736842035e-01 2.315789473684210407e+02 2.698652699028520896e+00 4.974971101055003686e+01 1.089980725489529334e+02 1.841766020940252986e+02 2.750162317138614867e+02 3.813788127984445282e+02
6.763157894736842035e-01 2.421052631578947398e+02 2.698523818717074807e+00 4.974353777703452550e+01 1.089881706038877383e+02 1.841648039746574170e+02 2.750031962331364070e+02 3.813648735450229310e+02
6.763157894736842035e-01 2.526315789473684390e+02 2.698387218113488029e+00 4.973734116611224465e+01 1.089781918072075086e+02 1.841529047294497161e+02 2.749900446618112824e+02 3.813508076307503529e+02
6.763157894736842035e-01 2.631578947368420813e+02 2.698235910849372754e+00 4.973112152642323025e+01 1.089681353662366945e+02 1.841409031004355086e+02 2.749767754701368858e+02 3.813366133395057318e+02
6.763157894736842035e-01 2.736842105263157805e+02 2.698086843536500190e+00 4.972487923131458842e+01 1.089580004803446229e+02 1.841287978086498640e+02 2.749633871005579522e+02 3.813222889243178884e+02
6.763157894736842035e-01 2.842105263157894797e+02 2.697965102327184894e+00 4.971861468071249845e+01 1.089477863408902181e+02 1.841165875558510265e+02 2.749498779700433033e+02 3.813078326072537720e+02
6.763157894736842035e-01 2.947368421052631788e+02 2.697819529679648554e+00 4.971232829989688895e+01 1.089374921314556701e+02 1.841042710234810329e+02 2.749362464674334205e+02 3.812932425780887229e+02
6.763157894736842035e-01 3.052631578947368780e+02 2.697674948929835725e+00 4.970602054312760743e+01 1.089271170283775945e+02 1.840918468711110734e+02 2.749224909532450170e+02 3.812785169938170498e+02
6.763157894736842035e-01 3.157894736842105203e+02 2.697548908745112328e+00 4.969969189344757865e+01 1.089166601999218926e+02 1.840793137385493878e+02 2.749086097600341532e+02 3.812636539781936449e+02
6.763157894736842035e-01 3.263157894736842195e+02 2.697411471701868457e+00 4.969334286484756547e+01 1.089061208063754691e+02 1.840666702427569987e+02 2.748946011911023675e+02 3.812486516193446846e+02
6.763157894736842035e-01 3.368421052631579187e+02 2.697252442863198318e+00 4.968697400408785825e+01 1.088954980012882316e+02 1.840539149794856826e+02 2.748804635193325794e+02 3.812335079725419291e+02
6.763157894736842035e-01 3.473684210526315610e+02 2.697111150729707418e+00 4.968058589097714872e+01 1.088847909300593528e+02 1.840410465219871412e+02 2.748661949871947172e+02 3.812182210552027186e+02
6.763157894736842035e-01 3.578947368421052602e+02 2.696959987424523586e+00 4.967417914129783441e+01 1.088739987310545843e+02 1.840280634199159806e+02 2.748517938069012985e+02 3.812027888495259162e+02
6.763157894736842035e-01 3.684210526315789593e+02 2.696800491979067793e+00 4.966775440804399011e+01 1.088631205357312410e+02 1.840149642016317841e+02 2.748372581572670015e+02 3.811872092985453833e+02
6.763157894736842035e-01 3.789473684210526585e+02 2.696650503819647327e+00 4.966131238194513742e+01 1.088521554679007011e+02 1.840017473702473296e+02 2.748225861860116197e+02 3.811714803092860393e+02
6.763157894736842035e-01 3.894736842105263577e+02 2.696510634566663622e+00 4.965485379531192223e+01 1.088411026444920111e+02 1.839884114063020775e+02 2.748077760070977433e+02 3.811555997470649686e+02
6.763157894736842035e-01 4.000000000000000000e+02 2.696366192213039970e+00 4.964837942387312353e+01 1.088299611763446961e+02 1.839749547643059202e+02 2.747928257001635188e+02 3.811395654387852687e+02
6.631578947368421684e-01 2.000000000000000000e+02 2.758802190568669488e+00 5.474065025007755736e+01 1.167083501708205517e+02 1.952739559332828776e+02 2.901967962812975657e+02 4.013463864604905211e+02
6.631578947368421684e-01 2.105263157894736992e+02 2.758718338559513317e+00 5.473719095950524860e+01 1.167027044260886441e+02 1.952671392331655795e+02 2.901891970557526292e+02 4.013382078827184500e+02
6.631578947368421684e-01 2.210526315789473699e+02 2.758650315312585644e+00 5.473371432849841511e+01 1.166970152439452164e+02 1.952602661404421269e+02 2.901815331060899439e+02 4.013299585500221269e+02
6.631578947368421684e-01 2.315789473684210407e+02 2.758543769431912818e+00 5.473022034881308429e+01 1.166912821507619071e+02 1.952533359660732231e+02 2.901738036100202862e+02 4.013216375463319423e+02
6.631578947368421684e-01 2.421052631578947398e+02 2.758463712516173061e+00 5.472670901745841832e+01 1.166855046665382218e+02 1.952463480102283029e+02 2.901660077316095681e+02 4.013132439391588946e+02
6.631578947368421684e-01 2.526315789473684390e+02 2.758375646117003921e+00 5.472318033688528516e+01 1.166796823052462173e+02 1.952393015621348979e+02 2.901581446204160670e+02 4.013047767799471899e+02
6.631578947368421684e-01 2.631578947368420813e+02 2.758272871037479756e+00 5.471963431376630638e+01 1.166738145746089117e+02 1.952321958986561015e+02 2.901502134125611860e+02 4.012962351028646140e+02
6.631578947368421684e-01 2.736842105263157805e+02 2.758154058743847337e+00 5.471607096095675615e+01 1.166679009752590019e+02 1.952250302864592584e+02 2.901422132283231008e+02 4.012876179275328354e+02
6.631578947368421684e-01 2.842105263157894797e+02 2.758034452911078738e+00 5.471249029742325831e+01 1.166619410021383629e+02 1.952178039797017846e+02 2.901341431730496083e+02 4.012789242532889489e+02
6.631578947368421684e-01 2.947368421052631788e+02 2.757972891633038603e+00 5.470889234818121594e+01 1.166559341430329795e+02 1.952105162203237114e+02 2.901260023380868347e+02 4.012701530653310442e+02
6.631578947368421684e-01 3.052631578947368780e+02 2.757856575420017275e+00 5.470527714461643853e+01 1.166498798794720670e+02 1.952031662382126456e+02 2.901177897983322964e+02 4.012613033284831658e+02
6.631578947368421684e-01 3.157894736842105203e+02 2.757747133626784475e+00 5.470164472517603826e+01 1.166437776862328235e+02 1.951957532505600170e+02 2.901095046119195331e+02 4.012523739885556324e+02
6.631578947368421684e-01 3.263157894736842195e+02 2.757649214537736704e+00 5.469799513626092136e+01 1.166376270309623351e+02 1.951882764620234809e+02 2.901011458218626444e+02 4.012433639760442929e+02
6.631578947368421684e-01 3.368421052631579187e+02 2.757522934108852741e+00 5.469432842949608187e+01 1.166314273744221026e+02 1.951807350638502498e+02 2.900927124536490851e+02 4.012342721991701069e+02
6.631578947368421684e-01 3.473684210526315610e+02 2.757468696051951440e+00 5.469064466715114037e+01 1.166251781707573372e+02 1.951731282349969661e+02 2.900842035169654309e+02 4.012250975472247774e+02
6.631578947368421684e-01 3.578947368421052602e+02 2.757389797210564986e+00 5.468694391864491422e+01 1.166188788670378784e+02 1.951654551390891470e+02 2.900756180025879303e+02 4.012158388905190805e+02
6.631578947368421684e-01 3.684210526315789593e+02 2.757330795143063451e+00 5.468322626068715664e+01 1.166125289029655931e+02 1.951577149280404058e+02 2.900669548843209213e+02 4.012064950781079915e+02
6.631578947368421684e-01 3.789473684210526585e+02 2.757218836604217849e+00 5.467949178182112746e+01 1.166061277109146772e+02 1.951499067380181316e+02 2.900582131182164289e+02 4.011970649376500546e+02
6.631578947368421684e-01 3.894736842105263577e+02 2.757120895166297991e+00 5.467574057781365582e+01 1.165996747169725012e+02 1.951420296917538906e+02 2.900493916409459416e+02 4.011875472765754580e+02
6.631578947368421684e-01 4.000000000000000000e+02 2.757006746806752062e+00 5.467197275650388377e+01 1.165931693384533787e+02 1.951340828969377696e+02 2.900404893708254690e+02 4.011779408794391202e+02
6.500000000000000222e-01 2.000000000000000000e+02 2.817125171912475690e+00 5.959672220386505614e+01 1.242508017023910583e+02 2.061820950410576927e+02 3.051689806039092900e+02 4.210863321365016532e+02
6.500000000000000222e-01 2.105263157894736992e+02 2.817078198083261764e+00 5.959501933194614764e+01 1.242477799810477563e+02 2.061783360955012938e+02 3.051647187304602653e+02 4.210816934388048480e+02
6.500000000000000222e-01 2.210526315789473699e+02 2.817018791470659700e+00 5.959330730806148324e+01 1.242447353699479606e+02 2.061745469388008019e+02 3.051604217730975961e+02 4.210770160588232898e+02
6.500000000000000222e-01 2.315789473684210407e+02 2.816968257760110284e+00 5.959158609452884292e+01 1.242416676169975034e+02 2.061707272102077297e+02 3.051560893002512671e+02 4.210722995130433333e+02
6.500000000000000222e-01 2.421052631578947398e+02 2.816898762653344157e+00 5.958985565489128788e+01 1.242385764667295831e+02 2.061668765424506091e+02 3.051517208719519658e+02 4.210675433086831845e+02
6.500000000000000222e-01 2.526315789473684390e+02 2.816794558611934729e+00 5.958811595318277909e+01 1.242354616597449564e+02 2.061629945621609181e+02 3.051473160414574863e+02 4.210627469460224575e+02
6.500000000000000222e-01 2.631578947368420813e+02 2.816709235360805419e+00 5.958636695509716930e+01 1.242323229334263175e+02 2.061590808914192792e+02 3.051428743548895568e+02 4.210579099155074800e+02
6.500000000000000222e-01 2.736842105263157805e+02 2.816652260669583629e+00 5.958460862691881488e+01 1.242291600209738931e+02 2.061551351443174838e+02 3.051383953504356441e+02 4.210530317004265726e+02
6.500000000000000222e-01 2.842105263157894797e+02 2.816531356796269314e+00 5.958284093611933230e+01 1.242259726521597116e+02 2.061511569304196314e+02 3.051338785587279290e+02 4.210481117742244237e+02
6.500000000000000222e-01 2.947368421052631788e+02 2.816492325269819297e+00 5.958106385178155762e+01 1.242227605532092554e+02 2.061471458526809215e+02 3.051293235028439881e+02 4.210431496014116419e+02
6.500000000000000222e-01 3.052631578947368780e+02 2.816425149296388764e+00 5.957927734415057586e+01 1.242195234457274324e+02 2.061431015070111243e+02 3.051247296979047405e+02 4.210381446383102002e+02
6.500000000000000222e-01 3.157894736842105203e+02 2.816363894251209032e+00 5.957748138527387738e+01 1.242162610481930614e+02 2.061390234834783541e+02 3.051200966501404537e+02 4.210330963309816639e+02
6.500000000000000222e-01 3.263157894736842195e+02 2.816286356457544660e+00 5.957567594793589194e+01 1.242129730745640614e+02 2.061349113649171159e+02 3.051154238582129210e+02 4.210280041161856843e+02
6.500000000000000222e-01 3.368421052631579187e+02 2.816232236989704152e+00 5.957386100704248832e+01 1.242096592349185187e+02 2.061307647279049036e+02 3.051107108118009137e+02 4.210228674206338155e+02
6.500000000000000222e-01 3.473684210526315610e+02 2.816178412427384536e+00 5.957203653956157297e+01 1.242063192350414198e+02 2.061265831415275329e+02 3.051059569921527554e+02 4.210176856622751416e+02
6.500000000000000222e-01 3.578947368421052602e+02 2.816098663449241091e+00 5.957020252289030537e+01 1.242029527768087291e+02 2.061223661683238504e+02 3.051011618713811231e+02 4.210124582472591896e+02
6.500000000000000222e-01 3.684210526315789593e+02 2.816007876276781285e+00 5.956835893733542520e+01 1.241995595578172242e+02 2.061181133641933343e+02 3.050963249126795063e+02 4.210071845719816679e+02
6.500000000000000222e-01 3.789473684210526585e+02 2.815956464180100927e+00 5.956650576562446275e+01 1.241961392711053094e+02 2.061138242753459906e+02 3.050914455703701265e+02 4.210018640233390670e+02
6.500000000000000222e-01 3.894736842105263577e+02 2.815903733814730803e+00 5.956464299086779590e+01 1.241926916054911203e+02 2.061094984434849096e+02 3.050865232880768758e+02 4.209964959747658213e+02
6.500000000000000222e-01 4.000000000000000000e+02 2.815847765861611229e+00 5.956277060022846115e+01 1.241892162453395798e+02 2.061051354003151062e+02 3.050815575013380112e+02 4.209910797914939735e+02
