-0.00214531        1.0763          1.18936
-0.00110164        1.10277         1.21487
-5.79783e-05       1.1292          1.24032
 0.000985686       1.15558         1.26571
 0.00202935        1.18192         1.29104
 0.00307301        1.20822         1.31631
 0.00411668        1.23447         1.34152
 0.00516034        1.26068         1.36667
 0.00620401        1.28684         1.39176
 0.00724767        1.31296         1.41679
 0.00829133        1.33904         1.44175
 0.009335          1.36507         1.46666
 0.0103787         1.39106         1.49151
 0.0114223         1.41701         1.5163
 0.012466          1.44291         1.54103
 0.0135097         1.46877         1.5657
 0.0145533         1.49458         1.59031
 0.015597          1.52035         1.61486
 0.0166406         1.54608         1.63935
 0.0176843         1.57177         1.66378
 0.018728          1.59741         1.68816
 0.0197716         1.62302         1.71248
 0.0208153         1.64857         1.73673
 0.021859          1.67409         1.76093
 0.0229026         1.69956         1.78507
 0.0239463         1.72499         1.80916
 0.02499           1.75038         1.83318
 0.0260336         1.77573         1.85715
 0.0270773         1.80103         1.88106
 0.0281209         1.8263          1.90491
 0.0291646         1.85152         1.9287
 0.0302083         1.8767          1.95244
 0.0312519         1.90183         1.97612
 0.0322956         1.92693         1.99974
 0.0333393         1.95198         2.02331
 0.0343829         1.977           2.04681
 0.0354266         2.00197         2.07027
 0.0364703         2.0269          2.09366
 0.0375139         2.05179         2.117
 0.0385576         2.07664         2.14028
 0.0396013         2.10145         2.16351
 0.0406449         2.12621         2.18668
 0.0416886         2.15094         2.20979
 0.0427322         2.17562         2.23285
 0.0437759         2.20027         2.25585
 0.0448196         2.22487         2.2788
 0.0458632         2.24944         2.30169
 0.0469069         2.27396         2.32453
 0.0479506         2.29845         2.34731
 0.0489942         2.32289         2.37004
 0.0500379         2.34729         2.39271
 0.0510816         2.37166         2.41532
 0.0521252         2.39598         2.43788
 0.0531689         2.42027         2.46039
 0.0542125         2.44451         2.48284
 0.0552562         2.46872         2.50524
 0.0562999         2.49289         2.52759
 0.0573435         2.51701         2.54988
 0.0583872         2.5411          2.57211
 0.0594309         2.56515         2.5943
 0.0604745         2.58916         2.61642
 0.0615182         2.61313         2.6385
 0.0625619         2.63707         2.66052
 0.0636055         2.66096         2.68249
 0.0646492         2.68482         2.70441
 0.0656929         2.70863         2.72627
 0.0667365         2.73241         2.74808
 0.0677802         2.75615         2.76983
 0.0688238         2.77985         2.79154
 0.0698675         2.80352         2.81319
 0.0709112         2.82714         2.83479
 0.0719548         2.85073         2.85634
 0.0729985         2.87428         2.87783
 0.0740422         2.89779         2.89927
 0.0750858         2.92127         2.92066
 0.0761295         2.94471         2.942
 0.0771732         2.96811         2.96329
 0.0782168         2.99147         2.98453
 0.0792605         3.0148          3.00571
 0.0803041         3.03808         3.02685
 0.0813478         3.06133         3.04793
 0.0823915         3.08455         3.06896
 0.0834351         3.10773         3.08994
 0.0844788         3.13087         3.11087
 0.0855225         3.15397         3.13175
 0.0865661         3.17704         3.15258
 0.0876098         3.20007         3.17336
 0.0886535         3.22307         3.19409
 0.0896971         3.24603         3.21476
 0.0907408         3.26895         3.23539
 0.0917845         3.29183         3.25597
 0.0928281         3.31469         3.2765
 0.0938718         3.3375          3.29698
 0.0949154         3.36028         3.31741
 0.0959591         3.38302         3.33779
 0.0970028         3.40573         3.35812
 0.0980464         3.4284          3.3784
 0.0990901         3.45104         3.39864
 0.100134          3.47364         3.41882
 0.101177          3.49621         3.43896
 0.102221          3.51874         3.45904
 0.103265          3.54123         3.47908
 0.104308          3.5637          3.49907
 0.105352          3.58612         3.51901
 0.106396          3.60851         3.53891
 0.107439          3.63087         3.55876
 0.108483          3.65319         3.57855
 0.109527          3.67548         3.5983
 0.11057           3.69774         3.61801
 0.111614          3.71996         3.63766
 0.112658          3.74214         3.65727
 0.113701          3.76429         3.67683
 0.114745          3.78641         3.69635
 0.115789          3.8085          3.71582
 0.116832          3.83055         3.73524
 0.117876          3.85256         3.75461
 0.11892           3.87455         3.77394
 0.119963          3.8965          3.79322
 0.121007          3.91841         3.81246
 0.122051          3.94029         3.83165
 0.123094          3.96214         3.85079
 0.124138          3.98396         3.86989
 0.125182          4.00574         3.88894
 0.126225          4.0275          3.90794
 0.127269          4.04921         3.9269
 0.128313          4.0709          3.94582
 0.129356          4.09255         3.96469
 0.1304            4.11417         3.98351
 0.131444          4.13576         4.00229
 0.132487          4.15732         4.02103
 0.133531          4.17884         4.03972
 0.134575          4.20033         4.05836
 0.135618          4.22179         4.07696
 0.136662          4.24322         4.09552
 0.137706          4.26461         4.11403
 0.138749          4.28598         4.1325
 0.139793          4.30731         4.15092
 0.140837          4.32861         4.16931
 0.14188           4.34988         4.18764
 0.142924          4.37112         4.20594
 0.143968          4.39233         4.22419
 0.145011          4.4135          4.24239
 0.146055          4.43465         4.26056
 0.147099          4.45576         4.27868
 0.148142          4.47684         4.29675
 0.149186          4.4979          4.31479
 0.15023           4.51892         4.33278
 0.151273          4.53991         4.35073
 0.152317          4.56087         4.36864
 0.153361          4.5818          4.3865
 0.154404          4.6027          4.40432
 0.155448          4.62357         4.4221
 0.156492          4.64441         4.43984
 0.157535          4.66522         4.45754
 0.158579          4.686           4.47519
 0.159623          4.70675         4.49281
 0.160666          4.72747         4.51038
 0.16171           4.74816         4.52791
 0.162754          4.76882         4.5454
 0.163797          4.78945         4.56285
 0.164841          4.81006         4.58026
 0.165885          4.83063         4.59762
 0.166928          4.85117         4.61495
 0.167972          4.87169         4.63223
 0.169016          4.89218         4.64948
 0.170059          4.91263         4.66669
 0.171103          4.93306         4.68385
 0.172147          4.95346         4.70098
 0.17319           4.97383         4.71806
 0.174234          4.99418         4.73511
 0.175278          5.01449         4.75211
 0.176321          5.03478         4.76908
 0.177365          5.05504         4.78601
 0.178409          5.07527         4.80289
 0.179452          5.09547         4.81974
 0.180496          5.11565         4.83655
 0.18154           5.13579         4.85332
 0.182583          5.15591         4.87005
 0.183627          5.176           4.88675
 0.184671          5.19607         4.9034
 0.185714          5.21611         4.92002
 0.186758          5.23612         4.9366
 0.187802          5.2561          4.95314
 0.188845          5.27605         4.96964
 0.189889          5.29598         4.98611
 0.190933          5.31588         5.00253
 0.191976          5.33576         5.01892
 0.19302           5.35561         5.03527
 0.194064          5.37543         5.05159
 0.195107          5.39522         5.06787
 0.196151          5.41499         5.08411
 0.197195          5.43474         5.10031
 0.198238          5.45445         5.11648
 0.199282          5.47414         5.13261
 0.200326          5.49381         5.1487
 0.201369          5.51344         5.16476
 0.202413          5.53306         5.18078
 0.203456          5.55264         5.19676
 0.2045            5.5722          5.21271
 0.205544          5.59174         5.22862
 0.206587          5.61125         5.2445
 0.207631          5.63073         5.26034
 0.208675          5.65019         5.27615
 0.209718          5.66963         5.29192
 0.210762          5.68904         5.30765
 0.211806          5.70842         5.32335
 0.212849          5.72778         5.33902
 0.213893          5.74712         5.35465
 0.214937          5.76643         5.37024
 0.21598           5.78571         5.3858
 0.217024          5.80497         5.40133
 0.218068          5.82421         5.41682
 0.219111          5.84342         5.43228
 0.220155          5.86261         5.4477
 0.221199          5.88178         5.46309
 0.222242          5.90092         5.47844
 0.223286          5.92003         5.49377
 0.22433           5.93912         5.50905
 0.225373          5.95819         5.52431
 0.226417          5.97724         5.53953
 0.227461          5.99626         5.55472
 0.228504          6.01526         5.56987
 0.229548          6.03423         5.58499
 0.230592          6.05319         5.60008
 0.231635          6.07211         5.61514
 0.232679          6.09102         5.63016
 0.233723          6.1099          5.64515
 0.234766          6.12876         5.66011
 0.23581           6.1476          5.67504
 0.236854          6.16641         5.68993
 0.237897          6.18521         5.7048
 0.238941          6.20398         5.71963
 0.239985          6.22272         5.73443
 0.241028          6.24145         5.74919
 0.242072          6.26015         5.76393
 0.243116          6.27883         5.77863
 0.244159          6.29749         5.79331
 0.245203          6.31613         5.80795
 0.246247          6.33474         5.82256
 0.24729           6.35334         5.83714
 0.248334          6.37191         5.85169
 0.249378          6.39046         5.86621
 0.250421          6.40899         5.8807
 0.251465          6.4275          5.89516
 0.252509          6.44598         5.90959
 0.253552          6.46445         5.92399
 0.254596          6.48289         5.93835
 0.25564           6.50132         5.95269
 0.256683          6.51972         5.967
 0.257727          6.5381          5.98128
 0.258771          6.55647         5.99553
 0.259814          6.57481         6.00975
 0.260858          6.59313         6.02394
 0.261902          6.61143         6.03811
 0.262945          6.62971         6.05224
 0.263989          6.64797         6.06635
 0.265033          6.66621         6.08042
 0.266076          6.68443         6.09447
 0.26712           6.70263         6.10849
 0.268164          6.72081         6.12248
 0.269207          6.73897         6.13644
 0.270251          6.75711         6.15038
 0.271295          6.77523         6.16429
 0.272338          6.79334         6.17817
 0.273382          6.81142         6.19202
 0.274426          6.82948         6.20584
 0.275469          6.84753         6.21964
 0.276513          6.86556         6.23341
 0.277557          6.88356         6.24715
 0.2786            6.90155         6.26087
 0.279644          6.91952         6.27456
 0.280688          6.93747         6.28822
 0.281731          6.95541         6.30186
 0.282775          6.97332         6.31546
 0.283819          6.99122         6.32905
 0.284862          7.0091          6.3426
 0.285906          7.02696         6.35613
 0.28695           7.0448          6.36964
 0.287993          7.06262         6.38312
 0.289037          7.08043         6.39657
 0.290081          7.09822         6.41
 0.291124          7.11599         6.4234
 0.292168          7.13374         6.43678
 0.293212          7.15148         6.45013
 0.294255          7.1692          6.46346
 0.295299          7.1869          6.47676
 0.296343          7.20458         6.49003
 0.297386          7.22225         6.50329
 0.29843           7.2399          6.51651
 0.299474          7.25753         6.52972
 0.300517          7.27515         6.54289
 0.301561          7.29275         6.55605
 0.302605          7.31033         6.56918
 0.303648          7.3279          6.58229
 0.304692          7.34545         6.59537
 0.305736          7.36299         6.60843
 0.306779          7.3805          6.62146
 0.307823          7.39801         6.63448
 0.308867          7.41549         6.64747
 0.30991           7.43296         6.66043
 0.310954          7.45042         6.67337
 0.311998          7.46786         6.68629
 0.313041          7.48528         6.69919
 0.314085          7.50269         6.71207
 0.315129          7.52008         6.72492
 0.316172          7.53746         6.73775
 0.317216          7.55482         6.75055
 0.31826           7.57217         6.76334
 0.319303          7.5895          6.7761
 0.320347          7.60682         6.78884
 0.321391          7.62412         6.80156
 0.322434          7.64141         6.81426
 0.323478          7.65868         6.82694
 0.324522          7.67594         6.83959
 0.325565          7.69318         6.85223
 0.326609          7.71041         6.86484
 0.327653          7.72763         6.87743
 0.328696          7.74483         6.89
 0.32974           7.76202         6.90255
 0.330784          7.77919         6.91508
 0.331827          7.79635         6.92759
 0.332871          7.8135          6.94008
 0.333914          7.83063         6.95255
 0.334958          7.84775         6.965
 0.336002          7.86485         6.97743
 0.337045          7.88195         6.98983
 0.338089          7.89902         7.00222
 0.339133          7.91609         7.01459
 0.340176          7.93314         7.02694
 0.34122           7.95018         7.03927
 0.342264          7.96721         7.05159
 0.343307          7.98422         7.06388
 0.344351          8.00122         7.07615
 0.345395          8.01821         7.08841
 0.346438          8.03519         7.10064
 0.347482          8.05215         7.11286
 0.348526          8.0691          7.12506
 0.349569          8.08604         7.13724
 0.350613          8.10297         7.1494
 0.351657          8.11988         7.16155
 0.3527            8.13679         7.17367
 0.353744          8.15368         7.18578
 0.354788          8.17056         7.19787
 0.355831          8.18742         7.20995
 0.356875          8.20428         7.222
 0.357919          8.22113         7.23404
 0.358962          8.23796         7.24606
 0.360006          8.25478         7.25807
 0.36105           8.27159         7.27006
 0.362093          8.28839         7.28203
 0.363137          8.30518         7.29398
 0.364181          8.32196         7.30592
 0.365224          8.33873         7.31784
 0.366268          8.35549         7.32975
 0.367312          8.37223         7.34164
 0.368355          8.38897         7.35351
 0.369399          8.4057          7.36537
 0.370443          8.42241         7.37721
 0.371486          8.43912         7.38903
 0.37253           8.45581         7.40084
 0.373574          8.4725          7.41264
 0.374617          8.48917         7.42442
 0.375661          8.50584         7.43618
 0.376705          8.52249         7.44793
 0.377748          8.53914         7.45967
 0.378792          8.55578         7.47139
 0.379836          8.5724          7.48309
 0.380879          8.58902         7.49478
 0.381923          8.60563         7.50646
 0.382967          8.62223         7.51812
 0.38401           8.63882         7.52977
 0.385054          8.6554          7.54141
 0.386098          8.67198         7.55303
 0.387141          8.68854         7.56463
 0.388185          8.7051          7.57623
 0.389229          8.72164         7.58781
 0.390272          8.73818         7.59937
 0.391316          8.75471         7.61093
 0.39236           8.77123         7.62247
 0.393403          8.78775         7.634
 0.394447          8.80425         7.64551
 0.395491          8.82075         7.65701
 0.396534          8.83724         7.6685
 0.397578          8.85372         7.67998
 0.398622          8.8702          7.69144
 0.399665          8.88667         7.7029
 0.400709          8.90313         7.71434
 0.401753          8.91958         7.72577
 0.402796          8.93602         7.73718
 0.40384           8.95246         7.74859
 0.404884          8.96889         7.75998
 0.405927          8.98532         7.77136
 0.406971          9.00173         7.78273
 0.408015          9.01814         7.79409
 0.409058          9.03455         7.80544
 0.410102          9.05094         7.81678
 0.411146          9.06733         7.82811
 0.412189          9.08372         7.83942
 0.413233          9.1001          7.85073
 0.414277          9.11647         7.86202
 0.41532           9.13283         7.87331
 0.416364          9.14919         7.88459
 0.417408          9.16555         7.89585
 0.418451          9.18189         7.90711
 0.419495          9.19824         7.91835
 0.420539          9.21457         7.92959
 0.421582          9.2309          7.94081
 0.422626          9.24723         7.95203
 0.42367           9.26355         7.96324
 0.424713          9.27986         7.97444
 0.425757          9.29617         7.98563
 0.426801          9.31248         7.99681
 0.427844          9.32878         8.00798
 0.428888          9.34507         8.01914
 0.429932          9.36136         8.0303
 0.430975          9.37765         8.04144
 0.432019          9.39393         8.05258
 0.433063          9.4102          8.06371
 0.434106          9.42647         8.07484
 0.43515           9.44274         8.08595
 0.436194          9.459           8.09706
 0.437237          9.47526         8.10816
 0.438281          9.49152         8.11925
 0.439325          9.50777         8.13033
 0.440368          9.52402         8.14141
 0.441412          9.54026         8.15248
 0.442456          9.5565          8.16354
 0.443499          9.57274         8.1746
 0.444543          9.58897         8.18565
 0.445587          9.6052          8.19669
 0.44663           9.62143         8.20773
 0.447674          9.63765         8.21876
 0.448718          9.65387         8.22979
 0.449761          9.67009         8.2408
 0.450805          9.68631         8.25182
 0.451849          9.70252         8.26282
 0.452892          9.71873         8.27382
 0.453936          9.73494         8.28482
 0.45498           9.75114         8.29581
 0.456023          9.76734         8.3068
 0.457067          9.78354         8.31777
 0.458111          9.79974         8.32875
 0.459154          9.81594         8.33972
 0.460198          9.83213         8.35068
 0.461241          9.84832         8.36164
 0.462285          9.86451         8.3726
 0.463329          9.8807          8.38355
 0.464372          9.89689         8.3945
 0.465416          9.91307         8.40544
 0.46646           9.92926         8.41638
 0.467503          9.94544         8.42732
 0.468547          9.96162         8.43825
 0.469591          9.9778          8.44918
 0.470634          9.99398         8.4601
 0.471678         10.0102          8.47102
 0.472722         10.0263          8.48194
 0.473765         10.0425          8.49285
 0.474809         10.0587          8.50376
 0.475853         10.0749          8.51467
 0.476896         10.091           8.52558
 0.47794          10.1072          8.53648
 0.478984         10.1234          8.54738
 0.480027         10.1396          8.55828
 0.481071         10.1557          8.56918
 0.482115         10.1719          8.58007
 0.483158         10.1881          8.59097
 0.484202         10.2043          8.60186
 0.485246         10.2204          8.61274
 0.486289         10.2366          8.62363
 0.487333         10.2528          8.63452
 0.488377         10.269           8.6454
 0.48942          10.2852          8.65629
 0.490464         10.3013          8.66717
 0.491508         10.3175          8.67805
 0.492551         10.3337          8.68893
 0.493595         10.3499          8.69981
 0.494639         10.3661          8.71069
 0.495682         10.3822          8.72157
 0.496726         10.3984          8.73245
 0.49777          10.4146          8.74332
 0.498813         10.4308          8.7542
 0.499857         10.447           8.76508
 0.500901         10.4632          8.77596
 0.501944         10.4794          8.78684
 0.502988         10.4956          8.79772
 0.504032         10.5118          8.8086
 0.505075         10.528           8.81948
 0.506119         10.5442          8.83036
 0.507163         10.5604          8.84124
 0.508206         10.5766          8.85213
 0.50925          10.5928          8.86301
 0.510294         10.609           8.8739
 0.511337         10.6252          8.88478
 0.512381         10.6415          8.89567
 0.513425         10.6577          8.90657
 0.514468         10.6739          8.91746
 0.515512         10.6901          8.92835
 0.516556         10.7064          8.93925
 0.517599         10.7226          8.95015
 0.518643         10.7388          8.96105
 0.519687         10.7551          8.97196
 0.52073          10.7713          8.98286
 0.521774         10.7876          8.99377
 0.522818         10.8038          9.00468
 0.523861         10.8201          9.0156
 0.524905         10.8363          9.02652
 0.525949         10.8526          9.03744
 0.526992         10.8689          9.04837
 0.528036         10.8852          9.05929
 0.52908          10.9014          9.07023
 0.530123         10.9177          9.08116
 0.531167         10.934           9.0921
 0.532211         10.9503          9.10305
 0.533254         10.9666          9.114
 0.534298         10.9829          9.12495
 0.535342         10.9992          9.13591
 0.536385         11.0155          9.14687
 0.537429         11.0318          9.15783
 0.538473         11.0481          9.16881
 0.539516         11.0645          9.17978
 0.54056          11.0808          9.19076
 0.541604         11.0971          9.20175
 0.542647         11.1135          9.21274
 0.543691         11.1298          9.22374
 0.544735         11.1462          9.23474
 0.545778         11.1626          9.24575
 0.546822         11.1789          9.25676
 0.547866         11.1953          9.26778
 0.548909         11.2117          9.27881
 0.549953         11.2281          9.28984
 0.550997         11.2445          9.30088
 0.55204          11.2609          9.31193
 0.553084         11.2773          9.32298
 0.554128         11.2937          9.33404
 0.555171         11.3101          9.3451
 0.556215         11.3265          9.35617
 0.557259         11.343           9.36725
 0.558302         11.3594          9.37834
 0.559346         11.3759          9.38943
 0.56039          11.3923          9.40054
 0.561433         11.4088          9.41164
 0.562477         11.4252          9.42276
 0.563521         11.4417          9.43389
 0.564564         11.4582          9.44502
 0.565608         11.4747          9.45616
 0.566652         11.4912          9.46731
 0.567695         11.5077          9.47847
 0.568739         11.5242          9.48963
 0.569783         11.5407          9.50081
 0.570826         11.5573          9.51199
 0.57187          11.5738          9.52318
 0.572914         11.5904          9.53438
 0.573957         11.6069          9.5456
 0.575001         11.6235          9.55682
 0.576045         11.6401          9.56804
 0.577088         11.6567          9.57928
 0.578132         11.6733          9.59053
 0.579176         11.6899          9.60179
 0.580219         11.7065          9.61306
 0.581263         11.7231          9.62434
 0.582307         11.7397          9.63562
 0.58335          11.7564          9.64692
 0.584394         11.773           9.65823
 0.585438         11.7897          9.66955
 0.586481         11.8064          9.68088
 0.587525         11.823           9.69222
 0.588569         11.8397          9.70357
 0.589612         11.8564          9.71494
 0.590656         11.8731          9.72631
 0.591699         11.8898          9.7377
 0.592743         11.9066          9.74909
 0.593787         11.9233          9.7605
 0.59483          11.9401          9.77192
 0.595874         11.9568          9.78335
 0.596918         11.9736          9.7948
 0.597961         11.9904          9.80625
 0.599005         12.0072          9.81772
 0.600049         12.024           9.8292
 0.601092         12.0408          9.8407
 0.602136         12.0576          9.8522
 0.60318          12.0745          9.86372
 0.604223         12.0913          9.87525
 0.605267         12.1082          9.8868
 0.606311         12.1251          9.89835
 0.607354         12.1419          9.90992
 0.608398         12.1588          9.92151
 0.609442         12.1757          9.93311
 0.610485         12.1927          9.94472
 0.611529         12.2096          9.95634
 0.612573         12.2265          9.96798
 0.613616         12.2435          9.97963
 0.61466          12.2605          9.9913
 0.615704         12.2774         10.003
 0.616747         12.2944         10.0147
 0.617791         12.3114         10.0264
 0.618835         12.3285         10.0381
 0.619878         12.3455         10.0498
 0.620922         12.3625         10.0616
 0.621966         12.3796         10.0734
 0.623009         12.3967         10.0852
 0.624053         12.4138         10.097
 0.625097         12.4308         10.1088
 0.62614          12.448          10.1206
 0.627184         12.4651         10.1324
 0.628228         12.4822         10.1443
 0.629271         12.4994         10.1562
 0.630315         12.5165         10.1681
 0.631359         12.5337         10.18
 0.632402         12.5509         10.1919
 0.633446         12.5681         10.2039
 0.63449          12.5853         10.2158
 0.635533         12.6026         10.2278
 0.636577         12.6198         10.2398
 0.637621         12.6371         10.2518
 0.638664         12.6544         10.2638
 0.639708         12.6717         10.2759
 0.640752         12.689          10.2879
 0.641795         12.7063         10.3
 0.642839         12.7236         10.3121
 0.643883         12.741          10.3242
 0.644926         12.7584         10.3364
 0.64597          12.7757         10.3485
 0.647014         12.7931         10.3607
 0.648057         12.8106         10.3729
 0.649101         12.828          10.3851
 0.650145         12.8454         10.3973
 0.651188         12.8629         10.4095
 0.652232         12.8804         10.4218
 0.653276         12.8979         10.4341
 0.654319         12.9154         10.4464
 0.655363         12.9329         10.4587
 0.656407         12.9504         10.471
 0.65745          12.968          10.4834
 0.658494         12.9856         10.4957
 0.659538         13.0032         10.5081
 0.660581         13.0208         10.5206
 0.661625         13.0384         10.533
 0.662669         13.056          10.5454
 0.663712         13.0737         10.5579
 0.664756         13.0914         10.5704
 0.6658           13.1091         10.5829
 0.666843         13.1268         10.5955
 0.667887         13.1445         10.608
 0.668931         13.1622         10.6206
 0.669974         13.18           10.6332
 0.671018         13.1978         10.6458
 0.672062         13.2156         10.6585
 0.673105         13.2334         10.6711
 0.674149         13.2512         10.6838
 0.675193         13.2691         10.6965
 0.676236         13.2869         10.7092
 0.67728          13.3048         10.722
 0.678324         13.3227         10.7347
 0.679367         13.3406         10.7475
 0.680411         13.3586         10.7604
 0.681455         13.3765         10.7732
 0.682498         13.3945         10.786
 0.683542         13.4125         10.7989
 0.684586         13.4305         10.8118
 0.685629         13.4486         10.8248
 0.686673         13.4666         10.8377
 0.687717         13.4847         10.8507
 0.68876          13.5028         10.8637
 0.689804         13.5209         10.8767
 0.690848         13.539          10.8897
 0.691891         13.5572         10.9028
 0.692935         13.5753         10.9159
 0.693979         13.5935         10.929
 0.695022         13.6117         10.9421
 0.696066         13.63           10.9553
 0.69711          13.6482         10.9685
 0.698153         13.6665         10.9817
 0.699197         13.6848         10.9949
 0.700241         13.7031         11.0082
 0.701284         13.7214         11.0215
 0.702328         13.7398         11.0348
 0.703372         13.7581         11.0481
 0.704415         13.7765         11.0615
 0.705459         13.7949         11.0749
 0.706503         13.8134         11.0883
 0.707546         13.8318         11.1017
 0.70859          13.8503         11.1152
 0.709634         13.8688         11.1287
 0.710677         13.8873         11.1422
 0.711721         13.9058         11.1557
 0.712765         13.9244         11.1693
 0.713808         13.943          11.1829
 0.714852         13.9616         11.1965
 0.715896         13.9802         11.2101
 0.716939         13.9989         11.2238
 0.717983         14.0175         11.2375
 0.719026         14.0362         11.2512
 0.72007          14.0549         11.265
 0.721114         14.0737         11.2787
 0.722157         14.0924         11.2925
 0.723201         14.1112         11.3064
 0.724245         14.13           11.3202
 0.725288         14.1488         11.3341
 0.726332         14.1677         11.348
 0.727376         14.1865         11.362
 0.728419         14.2054         11.376
 0.729463         14.2243         11.39
 0.730507         14.2433         11.404
 0.73155          14.2622         11.418
 0.732594         14.2812         11.4321
 0.733638         14.3002         11.4462
 0.734681         14.3193         11.4604
 0.735725         14.3383         11.4746
 0.736769         14.3574         11.4888
 0.737812         14.3765         11.503
 0.738856         14.3956         11.5172
 0.7399           14.4148         11.5315
 0.740943         14.434          11.5458
 0.741987         14.4532         11.5602
 0.743031         14.4724         11.5746
 0.744074         14.4916         11.589
 0.745118         14.5109         11.6034
 0.746162         14.5302         11.6179
 0.747205         14.5495         11.6324
 0.748249         14.5689         11.6469
 0.749293         14.5882         11.6615
 0.750336         14.6076         11.6761
 0.75138          14.627          11.6907
 0.752424         14.6465         11.7053
 0.753467         14.666          11.72
 0.754511         14.6855         11.7347
 0.755555         14.705          11.7495
 0.756598         14.7245         11.7643
 0.757642         14.7441         11.7791
 0.758686         14.7637         11.7939
 0.759729         14.7833         11.8088
 0.760773         14.803          11.8237
 0.761817         14.8226         11.8386
 0.76286          14.8423         11.8536
 0.763904         14.8621         11.8686
 0.764948         14.8818         11.8836
 0.765991         14.9016         11.8987
 0.767035         14.9214         11.9138
 0.768079         14.9412         11.9289
 0.769122         14.9611         11.9441
 0.770166         14.981          11.9593
 0.77121          15.0009         11.9745
 0.772253         15.0208         11.9898
 0.773297         15.0408         12.0051
 0.774341         15.0608         12.0204
 0.775384         15.0808         12.0358
 0.776428         15.1009         12.0512
 0.777472         15.1209         12.0666
 0.778515         15.141          12.0821
 0.779559         15.1612         12.0976
 0.780603         15.1813         12.1131
 0.781646         15.2015         12.1287
 0.78269          15.2217         12.1443
 0.783734         15.242          12.1599
 0.784777         15.2622         12.1756
 0.785821         15.2825         12.1913
 0.786865         15.3029         12.207
 0.787908         15.3232         12.2228
 0.788952         15.3436         12.2386
 0.789996         15.364          12.2545
 0.791039         15.3845         12.2704
 0.792083         15.4049         12.2863
 0.793127         15.4254         12.3023
 0.79417          15.446          12.3183
 0.795214         15.4665         12.3343
 0.796258         15.4871         12.3504
 0.797301         15.5077         12.3665
 0.798345         15.5284         12.3826
 0.799389         15.549          12.3988
 0.800432         15.5697         12.415
 0.801476         15.5905         12.4312
 0.80252          15.6112         12.4475
 0.803563         15.632          12.4639
 0.804607         15.6528         12.4802
 0.805651         15.6737         12.4966
 0.806694         15.6946         12.5131
 0.807738         15.7155         12.5295
 0.808782         15.7364         12.5461
 0.809825         15.7574         12.5626
 0.810869         15.7784         12.5792
 0.811913         15.7994         12.5958
 0.812956         15.8205         12.6125
 0.814            15.8416         12.6292
 0.815044         15.8627         12.6459
 0.816087         15.8839         12.6627
 0.817131         15.9051         12.6795
 0.818175         15.9263         12.6964
 0.819218         15.9476         12.7133
 0.820262         15.9688         12.7302
 0.821306         15.9902         12.7472
 0.822349         16.0115         12.7642
 0.823393         16.0329         12.7813
 0.824437         16.0543         12.7984
 0.82548          16.0757         12.8155
 0.826524         16.0972         12.8327
 0.827568         16.1187         12.8499
 0.828611         16.1402         12.8672
 0.829655         16.1618         12.8845
 0.830699         16.1834         12.9018
 0.831742         16.205          12.9192
 0.832786         16.2267         12.9366
 0.83383          16.2484         12.9541
 0.834873         16.2701         12.9716
 0.835917         16.2919         12.9891
 0.836961         16.3137         13.0067
 0.838004         16.3355         13.0243
 0.839048         16.3574         13.042
 0.840092         16.3793         13.0597
 0.841135         16.4012         13.0775
 0.842179         16.4232         13.0952
 0.843223         16.4452         13.1131
 0.844266         16.4672         13.131
 0.84531          16.4893         13.1489
 0.846354         16.5114         13.1668
 0.847397         16.5335         13.1848
 0.848441         16.5557         13.2029
 0.849484         16.5779         13.221
 0.850528         16.6001         13.2391
 0.851572         16.6224         13.2573
 0.852615         16.6447         13.2755
 0.853659         16.667          13.2938
 0.854703         16.6894         13.3121
 0.855746         16.7118         13.3304
 0.85679          16.7342         13.3488
 0.857834         16.7567         13.3673
 0.858877         16.7792         13.3857
 0.859921         16.8018         13.4043
 0.860965         16.8243         13.4228
 0.862008         16.847          13.4414
 0.863052         16.8696         13.4601
 0.864096         16.8923         13.4788
 0.865139         16.915          13.4976
 0.866183         16.9378         13.5163
 0.867227         16.9606         13.5352
 0.86827          16.9834         13.5541
 0.869314         17.0063         13.573
 0.870358         17.0292         13.592
 0.871401         17.0521         13.611
 0.872445         17.0751         13.6301
 0.873489         17.0981         13.6492
 0.874532         17.1211         13.6683
 0.875576         17.1442         13.6875
 0.87662          17.1673         13.7068
 0.877663         17.1905         13.7261
 0.878707         17.2137         13.7454
 0.879751         17.2369         13.7648
 0.880794         17.2602         13.7842
 0.881838         17.2835         13.8037
 0.882882         17.3068         13.8232
 0.883925         17.3302         13.8428
 0.884969         17.3536         13.8624
 0.886013         17.3771         13.8821
 0.887056         17.4006         13.9018
 0.8881           17.4241         13.9216
 0.889144         17.4477         13.9414
 0.890187         17.4713         13.9613
 0.891231         17.4949         13.9812
 0.892275         17.5186         14.0011
 0.893318         17.5423         14.0211
 0.894362         17.5661         14.0412
 0.895406         17.5899         14.0613
 0.896449         17.6137         14.0814
 0.897493         17.6376         14.1016
 0.898537         17.6615         14.1219
 0.89958          17.6854         14.1422
 0.900624         17.7094         14.1625
 0.901668         17.7334         14.1829
 0.902711         17.7575         14.2034
 0.903755         17.7816         14.2239
 0.904799         17.8058         14.2444
 0.905842         17.8299         14.265
 0.906886         17.8542         14.2856
 0.90793          17.8784         14.3063
 0.908973         17.9027         14.3271
 0.910017         17.9271         14.3479
 0.911061         17.9514         14.3687
 0.912104         17.9759         14.3896
 0.913148         18.0003         14.4106
 0.914192         18.0248         14.4315
 0.915235         18.0494         14.4526
 0.916279         18.074          14.4737
 0.917323         18.0986         14.4948
 0.918366         18.1232         14.516
 0.91941          18.1479         14.5373
 0.920454         18.1727         14.5586
 0.921497         18.1975         14.58
 0.922541         18.2223         14.6014
 0.923585         18.2472         14.6228
 0.924628         18.2721         14.6443
 0.925672         18.297          14.6659
 0.926716         18.322          14.6875
 0.927759         18.347          14.7092
 0.928803         18.3721         14.7309
 0.929847         18.3972         14.7527
 0.93089          18.4224         14.7745
 0.931934         18.4476         14.7964
 0.932978         18.4728         14.8183
 0.934021         18.4981         14.8403
 0.935065         18.5234         14.8623
 0.936109         18.5488         14.8844
 0.937152         18.5742         14.9066
 0.938196         18.5996         14.9288
 0.93924          18.6251         14.951
 0.940283         18.6506         14.9733
 0.941327         18.6762         14.9957
 0.942371         18.7018         15.0181
 0.943414         18.7275         15.0406
 0.944458         18.7532         15.0631
 0.945502         18.779          15.0857
 0.946545         18.8047         15.1083
 0.947589         18.8306         15.131
 0.948633         18.8565         15.1537
 0.949676         18.8824         15.1765
 0.95072          18.9083         15.1994
 0.951764         18.9343         15.2223
 0.952807         18.9604         15.2452
 0.953851         18.9865         15.2683
 0.954895         19.0126         15.2913
 0.955938         19.0388         15.3145
 0.956982         19.065          15.3376
 0.958026         19.0913         15.3609
 0.959069         19.1176         15.3842
 0.960113         19.144          15.4075
 0.961157         19.1704         15.431
 0.9622           19.1968         15.4544
 0.963244         19.2233         15.4779
 0.964288         19.2499         15.5015
 0.965331         19.2764         15.5252
 0.966375         19.3031         15.5489
 0.967419         19.3297         15.5726
 0.968462         19.3565         15.5964
 0.969506         19.3832         15.6203
 0.97055          19.41           15.6442
 0.971593         19.4369         15.6682
 0.972637         19.4638         15.6923
 0.973681         19.4907         15.7164
 0.974724         19.5177         15.7405
 0.975768         19.5447         15.7647
 0.976811         19.5718         15.789
 0.977855         19.599          15.8133
 0.978899         19.6261         15.8377
 0.979942         19.6533         15.8622
 0.980986         19.6806         15.8867
 0.98203          19.7079         15.9113
 0.983073         19.7353         15.9359
 0.984117         19.7627         15.9606
 0.985161         19.7901         15.9853
 0.986204         19.8176         16.0101
 0.987248         19.8452         16.035
 0.988292         19.8728         16.0599
 0.989335         19.9004         16.0849
 0.990379         19.9281         16.1099
 0.991423         19.9558         16.1351
 0.992466         19.9836         16.1602
 0.99351          20.0114         16.1854
 0.994554         20.0393         16.2107
 0.995597         20.0672         16.2361
 0.996641         20.0952         16.2615
 0.997685         20.1232         16.287
 0.998728         20.1513         16.3125
 0.999772         20.1794         16.3381
 1.00082          20.2076         16.3637
 1.00186          20.2358         16.3895
 1.0029           20.264          16.4152
 1.00395          20.2923         16.4411
 1.00499          20.3207         16.467
 1.00603          20.3491         16.4929
 1.00708          20.3776         16.519
 1.00812          20.4061         16.545
 1.00917          20.4346         16.5712
 1.01021          20.4632         16.5974
 1.01125          20.4919         16.6237
 1.0123           20.5206         16.65
 1.01334          20.5493         16.6764
 1.01438          20.5781         16.7029
 1.01543          20.6069         16.7294
 1.01647          20.6358         16.756
 1.01751          20.6648         16.7826
 1.01856          20.6938         16.8094
 1.0196           20.7228         16.8361
 1.02065          20.7519         16.863
 1.02169          20.7811         16.8899
 1.02273          20.8102         16.9169
 1.02378          20.8395         16.9439
 1.02482          20.8688         16.971
 1.02586          20.8981         16.9982
 1.02691          20.9275         17.0254
 1.02795          20.957          17.0527
 1.02899          20.9865         17.08
 1.03004          21.016          17.1075
 1.03108          21.0456         17.1349
 1.03213          21.0753         17.1625
 1.03317          21.105          17.1901
 1.03421          21.1347         17.2178
 1.03526          21.1645         17.2456
 1.0363           21.1944         17.2734
 1.03734          21.2243         17.3013
 1.03839          21.2542         17.3292
 1.03943          21.2842         17.3572
 1.04048          21.3143         17.3853