0.040025  0.998849   0.001151   
0.060038  0.998044   0.001956   
0.080050  0.997151   0.002849   
0.100063  0.996214   0.003786   
0.120075  0.995252   0.004748   
0.140088  0.994280   0.005720   
0.160100  0.993307   0.006693   
0.180113  0.992339   0.007661   
0.200125  0.991380   0.008620   
0.220138  0.990435   0.009565   
0.240150  0.989505   0.010495   
0.260163  0.988591   0.011409   
0.280175  0.987694   0.012306   
0.300188  0.986814   0.013186   
0.320200  0.985951   0.014049   
0.340213  0.985106   0.014894   
0.360226  0.984277   0.015723   
0.380238  0.983464   0.016536   
0.400251  0.982667   0.017333   
0.420263  0.981885   0.018115   
0.440276  0.981118   0.018882   
0.460288  0.980365   0.019635   
0.480301  0.979624   0.020376   
0.500313  0.978897   0.021103   
0.520326  0.978182   0.021818   
0.540338  0.977478   0.022522   
0.560351  0.976786   0.023214   
0.580363  0.976104   0.023896   
0.600376  0.975432   0.024568   
0.620388  0.974770   0.025230   
0.640401  0.974117   0.025883   
0.660413  0.973473   0.026527   
0.680426  0.972837   0.027163   
0.700439  0.972210   0.027790   
0.720451  0.971590   0.028410   
0.740464  0.970977   0.029023   
0.760476  0.970372   0.029628   
0.780489  0.969773   0.030227   
0.800501  0.969179   0.030821   
0.820514  0.968593   0.031407   
0.840526  0.968013   0.031987   
0.860539  0.967439   0.032561   
0.880551  0.966870   0.033130   
0.900564  0.966307   0.033693   
0.920576  0.965748   0.034252   
0.940589  0.965125   0.034875   
0.960601  0.964413   0.035587   
0.980614  0.963661   0.036339   
1.000626  0.962884   0.037116   
1.020639  0.962090   0.037910   
1.040652  0.961283   0.038717   
1.060664  0.960468   0.039532   
1.080677  0.959648   0.040352   
1.100689  0.958824   0.041176   
1.120702  0.957998   0.042002   
1.140714  0.957172   0.042828   
1.160727  0.956346   0.043654   
1.180739  0.955522   0.044478   
1.200752  0.954700   0.045300   
1.220764  0.953880   0.046120   
1.240777  0.953064   0.046936   
1.260789  0.952252   0.047748   
1.280802  0.951443   0.048557   
1.300814  0.950639   0.049361   
1.320827  0.949839   0.050161   
1.340839  0.949044   0.050956   
1.360852  0.948253   0.051747   
1.380865  0.947468   0.052532   
1.400877  0.946687   0.053313   
1.420890  0.945912   0.054088   
1.440902  0.945142   0.054858   
1.460915  0.944376   0.055624   
1.480927  0.943616   0.056384   
1.500940  0.942862   0.057138   
1.520952  0.942112   0.057888   
1.540965  0.941368   0.058632   
1.560977  0.940629   0.059371   
1.580990  0.939895   0.060105   
1.601002  0.939166   0.060834   
1.621015  0.938442   0.061558   
1.641027  0.937723   0.062277   
1.661040  0.937010   0.062990   
1.681052  0.936301   0.063699   
1.701065  0.935598   0.064402   
1.721077  0.934899   0.065101   
1.741090  0.934205   0.065795   
1.761103  0.933516   0.066484   
1.781115  0.932832   0.067168   
1.801128  0.932153   0.067847   
1.821140  0.931478   0.068522   
1.841153  0.930808   0.069192   
1.861165  0.930143   0.069857   
1.881178  0.929482   0.070518   
1.901190  0.928826   0.071174   
1.921203  0.928174   0.071826   
1.941215  0.927527   0.072473   
1.961228  0.926884   0.073116   
1.981240  0.926245   0.073755   
2.001253  0.925611   0.074389   
2.021265  0.924981   0.075019   
2.041278  0.924355   0.075645   
2.061290  0.923734   0.076266   
2.081303  0.923116   0.076884   
2.101316  0.922503   0.077497   
2.121328  0.921893   0.078107   
2.141341  0.921288   0.078712   
2.161353  0.920686   0.079314   
2.181366  0.920089   0.079911   
2.201378  0.919495   0.080505   
2.221391  0.918905   0.081095   
2.241403  0.918319   0.081681   
2.261416  0.917737   0.082263   
2.281428  0.917158   0.082842   
2.301441  0.916583   0.083417   
2.321453  0.916011   0.083989   
2.341466  0.915444   0.084556   
2.361478  0.914880   0.085120   
2.381491  0.914319   0.085681   
2.401503  0.913762   0.086238   
2.421516  0.913208   0.086792   
2.441529  0.912658   0.087342   
2.461541  0.912111   0.087889   
2.481554  0.911567   0.088433   
2.501566  0.911027   0.088973   
2.521579  0.910490   0.089510   
2.541591  0.909956   0.090044   
2.561604  0.909426   0.090574   
2.581616  0.908899   0.091101   
2.601629  0.908375   0.091625   
2.621641  0.907854   0.092146   
2.641654  0.907336   0.092664   
2.661666  0.906821   0.093179   
2.681679  0.906309   0.093691   
2.701691  0.905801   0.094199   
2.721704  0.905295   0.094705   
2.741716  0.904792   0.095208   
2.761729  0.904293   0.095707   
2.781742  0.903796   0.096204   
2.801754  0.903302   0.096698   
2.821767  0.902811   0.097189   
2.841779  0.902323   0.097677   
2.861792  0.901837   0.098163   
2.881804  0.901355   0.098645   
2.901817  0.900875   0.099125   
2.921829  0.900398   0.099602   
2.941842  0.899924   0.100076   
2.961854  0.899452   0.100548   
2.981867  0.898983   0.101017   
3.001879  0.898517   0.101483   
3.021892  0.898054   0.101946   
3.041904  0.897593   0.102407   
3.061917  0.897134   0.102866   
3.081929  0.896678   0.103322   
3.101942  0.896225   0.103775   
3.121955  0.895775   0.104225   
3.141967  0.895326   0.104674   
3.161980  0.894881   0.105119   
3.181992  0.894437   0.105563   
3.202005  0.893997   0.106003   
3.222017  0.893558   0.106442   
3.242030  0.893123   0.106877   
3.262042  0.892689   0.107311   
3.282055  0.892258   0.107742   
3.302067  0.891829   0.108171   
3.322080  0.891403   0.108597   
3.342092  0.890979   0.109021   
3.362105  0.890557   0.109443   
3.382117  0.890137   0.109863   
3.402130  0.889720   0.110280   
3.422142  0.889305   0.110695   
3.442155  0.888893   0.111107   
3.462168  0.888482   0.111518   
3.482180  0.888074   0.111926   
3.502193  0.887668   0.112332   
3.522205  0.887264   0.112736   
3.542218  0.886862   0.113138   
3.562230  0.886463   0.113537   
3.582243  0.886065   0.113935   
3.602255  0.885670   0.114330   
3.622268  0.885277   0.114723   
3.642280  0.884886   0.115114   
3.662293  0.884497   0.115503   
3.682305  0.884110   0.115890   
3.702318  0.883725   0.116275   
3.722330  0.883342   0.116658   
3.742343  0.882961   0.117039   
3.762355  0.882582   0.117418   
3.782368  0.882205   0.117795   
3.802381  0.881830   0.118170   
3.822393  0.881457   0.118543   
3.842406  0.881086   0.118914   
3.862418  0.880717   0.119283   
3.882431  0.880350   0.119650   
3.902443  0.879985   0.120015   
3.922456  0.879621   0.120379   
3.942468  0.879260   0.120740   
3.962481  0.878900   0.121100   
3.982493  0.878542   0.121458   
4.002506  0.878187   0.121813   
4.022518  0.877832   0.122168   
4.042531  0.877480   0.122520   
4.062543  0.877130   0.122870   
4.082556  0.876781   0.123219   
4.102568  0.876434   0.123566   
4.122581  0.876089   0.123911   
4.142594  0.875746   0.124254   
4.162606  0.875404   0.124596   
4.182619  0.875064   0.124936   
4.202631  0.874726   0.125274   
4.222644  0.874390   0.125610   
4.242656  0.874055   0.125945   
4.262669  0.873720   0.126280   
4.282681  0.873386   0.126614   
4.302694  0.873053   0.126947   
4.322706  0.872722   0.127278   
4.342719  0.872392   0.127608   
4.362731  0.872063   0.127937   
4.382744  0.871736   0.128264   
4.402756  0.871410   0.128590   
4.422769  0.871085   0.128915   
4.442781  0.870762   0.129238   
4.462794  0.870440   0.129560   
4.482807  0.870120   0.129880   
4.502819  0.869800   0.130200   
4.522832  0.869482   0.130518   
4.542844  0.869166   0.130834   
4.562857  0.868851   0.131149   
4.582869  0.868537   0.131463   
4.602882  0.868224   0.131776   
4.622894  0.867912   0.132088   
4.642907  0.867602   0.132398   
4.662919  0.867293   0.132707   
4.682932  0.866985   0.133015   
4.702944  0.866679   0.133321   
4.722957  0.866374   0.133626   
4.742969  0.866069   0.133931   
4.762982  0.865766   0.134234   
4.782994  0.865465   0.134535   
4.803007  0.865164   0.134836   
4.823019  0.864865   0.135135   
4.843032  0.864566   0.135434   
4.863045  0.864269   0.135731   
4.883057  0.863973   0.136027   
4.903070  0.863678   0.136322   
4.923082  0.863384   0.136616   
4.943095  0.863092   0.136908   
4.963107  0.862800   0.137200   
4.983120  0.862510   0.137490   
5.003132  0.862220   0.137780   
5.023145  0.861932   0.138068   
5.043157  0.861644   0.138356   
5.063170  0.861358   0.138642   
5.083182  0.861073   0.138927   
5.103195  0.860789   0.139211   
5.123207  0.860506   0.139494   
5.143220  0.860223   0.139777   
5.163232  0.859942   0.140058   
5.183245  0.859662   0.140338   
5.203258  0.859383   0.140617   
5.223270  0.859105   0.140895   
5.243283  0.858828   0.141172   
5.263295  0.858551   0.141449   
5.283308  0.858276   0.141724   
5.303320  0.858002   0.141998   
5.323333  0.857729   0.142271   
5.343345  0.857456   0.142544   
5.363358  0.857185   0.142815   
5.383370  0.856914   0.143086   
5.403383  0.856645   0.143355   
5.423395  0.856376   0.143624   
5.443408  0.856108   0.143892   
5.463420  0.855842   0.144158   
5.483433  0.855576   0.144424   
5.503445  0.855311   0.144689   
5.523458  0.855046   0.144954   
5.543471  0.854783   0.145217   
5.563483  0.854521   0.145479   
5.583496  0.854259   0.145741   
5.603508  0.853999   0.146001   
5.623521  0.853739   0.146261   
5.643533  0.853480   0.146520   
5.663546  0.853222   0.146778   
5.683558  0.852964   0.147036   
5.703571  0.852708   0.147292   
5.723583  0.852452   0.147548   
5.743596  0.852198   0.147802   
5.763608  0.851944   0.148056   
5.783621  0.851691   0.148309   
5.803633  0.851438   0.148562   
5.823646  0.851187   0.148813   
5.843658  0.850936   0.149064   
5.863671  0.850686   0.149314   
5.883684  0.850437   0.149563   
5.903696  0.850189   0.149811   
5.923709  0.849941   0.150059   
5.943721  0.849694   0.150306   
5.963734  0.849448   0.150552   
5.983746  0.849203   0.150797   
6.003759  0.848958   0.151042   
6.023771  0.848715   0.151285   
6.043784  0.848471   0.151529   
6.063796  0.848229   0.151771   
6.083809  0.847988   0.152012   
6.103821  0.847747   0.152253   
6.123834  0.847507   0.152493   
6.143846  0.847267   0.152733   
6.163859  0.847029   0.152971   
6.183871  0.846791   0.153209   
6.203884  0.846554   0.153446   
6.223897  0.846317   0.153683   
6.243909  0.846081   0.153919   
6.263922  0.845846   0.154154   
6.283934  0.845612   0.154388   
6.303947  0.845378   0.154622   
6.323959  0.845145   0.154855   
6.343972  0.844913   0.155087   
6.363984  0.844681   0.155319   
6.383997  0.844450   0.155550   
6.404009  0.844220   0.155780   
6.424022  0.843990   0.156010   
6.444034  0.843761   0.156239   
6.464047  0.843533   0.156467   
6.484059  0.843305   0.156695   
6.504072  0.843078   0.156922   
6.524084  0.842852   0.157148   
6.544097  0.842626   0.157374   
6.564110  0.842401   0.157599   
6.584122  0.842176   0.157824   
6.604135  0.841952   0.158048   
6.624147  0.841729   0.158271   
6.644160  0.841507   0.158493   
6.664172  0.841285   0.158715   
6.684185  0.841063   0.158937   
6.704197  0.840843   0.159157   
6.724210  0.840623   0.159377   
6.744222  0.840403   0.159597   
6.764235  0.840184   0.159816   
6.784247  0.839966   0.160034   
6.804260  0.839748   0.160252   
6.824272  0.839531   0.160469   
6.844285  0.839314   0.160686   
6.864297  0.839099   0.160901   
6.884310  0.838883   0.161117   
6.904323  0.838668   0.161332   
6.924335  0.838454   0.161546   
6.944348  0.838241   0.161759   
6.964360  0.838028   0.161972   
6.984373  0.837815   0.162185   
7.004385  0.837603   0.162397   
7.024398  0.837392   0.162608   
7.044410  0.837181   0.162819   
7.064423  0.836971   0.163029   
7.084435  0.836761   0.163239   
7.104448  0.836552   0.163448   
7.124460  0.836343   0.163657   
7.144473  0.836135   0.163865   
7.164485  0.835928   0.164072   
7.184498  0.835721   0.164279   
7.204510  0.835514   0.164486   
7.224523  0.835309   0.164691   
7.244536  0.835103   0.164897   
7.264548  0.834898   0.165102   
7.284561  0.834694   0.165306   
7.304573  0.834490   0.165510   
7.324586  0.834287   0.165713   
7.344598  0.834084   0.165916   
7.364611  0.833882   0.166118   
7.384623  0.833680   0.166320   
7.404636  0.833479   0.166521   
7.424648  0.833278   0.166722   
7.444661  0.833078   0.166922   
7.464673  0.832879   0.167121   
7.484686  0.832679   0.167321   
7.504698  0.832481   0.167519   
7.524711  0.832282   0.167718   
7.544723  0.832085   0.167915   
7.564736  0.831888   0.168112   
7.584749  0.831691   0.168309   
7.604761  0.831495   0.168505   
7.624774  0.831299   0.168701   
7.644786  0.831103   0.168897   
7.664799  0.830909   0.169091   
7.684811  0.830714   0.169286   
7.704824  0.830520   0.169480   
7.724836  0.830327   0.169673   
7.744849  0.830134   0.169866   
7.764861  0.829942   0.170058   
7.784874  0.829750   0.170250   
7.804886  0.829558   0.170442   
7.824899  0.829367   0.170633   
7.844911  0.829176   0.170824   
7.864924  0.828986   0.171014   
7.884936  0.828796   0.171204   
7.904949  0.828607   0.171393   
7.924962  0.828418   0.171582   
7.944974  0.828230   0.171770   
7.964987  0.828042   0.171958   
7.984999  0.827854   0.172146   
8.005012  0.827667   0.172333   
