0.008009    0.000084 
0.012014    -0.000157 
0.016018    -0.000427 
0.020023    -0.000718 
0.024027    -0.001021 
0.028032    -0.001331 
0.032036    -0.001644 
0.036041    -0.001958 
0.040045    -0.002272 
0.044050    -0.002584 
0.048054    -0.002893 
0.052059    -0.003200 
0.056063    -0.003502 
0.060068    -0.003801 
0.064072    -0.004095 
0.068077    -0.004384 
0.072081    -0.004669 
0.076086    -0.004948 
0.080090    -0.005223 
0.084095    -0.005492 
0.088099    -0.005756 
0.092104    -0.006014 
0.096108    -0.006267 
0.100113    -0.006514 
0.104117    -0.006756 
0.108122    -0.006993 
0.112126    -0.007223 
0.116131    -0.007448 
0.120135    -0.007668 
0.124140    -0.007882 
0.128144    -0.008090 
0.132149    -0.008293 
0.136153    -0.008490 
0.140158    -0.008682 
0.144162    -0.008869 
0.148167    -0.009049 
0.152171    -0.009225 
0.156176    -0.009395 
0.160180    -0.009560 
0.164185    -0.009719 
0.168189    -0.009873 
0.172194    -0.010022 
0.176198    -0.010165 
0.180203    -0.010304 
0.184207    -0.010437 
0.188212    -0.010565 
0.192216    -0.010687 
0.196221    -0.010805 
0.200225    -0.010918 
0.204230    -0.011026 
0.208234    -0.011129 
0.212239    -0.011227 
0.216243    -0.011320 
0.220248    -0.011408 
0.224252    -0.011491 
0.228257    -0.011570 
0.232261    -0.011644 
0.236266    -0.011713 
0.240270    -0.011777 
0.244275    -0.011837 
0.248279    -0.011893 
0.252284    -0.011943 
0.256289    -0.011990 
0.260293    -0.012031 
0.264298    -0.012069 
0.268302    -0.012102 
0.272307    -0.012130 
0.276311    -0.012154 
0.280316    -0.012174 
0.284320    -0.012190 
0.288325    -0.012201 
0.292329    -0.012209 
0.296334    -0.012212 
0.300338    -0.012211 
0.304343    -0.012205 
0.308347    -0.012196 
0.312352    -0.012183 
0.316356    -0.012166 
0.320361    -0.012145 
0.324365    -0.012119 
0.328370    -0.012090 
0.332374    -0.012058 
0.336379    -0.012021 
0.340383    -0.011980 
0.344388    -0.011936 
0.348392    -0.011888 
0.352397    -0.011836 
0.356401    -0.011781 
0.360406    -0.011722 
0.364410    -0.011659 
0.368415    -0.011592 
0.372419    -0.011523 
0.376424    -0.011449 
0.380428    -0.011372 
0.384433    -0.011292 
0.388437    -0.011208 
0.392442    -0.011121 
0.396446    -0.011030 
0.400451    -0.010936 
0.404455    -0.010838 
0.408460    -0.010738 
0.412464    -0.010634 
0.416469    -0.010526 
0.420473    -0.010416 
0.424478    -0.010302 
0.428482    -0.010185 
0.432487    -0.010065 
0.436491    -0.009942 
0.440496    -0.009816 
0.444500    -0.009686 
0.448505    -0.009554 
0.452509    -0.009418 
0.456514    -0.009280 
0.460518    -0.009138 
0.464523    -0.008994 
0.468527    -0.008846 
0.472532    -0.008696 
0.476536    -0.008543 
0.480541    -0.008387 
0.484545    -0.008228 
0.488550    -0.008066 
0.492554    -0.007901 
0.496559    -0.007734 
0.500564    -0.007564 
0.504568    -0.007391 
0.508573    -0.007215 
0.512577    -0.007037 
0.516582    -0.006856 
0.520586    -0.006672 
0.524591    -0.006486 
0.528595    -0.006297 
0.532600    -0.006106 
0.536604    -0.005912 
0.540609    -0.005715 
0.544613    -0.005516 
0.548618    -0.005314 
0.552622    -0.005110 
0.556627    -0.004903 
0.560631    -0.004694 
0.564636    -0.004482 
0.568640    -0.004268 
0.572645    -0.004052 
0.576649    -0.003833 
0.580654    -0.003612 
0.584658    -0.003389 
0.588663    -0.003163 
0.592667    -0.002935 
0.596672    -0.002704 
0.600676    -0.002472 
0.604681    -0.002237 
0.608685    -0.001999 
0.612690    -0.001760 
0.616694    -0.001518 
0.620699    -0.001274 
0.624703    -0.001028 
0.628708    -0.000780 
0.632712    -0.000530 
0.636717    -0.000277 
0.640721    -0.000023 
0.644726    0.000234 
0.648730    0.000493 
0.652735    0.000753 
0.656739    0.001016 
0.660744    0.001281 
0.664748    0.001548 
0.668753    0.001817 
0.672757    0.002088 
0.676762    0.002361 
0.680766    0.002636 
0.684771    0.002912 
0.688775    0.003191 
0.692780    0.003472 
0.696784    0.003754 
0.700789    0.004038 
0.704793    0.004325 
0.708798    0.004613 
0.712802    0.004903 
0.716807    0.005195 
0.720811    0.005488 
0.724816    0.005784 
0.728820    0.006081 
0.732825    0.006380 
0.736829    0.006681 
0.740834    0.006983 
0.744838    0.007287 
0.748843    0.007593 
0.752848    0.007901 
0.756852    0.008210 
0.760857    0.008521 
0.764861    0.008834 
0.768866    0.009148 
0.772870    0.009464 
0.776875    0.009782 
0.780879    0.010101 
0.784884    0.010422 
0.788888    0.010744 
0.792893    0.011069 
0.796897    0.011394 
0.800902    0.011721 
0.804906    0.012050 
0.808911    0.012380 
0.812915    0.012712 
0.816920    0.013046 
0.820924    0.013380 
0.824929    0.013717 
0.828933    0.014055 
0.832938    0.014394 
0.836942    0.014735 
0.840947    0.015077 
0.844951    0.015420 
0.848956    0.015765 
0.852960    0.016112 
0.856965    0.016460 
0.860969    0.016809 
0.864974    0.017160 
0.868978    0.017512 
0.872983    0.017865 
0.876987    0.018220 
0.880992    0.018576 
0.884996    0.018933 
0.889001    0.019292 
0.893005    0.019652 
0.897010    0.020014 
0.901014    0.020376 
0.905019    0.020740 
0.909023    0.021106 
0.913028    0.021472 
0.917032    0.021840 
0.921037    0.022209 
0.925041    0.022579 
0.929046    0.022951 
0.933050    0.023323 
0.937055    0.023697 
0.941059    0.024072 
0.945064    0.024449 
0.949068    0.024826 
0.953073    0.025205 
0.957077    0.025585 
0.961082    0.025965 
0.965086    0.026348 
0.969091    0.026731 
0.973095    0.027115 
0.977100    0.027501 
0.981104    0.027887 
0.985109    0.028275 
0.989113    0.028664 
0.993118    0.029054 
0.997123    0.029445 
1.001127    0.029837 
1.005132    0.030230 
1.009136    0.030624 
1.013141    0.031019 
1.017145    0.031416 
1.021150    0.031813 
1.025154    0.032211 
1.029159    0.032611 
1.033163    0.033011 
1.037168    0.033412 
1.041172    0.033815 
1.045177    0.034218 
1.049181    0.034622 
1.053186    0.035028 
1.057190    0.035434 
1.061195    0.035841 
1.065199    0.036249 
1.069204    0.036658 
1.073208    0.037068 
1.077213    0.037479 
1.081217    0.037891 
1.085222    0.038304 
1.089226    0.038717 
1.093231    0.039132 
1.097235    0.039547 
1.101240    0.039964 
1.105244    0.040381 
1.109249    0.040799 
1.113253    0.041218 
1.117258    0.041638 
1.121262    0.042058 
1.125267    0.042480 
1.129271    0.042902 
1.133276    0.043325 
1.137280    0.043749 
1.141285    0.044174 
1.145289    0.044599 
1.149294    0.045026 
1.153298    0.045453 
1.157303    0.045881 
1.161307    0.046310 
1.165312    0.046739 
1.169316    0.047169 
1.173321    0.047601 
1.177325    0.048032 
1.181330    0.048465 
1.185334    0.048898 
1.189339    0.049332 
1.193343    0.049767 
1.197348    0.050203 
1.201352    0.050639 
1.205357    0.051076 
1.209361    0.051513 
1.213366    0.051952 
1.217370    0.052391 
1.221375    0.052830 
1.225379    0.053271 
1.229384    0.053712 
1.233388    0.054154 
1.237393    0.054596 
1.241397    0.055039 
1.245402    0.055483 
1.249407    0.055927 
1.253411    0.056373 
1.257416    0.056818 
1.261420    0.057265 
1.265425    0.057712 
1.269429    0.058159 
1.273434    0.058607 
1.277438    0.059056 
1.281443    0.059506 
1.285447    0.059956 
1.289452    0.060406 
1.293456    0.060858 
1.297461    0.061309 
1.301465    0.061762 
1.305470    0.062215 
1.309474    0.062668 
1.313479    0.063122 
1.317483    0.063577 
1.321488    0.064032 
1.325492    0.064488 
1.329497    0.064945 
1.333501    0.065401 
1.337506    0.065859 
1.341510    0.066317 
1.345515    0.066775 
1.349519    0.067234 
1.353524    0.067694 
1.357528    0.068154 
1.361533    0.068614 
1.365537    0.069076 
1.369542    0.069537 
1.373546    0.069999 
1.377551    0.070462 
1.381555    0.070925 
1.385560    0.071388 
1.389564    0.071852 
1.393569    0.072317 
1.397573    0.072782 
1.401578    0.073247 
1.405582    0.073713 
1.409587    0.074179 
1.413591    0.074646 
1.417596    0.075113 
1.421600    0.075581 
1.425605    0.076049 
1.429609    0.076517 
1.433614    0.076986 
1.437618    0.077456 
1.441623    0.077926 
1.445627    0.078396 
1.449632    0.078866 
1.453636    0.079337 
1.457641    0.079809 
1.461645    0.080281 
1.465650    0.080753 
1.469654    0.081226 
1.473659    0.081699 
1.477663    0.082172 
1.481668    0.082646 
1.485672    0.083120 
1.489677    0.083595 
1.493682    0.084069 
1.497686    0.084545 
1.501691    0.085020 
1.505695    0.085496 
1.509700    0.085973 
1.513704    0.086449 
1.517709    0.086926 
1.521713    0.087404 
1.525718    0.087882 
1.529722    0.088360 
1.533727    0.088838 
1.537731    0.089317 
1.541736    0.089796 
1.545740    0.090275 
1.549745    0.090755 
1.553749    0.091235 
1.557754    0.091715 
1.561758    0.092196 
1.565763    0.092677 
1.569767    0.093158 
1.573772    0.093639 
1.577776    0.094121 
1.581781    0.094603 
1.585785    0.095086 
1.589790    0.095568 
1.593794    0.096051 
1.597799    0.096534 
1.601803    0.097018 
1.605808    0.097502 
1.609812    0.097986 
1.613817    0.098470 
1.617821    0.098954 
1.621826    0.099439 
1.625830    0.099924 
1.629835    0.100410 
1.633839    0.100895 
1.637844    0.101381 
1.641848    0.101867 
1.645853    0.102353 
1.649857    0.102840 
1.653862    0.103326 
1.657866    0.103813 
1.661871    0.104300 
1.665875    0.104788 
1.669880    0.105275 
1.673884    0.105763 
1.677889    0.106251 
1.681893    0.106740 
1.685898    0.107228 
1.689902    0.107717 
1.693907    0.108206 
1.697911    0.108695 
1.701916    0.109184 
1.705920    0.109673 
1.709925    0.110163 
1.713929    0.110653 
1.717934    0.111143 
1.721938    0.111633 
1.725943    0.112123 
1.729947    0.112614 
1.733952    0.113105 
1.737956    0.113595 
1.741961    0.114086 
1.745966    0.114578 
1.749970    0.115069 
1.753975    0.115561 
1.757979    0.116052 
1.761984    0.116544 
1.765988    0.117036 
1.769993    0.117528 
1.773997    0.118020 
1.778002    0.118513 
1.782006    0.119005 
1.786011    0.119498 
1.790015    0.119991 
1.794020    0.120484 
1.798024    0.120977 
1.802029    0.121470 
1.806033    0.121964 
1.810038    0.122457 
1.814042    0.122951 
1.818047    0.123444 
1.822051    0.123938 
1.826056    0.124432 
1.830060    0.124926 
1.834065    0.125420 
1.838069    0.125914 
1.842074    0.126409 
1.846078    0.126903 
1.850083    0.127398 
1.854087    0.127892 
1.858092    0.128387 
1.862096    0.128882 
1.866101    0.129377 
1.870105    0.129872 
1.874110    0.130367 
1.878114    0.130862 
1.882119    0.131357 
1.886123    0.131853 
1.890128    0.132348 
1.894132    0.132843 
1.898137    0.133339 
1.902141    0.133835 
1.906146    0.134330 
1.910150    0.134826 
1.914155    0.135322 
1.918159    0.135818 
1.922164    0.136313 
1.926168    0.136809 
1.930173    0.137305 
1.934177    0.137801 
1.938182    0.138298 
1.942186    0.138794 
1.946191    0.139290 
1.950195    0.139786 
1.954200    0.140282 
1.958204    0.140779 
1.962209    0.141275 
1.966213    0.141771 
1.970218    0.142268 
1.974222    0.142764 
1.978227    0.143261 
1.982231    0.143757 
1.986236    0.144254 
1.990241    0.144750 
1.994245    0.145247 
1.998250    0.145744 
2.002254    0.146240 
2.006259    0.146737 
2.010263    0.147233 
2.014268    0.147730 
2.018272    0.148227 
2.022277    0.148723 
2.026281    0.149220 
2.030286    0.149717 
2.034290    0.150213 
2.038295    0.150710 
2.042299    0.151207 
2.046304    0.151703 
2.050308    0.152200 
2.054313    0.152696 
2.058317    0.153193 
2.062322    0.153690 
2.066326    0.154186 
2.070331    0.154683 
2.074335    0.155179 
2.078340    0.155676 
2.082344    0.156172 
2.086349    0.156669 
2.090353    0.157165 
2.094358    0.157662 
2.098362    0.158158 
2.102367    0.158655 
2.106371    0.159151 
2.110376    0.159647 
2.114380    0.160144 
2.118385    0.160640 
2.122389    0.161136 
2.126394    0.161632 
2.130398    0.162128 
2.134403    0.162625 
2.138407    0.163121 
2.142412    0.163617 
2.146416    0.164113 
2.150421    0.164608 
2.154425    0.165104 
2.158430    0.165600 
2.162434    0.166096 
2.166439    0.166592 
2.170443    0.167087 
2.174448    0.167583 
2.178452    0.168078 
2.182457    0.168574 
2.186461    0.169069 
2.190466    0.169564 
2.194470    0.170060 
2.198475    0.170555 
2.202479    0.171050 
2.206484    0.171545 
2.210488    0.172040 
2.214493    0.172535 
2.218497    0.173030 
2.222502    0.173524 
2.226506    0.174019 
2.230511    0.174514 
2.234515    0.175008 
2.238520    0.175503 
2.242525    0.175997 
2.246529    0.176491 
2.250534    0.176986 
2.254538    0.177480 
2.258543    0.177974 
2.262547    0.178468 
2.266552    0.178961 
2.270556    0.179455 
2.274561    0.179949 
2.278565    0.180442 
2.282570    0.180936 
2.286574    0.181429 
2.290579    0.181922 
2.294583    0.182415 
2.298588    0.182908 
2.302592    0.183401 
2.306597    0.183894 
2.310601    0.184387 
2.314606    0.184880 
2.318610    0.185372 
2.322615    0.185864 
2.326619    0.186357 
2.330624    0.186849 
2.334628    0.187341 
2.338633    0.187833 
2.342637    0.188325 
2.346642    0.188816 
2.350646    0.189308 
2.354651    0.189799 
2.358655    0.190291 
2.362660    0.190782 
2.366664    0.191273 
2.370669    0.191764 
2.374673    0.192255 
2.378678    0.192746 
2.382682    0.193236 
2.386687    0.193727 
2.390691    0.194217 
2.394696    0.194707 
2.398700    0.195197 
2.402705    0.195687 
2.406709    0.196177 
2.410714    0.196667 
2.414718    0.197156 
2.418723    0.197646 
2.422727    0.198135 
2.426732    0.198624 
2.430736    0.199113 
2.434741    0.199602 
2.438745    0.200090 
2.442750    0.200579 
2.446754    0.201067 
2.450759    0.201556 
2.454763    0.202044 
2.458768    0.202532 
2.462772    0.203019 
2.466777    0.203507 
2.470781    0.203994 
2.474786    0.204482 
2.478790    0.204969 
2.482795    0.205456 
2.486800    0.205943 
2.490804    0.206430 
2.494809    0.206916 
2.498813    0.207403 
2.502818    0.207889 
2.506822    0.208375 
2.510827    0.208861 
2.514831    0.209346 
2.518836    0.209832 
2.522840    0.210317 
2.526845    0.210803 
2.530849    0.211288 
2.534854    0.211773 
2.538858    0.212257 
2.542863    0.212742 
2.546867    0.213226 
2.550872    0.213711 
2.554876    0.214195 
2.558881    0.214678 
2.562885    0.215162 
2.566890    0.215646 
2.570894    0.216129 
2.574899    0.216612 
2.578903    0.217095 
2.582908    0.217578 
2.586912    0.218061 
2.590917    0.218543 
2.594921    0.219025 
2.598926    0.219508 
2.602930    0.219989 
2.606935    0.220471 
2.610939    0.220953 
2.614944    0.221434 
2.618948    0.221915 
2.622953    0.222396 
2.626957    0.222877 
2.630962    0.223358 
2.634966    0.223838 
2.638971    0.224318 
2.642975    0.224798 
2.646980    0.225278 
2.650984    0.225758 
2.654989    0.226237 
2.658993    0.226716 
2.662998    0.227195 
2.667002    0.227674 
2.671007    0.228153 
2.675011    0.228631 
2.679016    0.229110 
2.683020    0.229588 
2.687025    0.230066 
2.691029    0.230543 
2.695034    0.231021 
2.699038    0.231498 
2.703043    0.231975 
2.707047    0.232452 
2.711052    0.232928 
2.715056    0.233405 
2.719061    0.233881 
2.723065    0.234357 
2.727070    0.234833 
2.731074    0.235309 
2.735079    0.235784 
2.739084    0.236259 
2.743088    0.236734 
2.747093    0.237209 
2.751097    0.237683 
2.755102    0.238158 
2.759106    0.238632 
2.763111    0.239106 
2.767115    0.239579 
2.771120    0.240053 
2.775124    0.240526 
2.779129    0.240999 
2.783133    0.241472 
2.787138    0.241945 
2.791142    0.242417 
2.795147    0.242889 
2.799151    0.243361 
2.803156    0.243833 
2.807160    0.244304 
2.811165    0.244776 
2.815169    0.245247 
2.819174    0.245718 
2.823178    0.246188 
2.827183    0.246659 
2.831187    0.247129 
2.835192    0.247599 
2.839196    0.248068 
2.843201    0.248538 
2.847205    0.249007 
2.851210    0.249476 
2.855214    0.249945 
2.859219    0.250414 
2.863223    0.250882 
2.867228    0.251350 
2.871232    0.251818 
2.875237    0.252286 
2.879241    0.252753 
2.883246    0.253220 
2.887250    0.253687 
2.891255    0.254154 
2.895259    0.254620 
2.899264    0.255087 
2.903268    0.255553 
2.907273    0.256018 
2.911277    0.256484 
2.915282    0.256949 
2.919286    0.257414 
2.923291    0.257879 
2.927295    0.258344 
2.931300    0.258808 
2.935304    0.259272 
2.939309    0.259736 
2.943313    0.260200 
2.947318    0.260663 
2.951322    0.261126 
2.955327    0.261589 
2.959331    0.262052 
2.963336    0.262514 
2.967340    0.262976 
2.971345    0.263438 
2.975349    0.263900 
2.979354    0.264362 
2.983359    0.264823 
2.987363    0.265284 
2.991368    0.265744 
2.995372    0.266205 
2.999377    0.266665 
3.003381    0.267125 
3.007386    0.267585 
3.011390    0.268044 
3.015395    0.268503 
3.019399    0.268962 
3.023404    0.269421 
3.027408    0.269879 
3.031413    0.270338 
3.035417    0.270796 
3.039422    0.271253 
3.043426    0.271711 
3.047431    0.272168 
3.051435    0.272625 
3.055440    0.273082 
3.059444    0.273538 
3.063449    0.273994 
3.067453    0.274450 
3.071458    0.274906 
3.075462    0.275361 
3.079467    0.275816 
3.083471    0.276271 
3.087476    0.276726 
3.091480    0.277180 
3.095485    0.277634 
3.099489    0.278088 
3.103494    0.278542 
3.107498    0.278995 
3.111503    0.279448 
3.115507    0.279901 
3.119512    0.280354 
3.123516    0.280806 
3.127521    0.281258 
3.131525    0.281710 
3.135530    0.282161 
3.139534    0.282613 
3.143539    0.283064 
3.147543    0.283514 
3.151548    0.283965 
3.155552    0.284415 
3.159557    0.284865 
3.163561    0.285315 
3.167566    0.285764 
3.171570    0.286213 
3.175575    0.286662 
3.179579    0.287111 
3.183584    0.287559 
3.187588    0.288007 
3.191593    0.288455 
3.195597    0.288903 
3.199602    0.289350 
3.203606    0.289797 
3.207611    0.290244 
3.211615    0.290690 
3.215620    0.291136 
3.219624    0.291582 
3.223629    0.292028 
3.227633    0.292473 
3.231638    0.292918 
3.235643    0.293363 
3.239647    0.293808 
3.243652    0.294252 
3.247656    0.294696 
3.251661    0.295140 
3.255665    0.295583 
3.259670    0.296027 
3.263674    0.296470 
3.267679    0.296912 
3.271683    0.297355 
3.275688    0.297797 
3.279692    0.298239 
3.283697    0.298680 
3.287701    0.299122 
3.291706    0.299563 
3.295710    0.300004 
3.299715    0.300444 
3.303719    0.300884 
3.307724    0.301324 
3.311728    0.301764 
3.315733    0.302203 
3.319737    0.302642 
3.323742    0.303081 
3.327746    0.303520 
3.331751    0.303958 
3.335755    0.304396 
3.339760    0.304834 
3.343764    0.305271 
3.347769    0.305708 
3.351773    0.306145 
3.355778    0.306582 
3.359782    0.307018 
3.363787    0.307454 
3.367791    0.307890 
3.371796    0.308326 
3.375800    0.308761 
3.379805    0.309196 
3.383809    0.309630 
3.387814    0.310065 
3.391818    0.310499 
3.395823    0.310933 
3.399827    0.311366 
3.403832    0.311799 
3.407836    0.312232 
3.411841    0.312665 
3.415845    0.313097 
3.419850    0.313530 
3.423854    0.313961 
3.427859    0.314393 
3.431863    0.314824 
3.435868    0.315255 
3.439872    0.315686 
3.443877    0.316116 
3.447881    0.316547 
3.451886    0.316976 
3.455890    0.317406 
3.459895    0.317835 
3.463899    0.318264 
3.467904    0.318693 
3.471908    0.319121 
3.475913    0.319550 
3.479918    0.319977 
3.483922    0.320405 
3.487927    0.320832 
3.491931    0.321259 
3.495936    0.321686 
3.499940    0.322112 
3.503945    0.322539 
3.507949    0.322965 
3.511954    0.323390 
3.515958    0.323815 
3.519963    0.324240 
3.523967    0.324665 
3.527972    0.325090 
3.531976    0.325514 
3.535981    0.325938 
3.539985    0.326361 
3.543990    0.326784 
3.547994    0.327207 
3.551999    0.327630 
3.556003    0.328053 
3.560008    0.328475 
3.564012    0.328896 
3.568017    0.329318 
3.572021    0.329739 
3.576026    0.330160 
3.580030    0.330581 
3.584035    0.331001 
3.588039    0.331421 
3.592044    0.331841 
3.596048    0.332261 
3.600053    0.332680 
3.604057    0.333099 
3.608062    0.333518 
3.612066    0.333936 
3.616071    0.334354 
3.620075    0.334772 
3.624080    0.335189 
3.628084    0.335607 
3.632089    0.336023 
3.636093    0.336440 
3.640098    0.336856 
3.644102    0.337272 
3.648107    0.337688 
3.652111    0.338104 
3.656116    0.338519 
3.660120    0.338934 
3.664125    0.339348 
3.668129    0.339763 
3.672134    0.340177 
3.676138    0.340590 
3.680143    0.341004 
3.684147    0.341417 
3.688152    0.341830 
3.692156    0.342242 
3.696161    0.342655 
3.700165    0.343066 
3.704170    0.343478 
3.708174    0.343890 
3.712179    0.344301 
3.716183    0.344711 
3.720188    0.345122 
3.724192    0.345532 
3.728197    0.345942 
3.732202    0.346352 
3.736206    0.346761 
3.740211    0.347170 
3.744215    0.347579 
3.748220    0.347987 
3.752224    0.348395 
3.756229    0.348803 
3.760233    0.349211 
3.764238    0.349618 
3.768242    0.350025 
3.772247    0.350432 
3.776251    0.350838 
3.780256    0.351244 
3.784260    0.351650 
3.788265    0.352055 
3.792269    0.352461 
3.796274    0.352865 
3.800278    0.353270 
3.804283    0.353674 
3.808287    0.354078 
3.812292    0.354482 
3.816296    0.354886 
3.820301    0.355289 
3.824305    0.355692 
3.828310    0.356094 
3.832314    0.356496 
3.836319    0.356898 
3.840323    0.357300 
3.844328    0.357701 
3.848332    0.358103 
3.852337    0.358503 
3.856341    0.358904 
3.860346    0.359304 
3.864350    0.359704 
3.868355    0.360104 
3.872359    0.360503 
3.876364    0.360902 
3.880368    0.361301 
3.884373    0.361699 
3.888377    0.362097 
3.892382    0.362495 
3.896386    0.362893 
3.900391    0.363290 
3.904395    0.363687 
3.908400    0.364083 
3.912404    0.364480 
3.916409    0.364876 
3.920413    0.365272 
3.924418    0.365667 
3.928422    0.366062 
3.932427    0.366457 
3.936431    0.366852 
3.940436    0.367246 
3.944440    0.367640 
3.948445    0.368034 
3.952449    0.368427 
3.956454    0.368820 
3.960458    0.369213 
3.964463    0.369606 
3.968467    0.369998 
3.972472    0.370390 
3.976477    0.370781 
3.980481    0.371173 
3.984486    0.371564 
3.988490    0.371955 
3.992495    0.372345 
3.996499    0.372735 
4.000504    0.373125 
4.004508    0.373515 
4.008513    0.373904 
4.012517    0.374293 
4.016522    0.374682 
4.020526    0.375070 
4.024531    0.375458 
4.028535    0.375846 
4.032540    0.376233 
4.036544    0.376621 
4.040549    0.377007 
4.044553    0.377394 
4.048558    0.377780 
4.052562    0.378166 
4.056567    0.378552 
4.060571    0.378938 
4.064576    0.379323 
4.068580    0.379707 
4.072585    0.380092 
4.076589    0.380476 
4.080594    0.380860 
4.084598    0.381244 
4.088603    0.381627 
4.092607    0.382010 
4.096612    0.382393 
4.100616    0.382776 
4.104621    0.383158 
4.108625    0.383540 
4.112630    0.383921 
4.116634    0.384303 
4.120639    0.384684 
4.124643    0.385064 
4.128648    0.385445 
4.132652    0.385825 
4.136657    0.386205 
4.140661    0.386584 
4.144666    0.386963 
4.148670    0.387342 
4.152675    0.387721 
4.156679    0.388099 
4.160684    0.388477 
4.164688    0.388855 
4.168693    0.389233 
4.172697    0.389610 
4.176702    0.389987 
4.180706    0.390363 
4.184711    0.390739 
4.188715    0.391115 
4.192720    0.391491 
4.196724    0.391867 
4.200729    0.392242 
4.204733    0.392616 
4.208738    0.392991 
4.212742    0.393365 
4.216747    0.393739 
4.220751    0.394113 
4.224756    0.394486 
4.228761    0.394859 
4.232765    0.395232 
4.236770    0.395604 
4.240774    0.395977 
4.244779    0.396348 
4.248783    0.396720 
4.252788    0.397091 
4.256792    0.397462 
4.260797    0.397833 
4.264801    0.398203 
4.268806    0.398574 
4.272810    0.398943 
4.276815    0.399313 
4.280819    0.399682 
4.284824    0.400051 
4.288828    0.400420 
4.292833    0.400788 
4.296837    0.401156 
4.300842    0.401524 
4.304846    0.401891 
4.308851    0.402259 
4.312855    0.402625 
4.316860    0.402992 
4.320864    0.403358 
4.324869    0.403724 
4.328873    0.404090 
4.332878    0.404456 
4.336882    0.404821 
4.340887    0.405186 
4.344891    0.405550 
4.348896    0.405914 
4.352900    0.406278 
4.356905    0.406642 
4.360909    0.407005 
4.364914    0.407369 
4.368918    0.407731 
4.372923    0.408094 
4.376927    0.408456 
4.380932    0.408818 
4.384936    0.409180 
4.388941    0.409541 
4.392945    0.409902 
4.396950    0.410263 
4.400954    0.410623 
4.404959    0.410983 
4.408963    0.411343 
4.412968    0.411703 
4.416972    0.412062 
4.420977    0.412421 
4.424981    0.412780 
4.428986    0.413138 
4.432990    0.413497 
4.436995    0.413854 
4.440999    0.414212 
4.445004    0.414569 
4.449008    0.414926 
4.453013    0.415283 
4.457017    0.415639 
4.461022    0.415996 
4.465026    0.416351 
4.469031    0.416707 
4.473036    0.417062 
4.477040    0.417417 
4.481045    0.417772 
4.485049    0.418126 
4.489054    0.418480 
4.493058    0.418834 
4.497063    0.419188 
4.501067    0.419541 
4.505072    0.419894 
4.509076    0.420247 
4.513081    0.420599 
4.517085    0.420951 
4.521090    0.421303 
4.525094    0.421654 
4.529099    0.422005 
4.533103    0.422356 
4.537108    0.422707 
4.541112    0.423057 
4.545117    0.423407 
4.549121    0.423757 
4.553126    0.424107 
4.557130    0.424456 
4.561135    0.424805 
4.565139    0.425154 
4.569144    0.425502 
4.573148    0.425850 
4.577153    0.426198 
4.581157    0.426545 
4.585162    0.426892 
4.589166    0.427239 
4.593171    0.427586 
4.597175    0.427932 
4.601180    0.428278 
4.605184    0.428624 
4.609189    0.428970 
4.613193    0.429315 
4.617198    0.429660 
4.621202    0.430004 
4.625207    0.430349 
4.629211    0.430693 
4.633216    0.431036 
4.637220    0.431380 
4.641225    0.431723 
4.645229    0.432066 
4.649234    0.432409 
4.653238    0.432751 
4.657243    0.433093 
4.661247    0.433435 
4.665252    0.433776 
4.669256    0.434118 
4.673261    0.434459 
4.677265    0.434799 
4.681270    0.435140 
4.685274    0.435480 
4.689279    0.435819 
4.693283    0.436159 
4.697288    0.436498 
4.701292    0.436837 
4.705297    0.437176 
4.709301    0.437514 
4.713306    0.437852 
4.717310    0.438190 
4.721315    0.438528 
4.725320    0.438865 
4.729324    0.439202 
4.733329    0.439539 
4.737333    0.439875 
4.741338    0.440211 
4.745342    0.440547 
4.749347    0.440883 
4.753351    0.441218 
4.757356    0.441553 
4.761360    0.441888 
4.765365    0.442222 
4.769369    0.442556 
4.773374    0.442890 
4.777378    0.443224 
4.781383    0.443557 
4.785387    0.443890 
4.789392    0.444223 
4.793396    0.444555 
4.797401    0.444887 
4.801405    0.445219 
4.805410    0.445551 
4.809414    0.445882 
4.813419    0.446213 
4.817423    0.446544 
4.821428    0.446875 
4.825432    0.447205 
4.829437    0.447535 
4.833441    0.447865 
4.837446    0.448194 
4.841450    0.448523 
4.845455    0.448852 
4.849459    0.449181 
4.853464    0.449509 
4.857468    0.449837 
4.861473    0.450165 
4.865477    0.450492 
4.869482    0.450819 
4.873486    0.451146 
4.877491    0.451473 
4.881495    0.451799 
4.885500    0.452125 
4.889504    0.452451 
4.893509    0.452777 
4.897513    0.453102 
4.901518    0.453427 
4.905522    0.453752 
4.909527    0.454076 
4.913531    0.454400 
4.917536    0.454724 
4.921540    0.455048 
4.925545    0.455371 
4.929549    0.455694 
4.933554    0.456017 
4.937558    0.456339 
4.941563    0.456662 
4.945567    0.456984 
4.949572    0.457305 
4.953576    0.457627 
4.957581    0.457948 
4.961585    0.458269 
4.965590    0.458589 
4.969595    0.458910 
4.973599    0.459230 
4.977604    0.459549 
4.981608    0.459869 
4.985613    0.460188 
4.989617    0.460507 
4.993622    0.460826 
4.997626    0.461144 
5.001631    0.461462 
5.005635    0.461780 
5.009640    0.462098 
5.013644    0.462415 
5.017649    0.462732 
5.021653    0.463049 
5.025658    0.463365 
5.029662    0.463682 
5.033667    0.463998 
5.037671    0.464313 
5.041676    0.464629 
5.045680    0.464944 
5.049685    0.465259 
5.053689    0.465573 
5.057694    0.465888 
5.061698    0.466202 
5.065703    0.466516 
5.069707    0.466829 
5.073712    0.467142 
5.077716    0.467455 
5.081721    0.467768 
5.085725    0.468080 
5.089730    0.468393 
5.093734    0.468705 
5.097739    0.469016 
5.101743    0.469328 
5.105748    0.469639 
5.109752    0.469950 
5.113757    0.470260 
5.117761    0.470570 
5.121766    0.470880 
5.125770    0.471190 
5.129775    0.471500 
5.133779    0.471809 
5.137784    0.472118 
5.141788    0.472427 
5.145793    0.472735 
5.149797    0.473043 
5.153802    0.473351 
5.157806    0.473659 
5.161811    0.473966 
5.165815    0.474273 
5.169820    0.474580 
5.173824    0.474887 
5.177829    0.475193 
5.181833    0.475499 
5.185838    0.475805 
5.189842    0.476110 
5.193847    0.476416 
5.197851    0.476721 
5.201856    0.477025 
5.205860    0.477330 
5.209865    0.477634 
5.213869    0.477938 
5.217874    0.478242 
5.221879    0.478545 
5.225883    0.478848 
5.229888    0.479151 
5.233892    0.479454 
5.237897    0.479756 
5.241901    0.480058 
5.245906    0.480360 
5.249910    0.480661 
5.253915    0.480963 
5.257919    0.481264 
5.261924    0.481565 
5.265928    0.481865 
5.269933    0.482165 
5.273937    0.482465 
5.277942    0.482765 
5.281946    0.483065 
5.285951    0.483364 
5.289955    0.483663 
5.293960    0.483961 
5.297964    0.484260 
5.301969    0.484558 
5.305973    0.484856 
5.309978    0.485154 
5.313982    0.485451 
5.317987    0.485748 
5.321991    0.486045 
5.325996    0.486342 
5.330000    0.486638 
5.334005    0.486934 
5.338009    0.487230 
5.342014    0.487526 
5.346018    0.487821 
5.350023    0.488116 
5.354027    0.488411 
5.358032    0.488705 
5.362036    0.489000 
5.366041    0.489294 
5.370045    0.489587 
5.374050    0.489881 
5.378054    0.490174 
5.382059    0.490467 
5.386063    0.490760 
5.390068    0.491052 
5.394072    0.491345 
5.398077    0.491637 
5.402081    0.491928 
5.406086    0.492220 
5.410090    0.492511 
5.414095    0.492802 
5.418099    0.493093 
5.422104    0.493383 
5.426108    0.493673 
5.430113    0.493963 
5.434117    0.494253 
5.438122    0.494543 
5.442126    0.494832 
5.446131    0.495121 
5.450135    0.495409 
5.454140    0.495698 
5.458144    0.495986 
5.462149    0.496274 
5.466154    0.496562 
5.470158    0.496849 
5.474163    0.497136 
5.478167    0.497423 
5.482172    0.497710 
5.486176    0.497996 
5.490181    0.498282 
5.494185    0.498568 
5.498190    0.498854 
5.502194    0.499139 
5.506199    0.499424 
5.510203    0.499709 
5.514208    0.499994 
5.518212    0.500278 
5.522217    0.500562 
5.526221    0.500846 
5.530226    0.501130 
5.534230    0.501413 
5.538235    0.501697 
5.542239    0.501979 
5.546244    0.502262 
5.550248    0.502545 
5.554253    0.502827 
5.558257    0.503109 
5.562262    0.503390 
5.566266    0.503672 
5.570271    0.503953 
5.574275    0.504234 
5.578280    0.504514 
5.582284    0.504795 
5.586289    0.505075 
5.590293    0.505355 
5.594298    0.505635 
5.598302    0.505914 
5.602307    0.506193 
5.606311    0.506472 
5.610316    0.506751 
5.614320    0.507029 
5.618325    0.507307 
5.622329    0.507585 
5.626334    0.507863 
5.630338    0.508141 
5.634343    0.508418 
5.638347    0.508695 
5.642352    0.508971 
5.646356    0.509248 
5.650361    0.509524 
5.654365    0.509800 
5.658370    0.510076 
5.662374    0.510351 
5.666379    0.510627 
5.670383    0.510902 
5.674388    0.511177 
5.678392    0.511451 
5.682397    0.511725 
5.686401    0.511999 
5.690406    0.512273 
5.694410    0.512547 
5.698415    0.512820 
5.702419    0.513093 
5.706424    0.513366 
5.710428    0.513639 
5.714433    0.513911 
5.718438    0.514183 
5.722442    0.514455 
5.726447    0.514727 
5.730451    0.514998 
5.734456    0.515269 
5.738460    0.515540 
5.742465    0.515811 
5.746469    0.516081 
5.750474    0.516351 
5.754478    0.516621 
5.758483    0.516891 
5.762487    0.517160 
5.766492    0.517430 
5.770496    0.517699 
5.774501    0.517967 
5.778505    0.518236 
5.782510    0.518504 
5.786514    0.518772 
5.790519    0.519040 
5.794523    0.519308 
5.798528    0.519575 
5.802532    0.519842 
5.806537    0.520109 
5.810541    0.520375 
5.814546    0.520642 
5.818550    0.520908 
5.822555    0.521174 
5.826559    0.521440 
5.830564    0.521705 
5.834568    0.521970 
5.838573    0.522235 
5.842577    0.522500 
5.846582    0.522764 
5.850586    0.523029 
5.854591    0.523293 
5.858595    0.523556 
5.862600    0.523820 
5.866604    0.524083 
5.870609    0.524346 
5.874613    0.524609 
5.878618    0.524872 
5.882622    0.525134 
5.886627    0.525396 
5.890631    0.525658 
5.894636    0.525920 
5.898640    0.526181 
5.902645    0.526443 
5.906649    0.526703 
5.910654    0.526964 
5.914658    0.527225 
5.918663    0.527485 
5.922667    0.527745 
5.926672    0.528005 
5.930676    0.528265 
5.934681    0.528524 
5.938685    0.528783 
5.942690    0.529042 
5.946694    0.529301 
5.950699    0.529559 
5.954703    0.529817 
5.958708    0.530075 
5.962713    0.530333 
5.966717    0.530590 
5.970722    0.530848 
5.974726    0.531105 
5.978731    0.531362 
5.982735    0.531618 
5.986740    0.531875 
5.990744    0.532131 
5.994749    0.532387 
5.998753    0.532642 
6.002758    0.532898 
6.006762    0.533153 
6.010767    0.533408 
6.014771    0.533663 
6.018776    0.533917 
6.022780    0.534172 
6.026785    0.534426 
6.030789    0.534680 
6.034794    0.534933 
6.038798    0.535187 
6.042803    0.535440 
6.046807    0.535693 
6.050812    0.535945 
6.054816    0.536198 
6.058821    0.536450 
6.062825    0.536702 
6.066830    0.536954 
6.070834    0.537206 
6.074839    0.537457 
6.078843    0.537708 
6.082848    0.537959 
6.086852    0.538210 
6.090857    0.538460 
6.094861    0.538711 
6.098866    0.538961 
6.102870    0.539210 
6.106875    0.539460 
6.110879    0.539709 
6.114884    0.539959 
6.118888    0.540207 
6.122893    0.540456 
6.126897    0.540705 
6.130902    0.540953 
6.134906    0.541201 
6.138911    0.541449 
6.142915    0.541696 
6.146920    0.541944 
6.150924    0.542191 
6.154929    0.542438 
6.158933    0.542684 
6.162938    0.542931 
6.166942    0.543177 
6.170947    0.543423 
6.174951    0.543669 
6.178956    0.543915 
6.182960    0.544160 
6.186965    0.544405 
6.190969    0.544650 
6.194974    0.544895 
6.198978    0.545139 
6.202983    0.545384 
6.206987    0.545628 
6.210992    0.545872 
6.214997    0.546115 
6.219001    0.546359 
6.223006    0.546602 
6.227010    0.546845 
6.231015    0.547088 
6.235019    0.547330 
6.239024    0.547572 
6.243028    0.547815 
6.247033    0.548056 
6.251037    0.548298 
6.255042    0.548540 
6.259046    0.548781 
6.263051    0.549022 
6.267055    0.549263 
6.271060    0.549503 
6.275064    0.549744 
6.279069    0.549984 
6.283073    0.550224 
6.287078    0.550463 
6.291082    0.550703 
6.295087    0.550942 
6.299091    0.551181 
6.303096    0.551420 
6.307100    0.551659 
6.311105    0.551897 
6.315109    0.552136 
6.319114    0.552374 
6.323118    0.552611 
6.327123    0.552849 
6.331127    0.553086 
6.335132    0.553324 
6.339136    0.553560 
6.343141    0.553797 
6.347145    0.554034 
6.351150    0.554270 
6.355154    0.554506 
6.359159    0.554742 
6.363163    0.554978 
6.367168    0.555213 
6.371172    0.555449 
6.375177    0.555684 
6.379181    0.555918 
6.383186    0.556153 
6.387190    0.556387 
6.391195    0.556622 
6.395199    0.556856 
6.399204    0.557089 
6.403208    0.557323 
6.407213    0.557556 
6.411217    0.557790 
6.415222    0.558023 
6.419226    0.558255 
6.423231    0.558488 
6.427235    0.558720 
6.431240    0.558952 
6.435244    0.559184 
6.439249    0.559416 
6.443253    0.559647 
6.447258    0.559879 
6.451262    0.560110 
6.455267    0.560341 
6.459272    0.560571 
6.463276    0.560802 
6.467281    0.561032 
6.471285    0.561262 
6.475290    0.561492 
6.479294    0.561722 
6.483299    0.561951 
6.487303    0.562180 
6.491308    0.562409 
6.495312    0.562638 
6.499317    0.562867 
6.503321    0.563095 
6.507326    0.563323 
6.511330    0.563551 
6.515335    0.563779 
6.519339    0.564007 
6.523344    0.564234 
6.527348    0.564461 
6.531353    0.564688 
6.535357    0.564915 
6.539362    0.565142 
6.543366    0.565368 
6.547371    0.565594 
6.551375    0.565820 
6.555380    0.566046 
6.559384    0.566271 
6.563389    0.566497 
6.567393    0.566722 
6.571398    0.566947 
6.575402    0.567171 
6.579407    0.567396 
6.583411    0.567620 
6.587416    0.567845 
6.591420    0.568068 
6.595425    0.568292 
6.599429    0.568516 
6.603434    0.568739 
6.607438    0.568962 
6.611443    0.569185 
6.615447    0.569408 
6.619452    0.569630 
6.623456    0.569853 
6.627461    0.570075 
6.631465    0.570297 
6.635470    0.570519 
6.639474    0.570740 
6.643479    0.570961 
6.647483    0.571183 
6.651488    0.571404 
6.655492    0.571624 
6.659497    0.571845 
6.663501    0.572065 
6.667506    0.572285 
6.671510    0.572505 
6.675515    0.572725 
6.679519    0.572945 
6.683524    0.573164 
6.687528    0.573383 
6.691533    0.573602 
6.695537    0.573821 
6.699542    0.574040 
6.703546    0.574258 
6.707551    0.574476 
6.711556    0.574694 
6.715560    0.574912 
6.719565    0.575130 
6.723569    0.575347 
6.727574    0.575564 
6.731578    0.575781 
6.735583    0.575998 
6.739587    0.576215 
6.743592    0.576431 
6.747596    0.576647 
6.751601    0.576863 
6.755605    0.577079 
6.759610    0.577295 
6.763614    0.577510 
6.767619    0.577726 
6.771623    0.577941 
6.775628    0.578156 
6.779632    0.578370 
6.783637    0.578585 
6.787641    0.578799 
6.791646    0.579013 
6.795650    0.579227 
6.799655    0.579441 
6.803659    0.579655 
6.807664    0.579868 
6.811668    0.580081 
6.815673    0.580294 
6.819677    0.580507 
6.823682    0.580719 
6.827686    0.580932 
6.831691    0.581144 
6.835695    0.581356 
6.839700    0.581568 
6.843704    0.581780 
6.847709    0.581991 
6.851713    0.582202 
6.855718    0.582413 
6.859722    0.582624 
6.863727    0.582835 
6.867731    0.583045 
6.871736    0.583256 
6.875740    0.583466 
6.879745    0.583676 
6.883749    0.583886 
6.887754    0.584095 
6.891758    0.584305 
6.895763    0.584514 
6.899767    0.584723 
6.903772    0.584932 
6.907776    0.585140 
6.911781    0.585349 
6.915785    0.585557 
6.919790    0.585765 
6.923794    0.585973 
6.927799    0.586181 
6.931803    0.586388 
6.935808    0.586595 
6.939812    0.586803 
6.943817    0.587010 
6.947821    0.587216 
6.951826    0.587423 
6.955831    0.587629 
6.959835    0.587836 
6.963840    0.588042 
6.967844    0.588247 
6.971849    0.588453 
6.975853    0.588659 
6.979858    0.588864 
6.983862    0.589069 
6.987867    0.589274 
6.991871    0.589479 
6.995876    0.589683 
6.999880    0.589888 
7.003885    0.590092 
7.007889    0.590296 
7.011894    0.590500 
7.015898    0.590703 
7.019903    0.590907 
7.023907    0.591110 
7.027912    0.591313 
7.031916    0.591516 
7.035921    0.591719 
7.039925    0.591921 
7.043930    0.592124 
7.047934    0.592326 
7.051939    0.592528 
7.055943    0.592730 
7.059948    0.592932 
7.063952    0.593133 
7.067957    0.593334 
7.071961    0.593535 
7.075966    0.593736 
7.079970    0.593937 
7.083975    0.594138 
7.087979    0.594338 
7.091984    0.594538 
7.095988    0.594738 
7.099993    0.594938 
7.103997    0.595138 
7.108002    0.595338 
7.112006    0.595537 
7.116011    0.595736 
7.120015    0.595935 
7.124020    0.596134 
7.128024    0.596332 
7.132029    0.596531 
7.136033    0.596729 
7.140038    0.596927 
7.144042    0.597125 
7.148047    0.597323 
7.152051    0.597520 
7.156056    0.597718 
7.160060    0.597915 
7.164065    0.598112 
7.168069    0.598309 
7.172074    0.598506 
7.176078    0.598702 
7.180083    0.598898 
7.184087    0.599095 
7.188092    0.599291 
7.192096    0.599486 
7.196101    0.599682 
7.200105    0.599878 
7.204110    0.600073 
7.208115    0.600268 
7.212119    0.600463 
7.216124    0.600658 
7.220128    0.600852 
7.224133    0.601047 
7.228137    0.601241 
7.232142    0.601435 
7.236146    0.601629 
7.240151    0.601823 
7.244155    0.602016 
7.248160    0.602210 
7.252164    0.602403 
7.256169    0.602596 
7.260173    0.602789 
7.264178    0.602981 
7.268182    0.603174 
7.272187    0.603366 
7.276191    0.603558 
7.280196    0.603750 
7.284200    0.603942 
7.288205    0.604134 
7.292209    0.604325 
7.296214    0.604517 
7.300218    0.604708 
7.304223    0.604899 
7.308227    0.605090 
7.312232    0.605280 
7.316236    0.605471 
7.320241    0.605661 
7.324245    0.605851 
7.328250    0.606041 
7.332254    0.606231 
7.336259    0.606421 
7.340263    0.606610 
7.344268    0.606799 
7.348272    0.606989 
7.352277    0.607177 
7.356281    0.607366 
7.360286    0.607555 
7.364290    0.607743 
7.368295    0.607932 
7.372299    0.608120 
7.376304    0.608308 
7.380308    0.608495 
7.384313    0.608683 
7.388317    0.608871 
7.392322    0.609058 
7.396326    0.609245 
7.400331    0.609432 
7.404335    0.609619 
7.408340    0.609805 
7.412344    0.609992 
7.416349    0.610178 
7.420353    0.610364 
7.424358    0.610550 
7.428362    0.610736 
7.432367    0.610922 
7.436371    0.611107 
7.440376    0.611292 
7.444380    0.611478 
7.448385    0.611662 
7.452390    0.611847 
7.456394    0.612032 
7.460399    0.612216 
7.464403    0.612401 
7.468408    0.612585 
7.472412    0.612769 
7.476417    0.612953 
7.480421    0.613136 
7.484426    0.613320 
7.488430    0.613503 
7.492435    0.613686 
7.496439    0.613869 
7.500444    0.614052 
7.504448    0.614235 
7.508453    0.614417 
7.512457    0.614600 
7.516462    0.614782 
7.520466    0.614964 
7.524471    0.615146 
7.528475    0.615328 
7.532480    0.615509 
7.536484    0.615691 
7.540489    0.615872 
7.544493    0.616053 
7.548498    0.616234 
7.552502    0.616415 
7.556507    0.616595 
7.560511    0.616776 
7.564516    0.616956 
7.568520    0.617136 
7.572525    0.617316 
7.576529    0.617496 
7.580534    0.617676 
7.584538    0.617855 
7.588543    0.618034 
7.592547    0.618214 
7.596552    0.618393 
7.600556    0.618571 
7.604561    0.618750 
7.608565    0.618929 
7.612570    0.619107 
7.616574    0.619285 
7.620579    0.619463 
7.624583    0.619641 
7.628588    0.619819 
7.632592    0.619997 
7.636597    0.620174 
7.640601    0.620351 
7.644606    0.620528 
7.648610    0.620705 
7.652615    0.620882 
7.656619    0.621059 
7.660624    0.621235 
7.664628    0.621412 
7.668633    0.621588 
7.672637    0.621764 
7.676642    0.621940 
7.680646    0.622116 
7.684651    0.622291 
7.688655    0.622466 
7.692660    0.622642 
7.696664    0.622817 
7.700669    0.622992 
7.704674    0.623167 
7.708678    0.623341 
7.712683    0.623516 
7.716687    0.623690 
7.720692    0.623864 
7.724696    0.624038 
7.728701    0.624212 
7.732705    0.624386 
7.736710    0.624559 
7.740714    0.624733 
7.744719    0.624906 
7.748723    0.625079 
7.752728    0.625252 
7.756732    0.625425 
7.760737    0.625598 
7.764741    0.625770 
7.768746    0.625942 
7.772750    0.626115 
7.776755    0.626287 
7.780759    0.626459 
7.784764    0.626630 
7.788768    0.626802 
7.792773    0.626973 
7.796777    0.627145 
7.800782    0.627316 
7.804786    0.627487 
7.808791    0.627658 
7.812795    0.627828 
7.816800    0.627999 
7.820804    0.628169 
7.824809    0.628340 
7.828813    0.628510 
7.832818    0.628680 
7.836822    0.628849 
7.840827    0.629019 
7.844831    0.629189 
7.848836    0.629358 
7.852840    0.629527 
7.856845    0.629696 
7.860849    0.629865 
7.864854    0.630034 
7.868858    0.630202 
7.872863    0.630371 
7.876867    0.630539 
7.880872    0.630707 
7.884876    0.630875 
7.888881    0.631043 
7.892885    0.631211 
7.896890    0.631379 
7.900894    0.631546 
7.904899    0.631713 
7.908903    0.631880 
7.912908    0.632047 
7.916912    0.632214 
7.920917    0.632381 
7.924921    0.632547 
7.928926    0.632714 
7.932930    0.632880 
7.936935    0.633046 
7.940939    0.633212 
7.944944    0.633378 
7.948949    0.633544 
7.952953    0.633709 
7.956958    0.633875 
7.960962    0.634040 
7.964967    0.634205 
7.968971    0.634370 
7.972976    0.634535 
7.976980    0.634699 
7.980985    0.634864 
7.984989    0.635028 
7.988994    0.635193 
7.992998    0.635357 
7.997003    0.635521 
8.001007    0.635684 
8.005012    0.635848 
