1.000626  0.184187
1.035824  0.199748
1.071022  0.215677
1.106220  0.236214
1.141418  0.253117
1.176616  0.274751
1.211814  0.292342
1.247012  0.314797
1.282210  0.333430
1.317408  0.351982
1.352606  0.375349
1.387804  0.394528
1.423001  0.418671
1.458199  0.437902
1.493397  0.457387
1.528595  0.481807
1.563793  0.501791
1.598991  0.526024
1.634189  0.545614
1.669387  0.565267
1.704585  0.590040
1.739783  0.610026
1.774981  0.634242
1.810179  0.653394
1.845376  0.673657
1.880574  0.697225
1.915772  0.716536
1.950970  0.740066
1.986168  0.759461
2.021366  0.778818
2.056564  0.801155
2.091762  0.819435
2.126960  0.842627
2.162158  0.860859
2.197356  0.878978
2.232553  0.900856
2.267751  0.918792
2.302949  0.939184
2.338147  0.957007
2.373345  0.973345
2.408543  0.994608
2.443741  1.010807
2.478939  1.030384
2.514137  1.046292
2.549335  1.061979
2.584533  1.081163
2.619731  1.096649
2.654928  1.115535
2.690126  1.129148
2.725324  1.144189
2.760522  1.162501
2.795720  1.175763
2.830918  1.193530
2.866116  1.206413
2.901314  1.219189
2.936512  1.236706
2.971710  1.249011
3.006908  1.264392
3.042106  1.276404
3.077303  1.288407
3.112501  1.303153
3.147699  1.314801
3.182897  1.329170
3.218095  1.340313
3.253293  1.354394
3.288491  1.365427
3.323689  1.376140
3.358887  1.387831
3.394085  1.398322
3.429283  1.411289
3.464481  1.421719
3.499678  1.429764
3.534876  1.442416
3.570074  1.452003
3.605272  1.462352
3.640470  1.471807
3.675668  1.479418
3.710866  1.490954
3.746064  1.498179
3.781262  1.509361
3.816460  1.516283
3.851658  1.525073
3.886856  1.533775
3.922053  1.540352
3.957251  1.550711
3.992449  1.556989
4.027647  1.565010
4.062845  1.573001
4.098043  1.578895
4.133241  1.586471
4.168439  1.594105
4.203637  1.599631
4.238835  1.606703
4.274033  1.612726
4.309230  1.623435
4.344428  1.630150
4.379626  1.636734
4.414824  1.645480
4.450022  1.651862
4.485220  1.660272
4.520418  1.666469
4.555616  1.672516
4.590814  1.680524
4.626012  1.686281
4.661210  1.693803
4.696408  1.699309
4.731605  1.704657
4.766803  1.711819
4.802001  1.716774
4.837199  1.723593
4.872397  1.728294
4.907595  1.733063
4.942793  1.739344
4.977991  1.743706
5.013189  1.749710
5.048387  1.753763
5.083585  1.759521
5.118783  1.763398
5.153980  1.767168
5.189178  1.772299
5.224376  1.775824
5.259574  1.780724
5.294772  1.784044
5.329970  1.787225
5.365168  1.791709
5.400366  1.794668
5.435564  1.798979
5.470762  1.801682
5.505960  1.804404
5.541158  1.808252
5.576355  1.810716
5.611553  1.814312
5.646751  1.816668
5.681949  1.821144
5.717147  1.822111
5.752345  1.826453
5.787543  1.829420
5.822741  1.831391
5.857939  1.833199
5.893137  1.835926
5.928335  1.837428
5.963533  1.840115
5.998730  1.841565
6.033928  1.843019
6.069126  1.845220
6.104324  1.846446
6.139522  1.848441
6.174720  1.852020
6.209918  1.852992
6.245116  1.854866
6.280314  1.855855
6.315512  1.857358
6.350710  1.858282
6.385908  1.858983
6.421105  1.860451
6.456303  1.863462
6.491501  1.864647
6.526699  1.865132
6.561897  1.865558
6.597095  1.866712
6.632293  1.867076
6.667491  1.867996
6.702689  1.868246
6.737887  1.870714
6.773085  1.871508
6.808282  1.871595
6.843480  1.872321
6.878678  1.872256
6.913876  1.874666
6.949074  1.875159
6.984272  1.874972
7.019470  1.875265
7.054668  1.875018
7.089866  1.875359
7.125064  1.877442
7.160262  1.877052
7.195460  1.877215
7.230657  1.876749
7.265855  1.876720
7.301053  1.876293
7.336251  1.878163
7.371449  1.878060
7.406647  1.877404
7.441845  1.877177
7.477043  1.876488
7.512241  1.878250
7.547439  1.877867
7.582637  1.877087
7.617835  1.876695
7.653032  1.878292
