0.040025 1.000000
0.060038 1.000000
0.080050 1.000000
0.100063 1.000000
0.120075 1.000000
0.140088 1.000000
0.160100 1.000000
0.180113 1.000000
0.200125 1.000000
0.220138 1.000000
0.240150 1.000000
0.260163 1.000000
0.280175 1.000000
0.300188 1.000000
0.320200 1.000000
0.340213 1.000000
0.360226 1.000000
0.380238 1.000000
0.400251 1.000000
0.420263 1.000000
0.440276 1.000000
0.460288 1.000000
0.480301 1.000000
0.500313 1.000000
0.520326 1.000000
0.540338 1.000000
0.560351 1.000000
0.580363 1.000000
0.600376 1.000000
0.620388 1.000000
0.640401 1.000000
0.660413 1.000000
0.680426 1.000000
0.700439 1.000000
0.720451 1.000000
0.740464 1.000000
0.760476 1.000000
0.780489 1.000000
0.800501 1.000000
0.820514 1.000000
0.840526 1.000000
0.860539 1.000000
0.880551 1.000000
0.900564 1.000000
0.920576 1.000000
0.940589 1.000000
0.960601 1.000000
0.980614 1.000000
1.000626 1.000000
1.020639 1.000000
1.040652 1.000000
1.060664 1.000000
1.080677 1.000000
1.100689 1.000000
1.120702 1.000000
1.140714 1.000000
1.160727 1.000000
1.180739 1.000000
1.200752 1.000000
1.220764 1.000000
1.240777 1.000000
1.260789 1.000000
1.280802 1.000000
1.300814 1.000000
1.320827 1.000000
1.340839 1.000000
1.360852 1.000000
1.380865 1.000000
1.400877 1.000000
1.420890 1.000000
1.440902 1.000000
1.460915 1.000000
1.480927 1.000000
1.500940 1.000000
1.520952 1.000000
1.540965 1.000000
1.560977 1.000000
1.580990 1.000000
1.601002 1.000000
1.621015 1.000000
1.641027 1.000000
1.661040 1.000000
1.681052 1.000000
1.701065 1.000000
1.721077 1.000000
1.741090 1.000000
1.761103 1.000000
1.781115 1.000000
1.801128 1.000000
1.821140 1.000000
1.841153 1.000000
1.861165 1.000000
1.881178 1.000000
1.901190 1.000000
1.921203 1.000000
1.941215 1.000000
1.961228 1.000000
1.981240 1.000000
2.001253 1.000000
2.021265 1.000000
2.041278 1.000000
2.061290 1.000000
2.081303 1.000000
2.101316 1.000000
2.121328 1.000000
2.141341 1.000000
2.161353 1.000000
2.181366 1.000000
2.201378 1.000000
2.221391 1.000000
2.241403 1.000000
2.261416 1.000000
2.281428 1.000000
2.301441 1.000000
2.321453 1.000000
2.341466 1.000000
2.361478 1.000000
2.381491 1.000000
2.401503 1.000000
2.421516 1.000000
2.441529 1.000000
2.461541 1.000000
2.481554 1.000000
2.501566 1.000000
2.521579 1.000000
2.541591 1.000000
2.561604 1.000000
2.581616 1.000000
2.601629 1.000000
2.621641 1.000000
2.641654 1.000000
2.661666 1.000000
2.681679 1.000000
2.701691 1.000000
2.721704 1.000000
2.741716 1.000000
2.761729 1.000000
2.781742 1.000000
2.801754 1.000000
2.821767 1.000000
2.841779 1.000000
2.861792 1.000000
2.881804 1.000000
2.901817 1.000000
2.921829 1.000000
2.941842 1.000000
2.961854 1.000000
2.981867 1.000000
3.001879 1.000000
3.021892 1.000000
3.041904 1.000000
3.061917 1.000000
3.081929 1.000000
3.101942 1.000000
3.121955 1.000000
3.141967 1.000000
3.161980 1.000000
3.181992 1.000000
3.202005 1.000000
3.222017 1.000000
3.242030 1.000000
3.262042 1.000000
3.282055 1.000000
3.302067 1.000000
3.322080 1.000000
3.342092 1.000000
3.362105 1.000000
3.382117 1.000000
3.402130 1.000000
3.422142 1.000000
3.442155 1.000000
3.462168 1.000000
3.482180 1.000000
3.502193 1.000000
3.522205 1.000000
3.542218 1.000000
3.562230 1.000000
3.582243 1.000000
3.602255 1.000000
3.622268 1.000000
3.642280 1.000000
3.662293 1.000000
3.682305 1.000000
3.702318 1.000000
3.722330 1.000000
3.742343 1.000000
3.762355 1.000000
3.782368 1.000000
3.802381 1.000000
3.822393 1.000000
3.842406 1.000000
3.862418 1.000000
3.882431 1.000000
3.902443 1.000000
3.922456 1.000000
3.942468 1.000000
3.962481 1.000000
3.982493 1.000000
4.002506 1.000000
4.022518 1.000000
4.042531 1.000000
4.062543 1.000000
4.082556 1.000000
4.102568 1.000000
4.122581 1.000000
4.142594 1.000000
4.162606 1.000000
4.182619 1.000000
4.202631 1.000000
4.222644 1.000000
4.242656 1.000000
4.262669 1.000000
4.282681 1.000000
4.302694 0.999999
4.322706 0.999998
4.342719 0.999995
4.362731 0.999991
4.382744 0.999986
4.402756 0.999979
4.422769 0.999970
4.442781 0.999959
4.462794 0.999947
4.482807 0.999932
4.502819 0.999916
4.522832 0.999898
4.542844 0.999878
4.562857 0.999857
4.582869 0.999834
4.602882 0.999810
4.622894 0.999785
4.642907 0.999758
4.662919 0.999730
4.682932 0.999701
4.702944 0.999671
4.722957 0.999641
4.742969 0.999609
4.762982 0.999577
4.782994 0.999544
4.803007 0.999510
4.823019 0.999476
4.843032 0.999441
4.863045 0.999406
4.883057 0.999371
4.903070 0.999335
4.923082 0.999298
4.943095 0.999262
4.963107 0.999225
4.983120 0.999188
5.003132 0.999151
5.023145 0.999114
5.043157 0.999077
5.063170 0.999039
5.083182 0.999002
5.103195 0.998964
5.123207 0.998927
5.143220 0.998890
5.163232 0.998852
5.183245 0.998815
5.203258 0.998778
5.223270 0.998741
5.243283 0.998704
5.263295 0.998667
5.283308 0.998630
5.303320 0.998594
5.323333 0.998558
5.343345 0.998521
5.363358 0.998486
5.383370 0.998450
5.403383 0.998414
5.423395 0.998379
5.443408 0.998344
5.463420 0.998309
5.483433 0.998275
5.503445 0.998241
5.523458 0.998207
5.543471 0.998173
5.563483 0.998139
5.583496 0.998106
5.603508 0.998073
5.623521 0.998041
5.643533 0.998008
5.663546 0.997976
5.683558 0.997945
5.703571 0.997913
5.723583 0.997882
5.743596 0.997851
5.763608 0.997821
5.783621 0.997790
5.803633 0.997760
5.823646 0.997731
5.843658 0.997701
5.863671 0.997672
5.883684 0.997644
5.903696 0.997615
5.923709 0.997587
5.943721 0.997559
5.963734 0.997532
5.983746 0.997505
6.003759 0.997478
6.023771 0.997451
6.043784 0.997425
6.063796 0.997399
6.083809 0.997374
6.103821 0.997348
6.123834 0.997323
6.143846 0.997298
6.163859 0.997274
6.183871 0.997250
6.203884 0.997226
6.223897 0.997202
6.243909 0.997179
6.263922 0.997156
6.283934 0.997133
6.303947 0.997111
6.323959 0.997089
6.343972 0.997067
6.363984 0.997045
6.383997 0.997024
6.404009 0.997003
6.424022 0.996982
6.444034 0.996962
6.464047 0.996942
6.484059 0.996922
6.504072 0.996902
6.524084 0.996882
6.544097 0.996863
6.564110 0.996844
6.584122 0.996826
6.604135 0.996807
6.624147 0.996789
6.644160 0.996771
6.664172 0.996754
6.684185 0.996736
6.704197 0.996719
6.724210 0.996702
6.744222 0.996686
6.764235 0.996669
6.784247 0.996653
6.804260 0.996637
6.824272 0.996621
6.844285 0.996606
6.864297 0.996590
6.884310 0.996575
6.904323 0.996561
6.924335 0.996546
6.944348 0.996532
6.964360 0.996517
6.984373 0.996503
7.004385 0.996490
7.024398 0.996476
7.044410 0.996463
7.064423 0.996449
7.084435 0.996437
7.104448 0.996424
7.124460 0.996411
7.144473 0.996399
7.164485 0.996387
7.184498 0.996375
7.204510 0.996363
7.224523 0.996351
7.244536 0.996340
7.264548 0.996329
7.284561 0.996318
7.304573 0.996307
7.324586 0.996296
7.344598 0.996286
7.364611 0.996275
7.384623 0.996265
7.404636 0.996255
7.424648 0.996245
7.444661 0.996236
7.464673 0.996226
7.484686 0.996217
7.504698 0.996208
7.524711 0.996198
7.544723 0.996190
7.564736 0.996181
7.584749 0.996172
7.604761 0.996164
7.624774 0.996156
7.644786 0.996148
7.664799 0.996140
7.684811 0.996132
7.704824 0.996124
7.724836 0.996117
7.744849 0.996109
7.764861 0.996102
7.784874 0.996095
7.804886 0.996088
7.824899 0.996081
7.844911 0.996074
7.864924 0.996068
7.884936 0.996061
7.904949 0.996055
7.924962 0.996049
7.944974 0.996043
7.964987 0.996037
7.984999 0.996031
8.005012 0.996025
