0.008009    0.000084 
0.012014    -0.000157 
0.016018    -0.000427 
0.020023    -0.000718 
0.024027    -0.001021 
0.028032    -0.001331 
0.032036    -0.001644 
0.036041    -0.001958 
0.040045    -0.002272 
0.044050    -0.002584 
0.048054    -0.002893 
0.052059    -0.003200 
0.056063    -0.003502 
0.060068    -0.003801 
0.064072    -0.004095 
0.068077    -0.004384 
0.072081    -0.004669 
0.076086    -0.004948 
0.080090    -0.005223 
0.084095    -0.005492 
0.088099    -0.005756 
0.092104    -0.006014 
0.096108    -0.006267 
0.100113    -0.006514 
0.104117    -0.006756 
0.108122    -0.006993 
0.112126    -0.007223 
0.116131    -0.007448 
0.120135    -0.007668 
0.124140    -0.007882 
0.128144    -0.008090 
0.132149    -0.008293 
0.136153    -0.008490 
0.140158    -0.008682 
0.144162    -0.008869 
0.148167    -0.009049 
0.152171    -0.009225 
0.156176    -0.009395 
0.160180    -0.009560 
0.164185    -0.009719 
0.168189    -0.009873 
0.172194    -0.010022 
0.176198    -0.010165 
0.180203    -0.010304 
0.184207    -0.010437 
0.188212    -0.010565 
0.192216    -0.010687 
0.196221    -0.010805 
0.200225    -0.010918 
0.204230    -0.011026 
0.208234    -0.011129 
0.212239    -0.011227 
0.216243    -0.011320 
0.220248    -0.011408 
0.224252    -0.011491 
0.228257    -0.011570 
0.232261    -0.011644 
0.236266    -0.011713 
0.240270    -0.011777 
0.244275    -0.011837 
0.248279    -0.011893 
0.252284    -0.011943 
0.256289    -0.011990 
0.260293    -0.012031 
0.264298    -0.012069 
0.268302    -0.012102 
0.272307    -0.012130 
0.276311    -0.012154 
0.280316    -0.012174 
0.284320    -0.012190 
0.288325    -0.012201 
0.292329    -0.012209 
0.296334    -0.012212 
0.300338    -0.012211 
0.304343    -0.012205 
0.308347    -0.012196 
0.312352    -0.012183 
0.316356    -0.012166 
0.320361    -0.012145 
0.324365    -0.012119 
0.328370    -0.012090 
0.332374    -0.012058 
0.336379    -0.012021 
0.340383    -0.011980 
0.344388    -0.011936 
0.348392    -0.011888 
0.352397    -0.011836 
0.356401    -0.011781 
0.360406    -0.011722 
0.364410    -0.011659 
0.368415    -0.011592 
0.372419    -0.011523 
0.376424    -0.011449 
0.380428    -0.011372 
0.384433    -0.011292 
0.388437    -0.011208 
0.392442    -0.011121 
0.396446    -0.011030 
0.400451    -0.010936 
0.404455    -0.010838 
0.408460    -0.010738 
0.412464    -0.010634 
0.416469    -0.010526 
0.420473    -0.010416 
0.424478    -0.010302 
0.428482    -0.010185 
0.432487    -0.010065 
0.436491    -0.009942 
0.440496    -0.009816 
0.444500    -0.009686 
0.448505    -0.009554 
0.452509    -0.009418 
0.456514    -0.009280 
0.460518    -0.009138 
0.464523    -0.008994 
0.468527    -0.008846 
0.472532    -0.008696 
0.476536    -0.008543 
0.480541    -0.008387 
0.484545    -0.008228 
0.488550    -0.008066 
0.492554    -0.007901 
0.496559    -0.007734 
0.500564    -0.007564 
0.504568    -0.007391 
0.508573    -0.007215 
0.512577    -0.007037 
0.516582    -0.006856 
0.520586    -0.006672 
0.524591    -0.006486 
0.528595    -0.006297 
0.532600    -0.006106 
0.536604    -0.005912 
0.540609    -0.005715 
0.544613    -0.005516 
0.548618    -0.005314 
0.552622    -0.005110 
0.556627    -0.004903 
0.560631    -0.004694 
0.564636    -0.004482 
0.568640    -0.004268 
0.572645    -0.004052 
0.576649    -0.003833 
0.580654    -0.003612 
0.584658    -0.003389 
0.588663    -0.003163 
0.592667    -0.002935 
0.596672    -0.002704 
0.600676    -0.002472 
0.604681    -0.002237 
0.608685    -0.001999 
0.612690    -0.001760 
0.616694    -0.001518 
0.620699    -0.001274 
0.624703    -0.001028 
0.628708    -0.000780 
0.632712    -0.000530 
0.636717    -0.000277 
0.640721    -0.000023 
0.644726    0.000234 
0.648730    0.000493 
0.652735    0.000753 
0.656739    0.001016 
0.660744    0.001281 
0.664748    0.001548 
0.668753    0.001817 
0.672757    0.002088 
0.676762    0.002361 
0.680766    0.002636 
0.684771    0.002912 
0.688775    0.003191 
0.692780    0.003472 
0.696784    0.003754 
0.700789    0.004038 
0.704793    0.004325 
0.708798    0.004613 
0.712802    0.004903 
0.716807    0.005195 
0.720811    0.005488 
0.724816    0.005784 
0.728820    0.006081 
0.732825    0.006380 
0.736829    0.006681 
0.740834    0.006983 
0.744838    0.007287 
0.748843    0.007593 
0.752848    0.007901 
0.756852    0.008210 
0.760857    0.008521 
0.764861    0.008834 
0.768866    0.009148 
0.772870    0.009464 
0.776875    0.009782 
0.780879    0.010101 
0.784884    0.010422 
0.788888    0.010744 
0.792893    0.011069 
0.796897    0.011394 
0.800902    0.011721 
0.804906    0.012050 
0.808911    0.012380 
0.812915    0.012712 
0.816920    0.013046 
0.820924    0.013380 
0.824929    0.013717 
0.828933    0.014055 
0.832938    0.014394 
0.836942    0.014735 
0.840947    0.015077 
0.844951    0.015420 
0.848956    0.015765 
0.852960    0.016112 
0.856965    0.016460 
0.860969    0.016809 
0.864974    0.017160 
0.868978    0.017512 
0.872983    0.017865 
0.876987    0.018220 
0.880992    0.018576 
0.884996    0.018933 
0.889001    0.019292 
0.893005    0.019652 
0.897010    0.020014 
0.901014    0.020376 
0.905019    0.020740 
0.909023    0.021106 
0.913028    0.021472 
0.917032    0.021840 
0.921037    0.022209 
0.925041    0.022579 
0.929046    0.022951 
0.933050    0.023323 
0.937055    0.023697 
0.941059    0.024072 
0.945064    0.024449 
0.949068    0.024826 
0.953073    0.025205 
0.957077    0.025585 
0.961082    0.025965 
0.965086    0.026348 
0.969091    0.026731 
0.973095    0.027115 
0.977100    0.027501 
0.981104    0.027887 
0.985109    0.028275 
0.989113    0.028664 
0.993118    0.029054 
0.997123    0.029445 
1.001127    0.029837 
1.005132    0.030230 
1.009136    0.030624 
1.013141    0.031019 
1.017145    0.031416 
1.021150    0.031813 
1.025154    0.032211 
1.029159    0.032611 
1.033163    0.033011 
1.037168    0.033412 
1.041172    0.033815 
1.045177    0.034218 
1.049181    0.034622 
1.053186    0.035028 
1.057190    0.035434 
1.061195    0.035841 
1.065199    0.036249 
1.069204    0.036658 
1.073208    0.037068 
1.077213    0.037479 
1.081217    0.037891 
1.085222    0.038304 
1.089226    0.038717 
1.093231    0.039132 
1.097235    0.039547 
1.101240    0.039964 
1.105244    0.040381 
1.109249    0.040799 
1.113253    0.041218 
1.117258    0.041638 
1.121262    0.042058 
1.125267    0.042480 
1.129271    0.042902 
1.133276    0.043325 
1.137280    0.043749 
1.141285    0.044174 
1.145289    0.044599 
1.149294    0.045026 
1.153298    0.045453 
1.157303    0.045881 
1.161307    0.046310 
1.165312    0.046739 
1.169316    0.047169 
1.173321    0.047601 
1.177325    0.048032 
1.181330    0.048465 
1.185334    0.048898 
1.189339    0.049332 
1.193343    0.049767 
1.197348    0.050203 
1.201352    0.050639 
1.205357    0.051076 
1.209361    0.051513 
1.213366    0.051952 
1.217370    0.052391 
1.221375    0.052830 
1.225379    0.053271 
1.229384    0.053712 
1.233388    0.054154 
1.237393    0.054596 
1.241397    0.055039 
1.245402    0.055483 
1.249407    0.055927 
1.253411    0.056373 
1.257416    0.056818 
1.261420    0.057265 
1.265425    0.057712 
1.269429    0.058159 
1.273434    0.058607 
1.277438    0.059056 
1.281443    0.059506 
1.285447    0.059956 
1.289452    0.060406 
1.293456    0.060858 
1.297461    0.061309 
1.301465    0.061762 
1.305470    0.062215 
1.309474    0.062668 
1.313479    0.063122 
1.317483    0.063577 
1.321488    0.064032 
1.325492    0.064488 
1.329497    0.064945 
1.333501    0.065401 
1.337506    0.065859 
1.341510    0.066317 
1.345515    0.066775 
1.349519    0.067234 
1.353524    0.067694 
1.357528    0.068154 
1.361533    0.068614 
1.365537    0.069076 
1.369542    0.069537 
1.373546    0.069999 
1.377551    0.070462 
1.381555    0.070925 
1.385560    0.071388 
1.389564    0.071852 
1.393569    0.072317 
1.397573    0.072782 
1.401578    0.073247 
1.405582    0.073713 
1.409587    0.074179 
1.413591    0.074646 
1.417596    0.075113 
1.421600    0.075581 
1.425605    0.076049 
1.429609    0.076517 
1.433614    0.076986 
1.437618    0.077456 
1.441623    0.077926 
1.445627    0.078396 
1.449632    0.078866 
1.453636    0.079337 
1.457641    0.079809 
1.461645    0.080281 
1.465650    0.080753 
1.469654    0.081226 
1.473659    0.081699 
1.477663    0.082172 
1.481668    0.082646 
1.485672    0.083120 
1.489677    0.083595 
1.493682    0.084069 
1.497686    0.084545 
1.501691    0.085020 
1.505695    0.085496 
1.509700    0.085973 
1.513704    0.086449 
1.517709    0.086926 
1.521713    0.087404 
1.525718    0.087882 
1.529722    0.088360 
1.533727    0.088838 
1.537731    0.089317 
1.541736    0.089796 
1.545740    0.090275 
1.549745    0.090755 
1.553749    0.091235 
1.557754    0.091715 
1.561758    0.092196 
1.565763    0.092677 
1.569767    0.093158 
1.573772    0.093639 
1.577776    0.094121 
1.581781    0.094603 
1.585785    0.095086 
1.589790    0.095568 
1.593794    0.096051 
1.597799    0.096534 
1.601803    0.097018 
1.605808    0.097502 
1.609812    0.097986 
1.613817    0.098470 
1.617821    0.098954 
1.621826    0.099439 
1.625830    0.099924 
1.629835    0.100410 
1.633839    0.100895 
1.637844    0.101381 
1.641848    0.101867 
1.645853    0.102353 
1.649857    0.102840 
1.653862    0.103326 
1.657866    0.103813 
1.661871    0.104300 
1.665875    0.104788 
1.669880    0.105275 
1.673884    0.105763 
1.677889    0.106251 
1.681893    0.106740 
1.685898    0.107228 
1.689902    0.107717 
1.693907    0.108206 
1.697911    0.108695 
1.701916    0.109184 
1.705920    0.109673 
1.709925    0.110163 
1.713929    0.110653 
1.717934    0.111143 
1.721938    0.111633 
1.725943    0.112123 
1.729947    0.112614 
1.733952    0.113105 
1.737956    0.113595 
1.741961    0.114086 
1.745966    0.114578 
1.749970    0.115069 
1.753975    0.115561 
1.757979    0.116052 
1.761984    0.116544 
1.765988    0.117036 
1.769993    0.117528 
1.773997    0.118020 
1.778002    0.118513 
1.782006    0.119005 
1.786011    0.119498 
1.790015    0.119991 
1.794020    0.120484 
1.798024    0.120977 
1.802029    0.121470 
1.806033    0.121964 
1.810038    0.122457 
1.814042    0.122951 
1.818047    0.123444 
1.822051    0.123938 
1.826056    0.124432 
1.830060    0.124926 
1.834065    0.125420 
1.838069    0.125914 
1.842074    0.126409 
1.846078    0.126903 
1.850083    0.127398 
1.854087    0.127892 
1.858092    0.128387 
1.862096    0.128882 
1.866101    0.129377 
1.870105    0.129872 
1.874110    0.130367 
1.878114    0.130862 
1.882119    0.131357 
1.886123    0.131853 
1.890128    0.132348 
1.894132    0.132843 
1.898137    0.133339 
1.902141    0.133835 
1.906146    0.134330 
1.910150    0.134826 
1.914155    0.135322 
1.918159    0.135818 
1.922164    0.136313 
1.926168    0.136809 
1.930173    0.137305 
1.934177    0.137801 
1.938182    0.138298 
1.942186    0.138794 
1.946191    0.139290 
1.950195    0.139786 
1.954200    0.140282 
1.958204    0.140779 
1.962209    0.141275 
1.966213    0.141771 
1.970218    0.142268 
1.974222    0.142764 
1.978227    0.143261 
1.982231    0.143757 
1.986236    0.144254 
1.990241    0.144750 
1.994245    0.145247 
1.998250    0.145744 
2.002254    0.146240 
2.006259    0.146737 
2.010263    0.147233 
2.014268    0.147730 
2.018272    0.148227 
2.022277    0.148723 
2.026281    0.149220 
2.030286    0.149717 
2.034290    0.150213 
2.038295    0.150710 
2.042299    0.151207 
2.046304    0.151703 
2.050308    0.152200 
2.054313    0.152696 
2.058317    0.153193 
2.062322    0.153690 
2.066326    0.154186 
2.070331    0.154683 
2.074335    0.155179 
2.078340    0.155676 
2.082344    0.156172 
2.086349    0.156669 
2.090353    0.157165 
2.094358    0.157662 
2.098362    0.158158 
2.102367    0.158655 
2.106371    0.159151 
2.110376    0.159647 
2.114380    0.160144 
2.118385    0.160640 
2.122389    0.161136 
2.126394    0.161632 
2.130398    0.162128 
2.134403    0.162625 
2.138407    0.163121 
2.142412    0.163617 
2.146416    0.164113 
2.150421    0.164608 
2.154425    0.165104 
2.158430    0.165600 
2.162434    0.166096 
2.166439    0.166592 
2.170443    0.167087 
2.174448    0.167583 
2.178452    0.168078 
2.182457    0.168574 
2.186461    0.169069 
2.190466    0.169564 
2.194470    0.170060 
2.198475    0.170555 
2.202479    0.171050 
2.206484    0.171545 
2.210488    0.172040 
2.214493    0.172535 
2.218497    0.173030 
2.222502    0.173524 
2.226506    0.174019 
2.230511    0.174514 
2.234515    0.175008 
2.238520    0.175503 
2.242525    0.175997 
2.246529    0.176491 
2.250534    0.176986 
2.254538    0.177480 
2.258543    0.177974 
2.262547    0.178468 
2.266552    0.178961 
2.270556    0.179455 
2.274561    0.179949 
2.278565    0.180442 
2.282570    0.180936 
2.286574    0.181429 
2.290579    0.181922 
2.294583    0.182415 
2.298588    0.182908 
2.302592    0.183401 
2.306597    0.183894 
2.310601    0.184387 
2.314606    0.184880 
2.318610    0.185372 
2.322615    0.185864 
2.326619    0.186357 
2.330624    0.186849 
2.334628    0.187341 
2.338633    0.187833 
2.342637    0.188325 
2.346642    0.188816 
2.350646    0.189308 
2.354651    0.189799 
2.358655    0.190291 
2.362660    0.190782 
2.366664    0.191273 
2.370669    0.191764 
2.374673    0.192255 
2.378678    0.192746 
2.382682    0.193236 
2.386687    0.193727 
2.390691    0.194217 
2.394696    0.194707 
2.398700    0.195197 
2.402705    0.195687 
2.406709    0.196177 
2.410714    0.196667 
2.414718    0.197156 
2.418723    0.197646 
2.422727    0.198135 
2.426732    0.198624 
2.430736    0.199113 
2.434741    0.199602 
2.438745    0.200090 
2.442750    0.200579 
2.446754    0.201067 
2.450759    0.201556 
2.454763    0.202044 
2.458768    0.202532 
2.462772    0.203019 
2.466777    0.203507 
2.470781    0.203994 
2.474786    0.204482 
2.478790    0.204969 
2.482795    0.205456 
2.486800    0.205943 
2.490804    0.206430 
2.494809    0.206916 
2.498813    0.207403 
2.502818    0.207889 
2.506822    0.208375 
2.510827    0.208861 
2.514831    0.209346 
2.518836    0.209832 
2.522840    0.210317 
2.526845    0.210803 
2.530849    0.211288 
2.534854    0.211773 
2.538858    0.212257 
2.542863    0.212742 
2.546867    0.213226 
2.550872    0.213711 
2.554876    0.214195 
2.558881    0.214678 
2.562885    0.215162 
2.566890    0.215646 
2.570894    0.216129 
2.574899    0.216612 
2.578903    0.217095 
2.582908    0.217578 
2.586912    0.218061 
2.590917    0.218543 
2.594921    0.219025 
2.598926    0.219508 
2.602930    0.219989 
2.606935    0.220471 
2.610939    0.220953 
2.614944    0.221434 
2.618948    0.221915 
2.622953    0.222396 
2.626957    0.222877 
2.630962    0.223358 
2.634966    0.223838 
2.638971    0.224318 
2.642975    0.224798 
2.646980    0.225278 
2.650984    0.225758 
2.654989    0.226237 
2.658993    0.226716 
2.662998    0.227195 
2.667002    0.227674 
2.671007    0.228153 
2.675011    0.228631 
2.679016    0.229110 
2.683020    0.229588 
2.687025    0.230066 
2.691029    0.230543 
2.695034    0.231021 
2.699038    0.231498 
2.703043    0.231975 
2.707047    0.232452 
2.711052    0.232928 
2.715056    0.233405 
2.719061    0.233881 
2.723065    0.234357 
2.727070    0.234833 
2.731074    0.235309 
2.735079    0.235784 
2.739084    0.236259 
2.743088    0.236734 
2.747093    0.237209 
2.751097    0.237683 
2.755102    0.238158 
2.759106    0.238632 
2.763111    0.239106 
2.767115    0.239579 
2.771120    0.240053 
2.775124    0.240526 
2.779129    0.240999 
2.783133    0.241472 
2.787138    0.241945 
2.791142    0.242417 
2.795147    0.242889 
2.799151    0.243361 
2.803156    0.243833 
2.807160    0.244304 
2.811165    0.244776 
2.815169    0.245247 
2.819174    0.245718 
2.823178    0.246188 
2.827183    0.246659 
2.831187    0.247129 
2.835192    0.247599 
2.839196    0.248068 
2.843201    0.248538 
2.847205    0.249007 
2.851210    0.249476 
2.855214    0.249945 
2.859219    0.250414 
2.863223    0.250882 
2.867228    0.251350 
2.871232    0.251818 
2.875237    0.252286 
2.879241    0.252753 
2.883246    0.253220 
2.887250    0.253687 
2.891255    0.254154 
2.895259    0.254620 
2.899264    0.255087 
2.903268    0.255553 
2.907273    0.256018 
2.911277    0.256484 
2.915282    0.256949 
2.919286    0.257414 
2.923291    0.257879 
2.927295    0.258344 
2.931300    0.258808 
2.935304    0.259272 
2.939309    0.259736 
2.943313    0.260200 
2.947318    0.260663 
2.951322    0.261126 
2.955327    0.261589 
2.959331    0.262052 
2.963336    0.262514 
2.967340    0.262976 
2.971345    0.263438 
2.975349    0.263900 
2.979354    0.264362 
2.983359    0.264823 
2.987363    0.265284 
2.991368    0.265744 
2.995372    0.266205 
2.999377    0.266665 
3.003381    0.267125 
3.007386    0.267585 
3.011390    0.268044 
3.015395    0.268503 
3.019399    0.268962 
3.023404    0.269421 
3.027408    0.269879 
3.031413    0.270338 
3.035417    0.270796 
3.039422    0.271253 
3.043426    0.271711 
3.047431    0.272168 
3.051435    0.272625 
3.055440    0.273082 
3.059444    0.273538 
3.063449    0.273994 
3.067453    0.274450 
3.071458    0.274906 
3.075462    0.275361 
3.079467    0.275816 
3.083471    0.276271 
3.087476    0.276726 
3.091480    0.277180 
3.095485    0.277634 
3.099489    0.278088 
3.103494    0.278542 
3.107498    0.278995 
3.111503    0.279448 
3.115507    0.279901 
3.119512    0.280354 
3.123516    0.280806 
3.127521    0.281258 
3.131525    0.281710 
3.135530    0.282161 
3.139534    0.282613 
3.143539    0.283064 
3.147543    0.283514 
3.151548    0.283965 
3.155552    0.284415 
3.159557    0.284865 
3.163561    0.285315 
3.167566    0.285764 
3.171570    0.286213 
3.175575    0.286662 
3.179579    0.287111 
3.183584    0.287559 
3.187588    0.288007 
3.191593    0.288455 
3.195597    0.288903 
3.199602    0.289350 
3.203606    0.289797 
3.207611    0.290244 
3.211615    0.290690 
3.215620    0.291136 
3.219624    0.291582 
3.223629    0.292028 
3.227633    0.292473 
3.231638    0.292918 
3.235643    0.293363 
3.239647    0.293808 
3.243652    0.294252 
3.247656    0.294696 
3.251661    0.295140 
3.255665    0.295583 
3.259670    0.296027 
3.263674    0.296470 
3.267679    0.296912 
3.271683    0.297355 
3.275688    0.297797 
3.279692    0.298239 
3.283697    0.298680 
3.287701    0.299122 
3.291706    0.299563 
3.295710    0.300004 
3.299715    0.300444 
3.303719    0.300884 
3.307724    0.301324 
3.311728    0.301764 
3.315733    0.302203 
3.319737    0.302642 
3.323742    0.303081 
3.327746    0.303520 
3.331751    0.303958 
3.335755    0.304396 
3.339760    0.304834 
3.343764    0.305271 
3.347769    0.305708 
3.351773    0.306145 
3.355778    0.306582 
3.359782    0.307018 
3.363787    0.307454 
3.367791    0.307890 
3.371796    0.308326 
3.375800    0.308761 
3.379805    0.309196 
3.383809    0.309630 
3.387814    0.310065 
3.391818    0.310499 
3.395823    0.310933 
3.399827    0.311366 
3.403832    0.311799 
3.407836    0.312232 
3.411841    0.312665 
3.415845    0.313097 
3.419850    0.313530 
3.423854    0.313961 
3.427859    0.314393 
3.431863    0.314824 
3.435868    0.315255 
3.439872    0.315686 
3.443877    0.316116 
3.447881    0.316547 
3.451886    0.316976 
3.455890    0.317406 
3.459895    0.317835 
3.463899    0.318264 
3.467904    0.318693 
3.471908    0.319121 
3.475913    0.319550 
3.479918    0.319977 
3.483922    0.320405 
3.487927    0.320832 
3.491931    0.321259 
3.495936    0.321686 
3.499940    0.322112 
3.503945    0.322539 
3.507949    0.322965 
3.511954    0.323390 
3.515958    0.323815 
3.519963    0.324240 
3.523967    0.324665 
3.527972    0.325090 
3.531976    0.325514 
3.535981    0.325938 
3.539985    0.326361 
3.543990    0.326784 
3.547994    0.327207 
3.551999    0.327630 
3.556003    0.328053 
3.560008    0.328475 
3.564012    0.328896 
3.568017    0.329318 
3.572021    0.329739 
3.576026    0.330160 
3.580030    0.330581 
3.584035    0.331001 
3.588039    0.331421 
3.592044    0.331841 
3.596048    0.332261 
3.600053    0.332680 
3.604057    0.333099 
3.608062    0.333518 
3.612066    0.333936 
3.616071    0.334354 
3.620075    0.334772 
3.624080    0.335189 
3.628084    0.335607 
3.632089    0.336023 
3.636093    0.336440 
3.640098    0.336856 
3.644102    0.337272 
3.648107    0.337688 
3.652111    0.338104 
3.656116    0.338519 
3.660120    0.338934 
3.664125    0.339348 
3.668129    0.339763 
3.672134    0.340177 
3.676138    0.340590 
3.680143    0.341004 
3.684147    0.341417 
3.688152    0.341830 
3.692156    0.342242 
3.696161    0.342655 
3.700165    0.343066 
3.704170    0.343478 
3.708174    0.343890 
3.712179    0.344301 
3.716183    0.344711 
3.720188    0.345122 
3.724192    0.345532 
3.728197    0.345942 
3.732202    0.346352 
3.736206    0.346761 
3.740211    0.347170 
3.744215    0.347579 
3.748220    0.347987 
3.752224    0.348395 
3.756229    0.348803 
3.760233    0.349211 
3.764238    0.349618 
3.768242    0.350025 
3.772247    0.350432 
3.776251    0.350838 
3.780256    0.351244 
3.784260    0.351650 
3.788265    0.352055 
3.792269    0.352461 
3.796274    0.352865 
3.800278    0.353270 
3.804283    0.353674 
3.808287    0.354078 
3.812292    0.354482 
3.816296    0.354886 
3.820301    0.355289 
3.824305    0.355692 
3.828310    0.356094 
3.832314    0.356496 
3.836319    0.356898 
3.840323    0.357300 
3.844328    0.357701 
3.848332    0.358103 
3.852337    0.358503 
3.856341    0.358904 
3.860346    0.359304 
3.864350    0.359704 
3.868355    0.360104 
3.872359    0.360503 
3.876364    0.360902 
3.880368    0.361301 
3.884373    0.361699 
3.888377    0.362097 
3.892382    0.362495 
3.896386    0.362893 
3.900391    0.363290 
3.904395    0.363687 
3.908400    0.364083 
3.912404    0.364480 
3.916409    0.364876 
3.920413    0.365272 
3.924418    0.365667 
3.928422    0.366062 
3.932427    0.366457 
3.936431    0.366852 
3.940436    0.367246 
3.944440    0.367640 
3.948445    0.368034 
3.952449    0.368427 
3.956454    0.368820 
3.960458    0.369213 
3.964463    0.369606 
3.968467    0.369998 
3.972472    0.370390 
3.976477    0.370781 
3.980481    0.371173 
3.984486    0.371564 
3.988490    0.371955 
3.992495    0.372345 
3.996499    0.372735 
4.000504    0.373125 
4.004508    0.373515 
4.008513    0.373904 
4.012517    0.374293 
4.016522    0.374682 
4.020526    0.375070 
4.024531    0.375458 
4.028535    0.375846 
4.032540    0.376233 
4.036544    0.376621 
4.040549    0.377007 
4.044553    0.377394 
4.048558    0.377780 
4.052562    0.378166 
4.056567    0.378552 
4.060571    0.378938 
4.064576    0.379323 
4.068580    0.379707 
4.072585    0.380092 
4.076589    0.380476 
4.080594    0.380860 
4.084598    0.381244 
4.088603    0.381627 
4.092607    0.382010 
4.096612    0.382393 
4.100616    0.382776 
4.104621    0.383158 
4.108625    0.383540 
4.112630    0.383921 
4.116634    0.384303 
4.120639    0.384684 
4.124643    0.385064 
4.128648    0.385445 
4.132652    0.385825 
4.136657    0.386205 
4.140661    0.386584 
4.144666    0.386963 
4.148670    0.387342 
4.152675    0.387721 
4.156679    0.388099 
4.160684    0.388477 
4.164688    0.388855 
4.168693    0.389233 
4.172697    0.389610 
4.176702    0.389987 
4.180706    0.390363 
4.184711    0.390739 
4.188715    0.391115 
4.192720    0.391491 
4.196724    0.391867 
4.200729    0.392242 
4.204733    0.392616 
4.208738    0.392991 
4.212742    0.393365 
4.216747    0.393739 
4.220751    0.394113 
4.224756    0.394486 
4.228761    0.394859 
4.232765    0.395232 
4.236770    0.395604 
4.240774    0.395977 
4.244779    0.396348 
4.248783    0.396720 
4.252788    0.397093 
4.256792    0.398206 
4.260797    0.403368 
4.264801    0.412720 
4.268806    0.423784 
4.272810    0.434697 
4.276815    0.444576 
4.280819    0.453184 
4.284824    0.460577 
4.288828    0.466915 
4.292833    0.472371 
4.296837    0.477099 
4.300842    0.481228 
4.304846    0.484864 
4.308851    0.488090 
4.312855    0.490974 
4.316860    0.493570 
4.320864    0.495922 
4.324869    0.498066 
4.328873    0.500030 
4.332878    0.501839 
4.336882    0.503512 
4.340887    0.505066 
4.344891    0.506517 
4.348896    0.507874 
4.352900    0.509149 
4.356905    0.510351 
4.360909    0.511486 
4.364914    0.512562 
4.368918    0.513584 
4.372923    0.514556 
4.376927    0.515485 
4.380932    0.516373 
4.384936    0.517223 
4.388941    0.518039 
4.392945    0.518824 
4.396950    0.519580 
4.400954    0.520309 
4.404959    0.521013 
4.408963    0.521694 
4.412968    0.522353 
4.416972    0.522992 
4.420977    0.523612 
4.424981    0.524215 
4.428986    0.524801 
4.432990    0.525372 
4.436995    0.525928 
4.440999    0.526471 
4.445004    0.527000 
4.449008    0.527518 
4.453013    0.528023 
4.457017    0.528518 
4.461022    0.529003 
4.465026    0.529478 
4.469031    0.529943 
4.473036    0.530400 
4.477040    0.530848 
4.481045    0.531288 
4.485049    0.531721 
4.489054    0.532146 
4.493058    0.532564 
4.497063    0.532975 
4.501067    0.533380 
4.505072    0.533779 
4.509076    0.534173 
4.513081    0.534560 
4.517085    0.534942 
4.521090    0.535319 
4.525094    0.535691 
4.529099    0.536058 
4.533103    0.536421 
4.537108    0.536779 
4.541112    0.537132 
4.545117    0.537482 
4.549121    0.537828 
4.553126    0.538170 
4.557130    0.538508 
4.561135    0.538842 
4.565139    0.539173 
4.569144    0.539501 
4.573148    0.539825 
4.577153    0.540147 
4.581157    0.540465 
4.585162    0.540780 
4.589166    0.541093 
4.593171    0.541402 
4.597175    0.541709 
4.601180    0.542014 
4.605184    0.542315 
4.609189    0.542615 
4.613193    0.542912 
4.617198    0.543206 
4.621202    0.543498 
4.625207    0.543789 
4.629211    0.544077 
4.633216    0.544362 
4.637220    0.544646 
4.641225    0.544928 
4.645229    0.545208 
4.649234    0.545486 
4.653238    0.545762 
4.657243    0.546036 
4.661247    0.546309 
4.665252    0.546580 
4.669256    0.546849 
4.673261    0.547117 
4.677265    0.547383 
4.681270    0.547647 
4.685274    0.547910 
4.689279    0.548171 
4.693283    0.548431 
4.697288    0.548689 
4.701292    0.548946 
4.705297    0.549202 
4.709301    0.549456 
4.713306    0.549710 
4.717310    0.549961 
4.721315    0.550212 
4.725320    0.550461 
4.729324    0.550709 
4.733329    0.550956 
4.737333    0.551201 
4.741338    0.551446 
4.745342    0.551689 
4.749347    0.551931 
4.753351    0.552173 
4.757356    0.552413 
4.761360    0.552652 
4.765365    0.552890 
4.769369    0.553127 
4.773374    0.553363 
4.777378    0.553598 
4.781383    0.553832 
4.785387    0.554065 
4.789392    0.554297 
4.793396    0.554528 
4.797401    0.554759 
4.801405    0.554988 
4.805410    0.555217 
4.809414    0.555445 
4.813419    0.555672 
4.817423    0.555898 
4.821428    0.556123 
4.825432    0.556348 
4.829437    0.556571 
4.833441    0.556794 
4.837446    0.557016 
4.841450    0.557238 
4.845455    0.557458 
4.849459    0.557678 
4.853464    0.557897 
4.857468    0.558116 
4.861473    0.558333 
4.865477    0.558550 
4.869482    0.558767 
4.873486    0.558982 
4.877491    0.559197 
4.881495    0.559412 
4.885500    0.559625 
4.889504    0.559838 
4.893509    0.560051 
4.897513    0.560263 
4.901518    0.560474 
4.905522    0.560684 
4.909527    0.560894 
4.913531    0.561104 
4.917536    0.561312 
4.921540    0.561520 
4.925545    0.561728 
4.929549    0.561935 
4.933554    0.562141 
4.937558    0.562347 
4.941563    0.562553 
4.945567    0.562757 
4.949572    0.562962 
4.953576    0.563165 
4.957581    0.563369 
4.961585    0.563571 
4.965590    0.563773 
4.969595    0.563975 
4.973599    0.564176 
4.977604    0.564377 
4.981608    0.564577 
4.985613    0.564777 
4.989617    0.564976 
4.993622    0.565175 
4.997626    0.565373 
5.001631    0.565571 
5.005635    0.565768 
5.009640    0.565965 
5.013644    0.566161 
5.017649    0.566357 
5.021653    0.566552 
5.025658    0.566747 
5.029662    0.566942 
5.033667    0.567136 
5.037671    0.567330 
5.041676    0.567523 
5.045680    0.567716 
5.049685    0.567908 
5.053689    0.568101 
5.057694    0.568292 
5.061698    0.568483 
5.065703    0.568674 
5.069707    0.568865 
5.073712    0.569055 
5.077716    0.569244 
5.081721    0.569433 
5.085725    0.569622 
5.089730    0.569811 
5.093734    0.569999 
5.097739    0.570187 
5.101743    0.570374 
5.105748    0.570561 
5.109752    0.570747 
5.113757    0.570934 
5.117761    0.571119 
5.121766    0.571305 
5.125770    0.571490 
5.129775    0.571675 
5.133779    0.571859 
5.137784    0.572043 
5.141788    0.572227 
5.145793    0.572410 
5.149797    0.572594 
5.153802    0.572776 
5.157806    0.572959 
5.161811    0.573141 
5.165815    0.573322 
5.169820    0.573504 
5.173824    0.573685 
5.177829    0.573865 
5.181833    0.574046 
5.185838    0.574226 
5.189842    0.574406 
5.193847    0.574585 
5.197851    0.574764 
5.201856    0.574943 
5.205860    0.575122 
5.209865    0.575300 
5.213869    0.575478 
5.217874    0.575655 
5.221879    0.575833 
5.225883    0.576010 
5.229888    0.576186 
5.233892    0.576363 
5.237897    0.576539 
5.241901    0.576715 
5.245906    0.576890 
5.249910    0.577065 
5.253915    0.577240 
5.257919    0.577415 
5.261924    0.577589 
5.265928    0.577763 
5.269933    0.577937 
5.273937    0.578111 
5.277942    0.578284 
5.281946    0.578457 
5.285951    0.578630 
5.289955    0.578802 
5.293960    0.578974 
5.297964    0.579146 
5.301969    0.579318 
5.305973    0.579489 
5.309978    0.579660 
5.313982    0.579831 
5.317987    0.580002 
5.321991    0.580172 
5.325996    0.580342 
5.330000    0.580512 
5.334005    0.580681 
5.338009    0.580851 
5.342014    0.581020 
5.346018    0.581189 
5.350023    0.581357 
5.354027    0.581525 
5.358032    0.581693 
5.362036    0.581861 
5.366041    0.582029 
5.370045    0.582196 
5.374050    0.582363 
5.378054    0.582530 
5.382059    0.582696 
5.386063    0.582863 
5.390068    0.583029 
5.394072    0.583195 
5.398077    0.583360 
5.402081    0.583526 
5.406086    0.583691 
5.410090    0.583856 
5.414095    0.584021 
5.418099    0.584185 
5.422104    0.584349 
5.426108    0.584513 
5.430113    0.584677 
5.434117    0.584841 
5.438122    0.585004 
5.442126    0.585167 
5.446131    0.585330 
5.450135    0.585493 
5.454140    0.585655 
5.458144    0.585817 
5.462149    0.585979 
5.466154    0.586141 
5.470158    0.586303 
5.474163    0.586464 
5.478167    0.586625 
5.482172    0.586786 
5.486176    0.586947 
5.490181    0.587107 
5.494185    0.587268 
5.498190    0.587428 
5.502194    0.587588 
5.506199    0.587747 
5.510203    0.587907 
5.514208    0.588066 
5.518212    0.588225 
5.522217    0.588384 
5.526221    0.588542 
5.530226    0.588701 
5.534230    0.588859 
5.538235    0.589017 
5.542239    0.589175 
5.546244    0.589333 
5.550248    0.589490 
5.554253    0.589647 
5.558257    0.589804 
5.562262    0.589961 
5.566266    0.590118 
5.570271    0.590274 
5.574275    0.590430 
5.578280    0.590587 
5.582284    0.590742 
5.586289    0.590898 
5.590293    0.591054 
5.594298    0.591209 
5.598302    0.591364 
5.602307    0.591519 
5.606311    0.591674 
5.610316    0.591828 
5.614320    0.591982 
5.618325    0.592137 
5.622329    0.592290 
5.626334    0.592444 
5.630338    0.592598 
5.634343    0.592751 
5.638347    0.592905 
5.642352    0.593058 
5.646356    0.593210 
5.650361    0.593363 
5.654365    0.593516 
5.658370    0.593668 
5.662374    0.593820 
5.666379    0.593972 
5.670383    0.594124 
5.674388    0.594275 
5.678392    0.594427 
5.682397    0.594578 
5.686401    0.594729 
5.690406    0.594880 
5.694410    0.595031 
5.698415    0.595181 
5.702419    0.595332 
5.706424    0.595482 
5.710428    0.595632 
5.714433    0.595782 
5.718438    0.595931 
5.722442    0.596081 
5.726447    0.596230 
5.730451    0.596380 
5.734456    0.596529 
5.738460    0.596677 
5.742465    0.596826 
5.746469    0.596975 
5.750474    0.597123 
5.754478    0.597271 
5.758483    0.597419 
5.762487    0.597567 
5.766492    0.597715 
5.770496    0.597862 
5.774501    0.598009 
5.778505    0.598157 
5.782510    0.598304 
5.786514    0.598450 
5.790519    0.598597 
5.794523    0.598744 
5.798528    0.598890 
5.802532    0.599036 
5.806537    0.599182 
5.810541    0.599328 
5.814546    0.599474 
5.818550    0.599619 
5.822555    0.599765 
5.826559    0.599910 
5.830564    0.600055 
5.834568    0.600200 
5.838573    0.600345 
5.842577    0.600490 
5.846582    0.600634 
5.850586    0.600778 
5.854591    0.600923 
5.858595    0.601067 
5.862600    0.601210 
5.866604    0.601354 
5.870609    0.601498 
5.874613    0.601641 
5.878618    0.601784 
5.882622    0.601927 
5.886627    0.602070 
5.890631    0.602213 
5.894636    0.602356 
5.898640    0.602498 
5.902645    0.602641 
5.906649    0.602783 
5.910654    0.602925 
5.914658    0.603067 
5.918663    0.603208 
5.922667    0.603350 
5.926672    0.603491 
5.930676    0.603633 
5.934681    0.603774 
5.938685    0.603915 
5.942690    0.604056 
5.946694    0.604197 
5.950699    0.604337 
5.954703    0.604478 
5.958708    0.604618 
5.962713    0.604758 
5.966717    0.604898 
5.970722    0.605038 
5.974726    0.605178 
5.978731    0.605317 
5.982735    0.605457 
5.986740    0.605596 
5.990744    0.605735 
5.994749    0.605874 
5.998753    0.606013 
6.002758    0.606152 
6.006762    0.606290 
6.010767    0.606429 
6.014771    0.606567 
6.018776    0.606705 
6.022780    0.606843 
6.026785    0.606981 
6.030789    0.607119 
6.034794    0.607256 
6.038798    0.607394 
6.042803    0.607531 
6.046807    0.607668 
6.050812    0.607806 
6.054816    0.607942 
6.058821    0.608079 
6.062825    0.608216 
6.066830    0.608352 
6.070834    0.608489 
6.074839    0.608625 
6.078843    0.608761 
6.082848    0.608897 
6.086852    0.609033 
6.090857    0.609169 
6.094861    0.609304 
6.098866    0.609440 
6.102870    0.609575 
6.106875    0.609710 
6.110879    0.609845 
6.114884    0.609980 
6.118888    0.610115 
6.122893    0.610250 
6.126897    0.610384 
6.130902    0.610519 
6.134906    0.610653 
6.138911    0.610787 
6.142915    0.610921 
6.146920    0.611055 
6.150924    0.611189 
6.154929    0.611323 
6.158933    0.611456 
6.162938    0.611590 
6.166942    0.611723 
6.170947    0.611856 
6.174951    0.611989 
6.178956    0.612122 
6.182960    0.612255 
6.186965    0.612387 
6.190969    0.612520 
6.194974    0.612652 
6.198978    0.612784 
6.202983    0.612917 
6.206987    0.613049 
6.210992    0.613180 
6.214997    0.613312 
6.219001    0.613444 
6.223006    0.613575 
6.227010    0.613707 
6.231015    0.613838 
6.235019    0.613969 
6.239024    0.614100 
6.243028    0.614231 
6.247033    0.614362 
6.251037    0.614492 
6.255042    0.614623 
6.259046    0.614753 
6.263051    0.614884 
6.267055    0.615014 
6.271060    0.615144 
6.275064    0.615274 
6.279069    0.615404 
6.283073    0.615533 
6.287078    0.615663 
6.291082    0.615792 
6.295087    0.615922 
6.299091    0.616051 
6.303096    0.616180 
6.307100    0.616309 
6.311105    0.616438 
6.315109    0.616567 
6.319114    0.616695 
6.323118    0.616824 
6.327123    0.616952 
6.331127    0.617080 
6.335132    0.617209 
6.339136    0.617337 
6.343141    0.617465 
6.347145    0.617592 
6.351150    0.617720 
6.355154    0.617848 
6.359159    0.617975 
6.363163    0.618102 
6.367168    0.618230 
6.371172    0.618357 
6.375177    0.618484 
6.379181    0.618611 
6.383186    0.618737 
6.387190    0.618864 
6.391195    0.618991 
6.395199    0.619117 
6.399204    0.619243 
6.403208    0.619370 
6.407213    0.619496 
6.411217    0.619622 
6.415222    0.619748 
6.419226    0.619873 
6.423231    0.619999 
6.427235    0.620125 
6.431240    0.620250 
6.435244    0.620375 
6.439249    0.620501 
6.443253    0.620626 
6.447258    0.620751 
6.451262    0.620876 
6.455267    0.621000 
6.459272    0.621125 
6.463276    0.621249 
6.467281    0.621374 
6.471285    0.621498 
6.475290    0.621622 
6.479294    0.621747 
6.483299    0.621871 
6.487303    0.621995 
6.491308    0.622118 
6.495312    0.622242 
6.499317    0.622366 
6.503321    0.622489 
6.507326    0.622612 
6.511330    0.622736 
6.515335    0.622859 
6.519339    0.622982 
6.523344    0.623105 
6.527348    0.623228 
6.531353    0.623350 
6.535357    0.623473 
6.539362    0.623595 
6.543366    0.623718 
6.547371    0.623840 
6.551375    0.623962 
6.555380    0.624084 
6.559384    0.624206 
6.563389    0.624328 
6.567393    0.624450 
6.571398    0.624572 
6.575402    0.624693 
6.579407    0.624815 
6.583411    0.624936 
6.587416    0.625057 
6.591420    0.625178 
6.595425    0.625299 
6.599429    0.625420 
6.603434    0.625541 
6.607438    0.625662 
6.611443    0.625783 
6.615447    0.625903 
6.619452    0.626024 
6.623456    0.626144 
6.627461    0.626264 
6.631465    0.626384 
6.635470    0.626504 
6.639474    0.626624 
6.643479    0.626744 
6.647483    0.626864 
6.651488    0.626983 
6.655492    0.627103 
6.659497    0.627222 
6.663501    0.627342 
6.667506    0.627461 
6.671510    0.627580 
6.675515    0.627699 
6.679519    0.627818 
6.683524    0.627937 
6.687528    0.628055 
6.691533    0.628174 
6.695537    0.628293 
6.699542    0.628411 
6.703546    0.628529 
6.707551    0.628648 
6.711556    0.628766 
6.715560    0.628884 
6.719565    0.629002 
6.723569    0.629120 
6.727574    0.629237 
6.731578    0.629355 
6.735583    0.629472 
6.739587    0.629590 
6.743592    0.629707 
6.747596    0.629825 
6.751601    0.629942 
6.755605    0.630059 
6.759610    0.630176 
6.763614    0.630293 
6.767619    0.630409 
6.771623    0.630526 
6.775628    0.630643 
6.779632    0.630759 
6.783637    0.630875 
6.787641    0.630992 
6.791646    0.631108 
6.795650    0.631224 
6.799655    0.631340 
6.803659    0.631456 
6.807664    0.631572 
6.811668    0.631688 
6.815673    0.631803 
6.819677    0.631919 
6.823682    0.632034 
6.827686    0.632150 
6.831691    0.632265 
6.835695    0.632380 
6.839700    0.632495 
6.843704    0.632610 
6.847709    0.632725 
6.851713    0.632840 
6.855718    0.632954 
6.859722    0.633069 
6.863727    0.633183 
6.867731    0.633298 
6.871736    0.633412 
6.875740    0.633526 
6.879745    0.633641 
6.883749    0.633755 
6.887754    0.633869 
6.891758    0.633983 
6.895763    0.634096 
6.899767    0.634210 
6.903772    0.634324 
6.907776    0.634437 
6.911781    0.634551 
6.915785    0.634664 
6.919790    0.634777 
6.923794    0.634890 
6.927799    0.635003 
6.931803    0.635116 
6.935808    0.635229 
6.939812    0.635342 
6.943817    0.635455 
6.947821    0.635567 
6.951826    0.635680 
6.955831    0.635792 
6.959835    0.635905 
6.963840    0.636017 
6.967844    0.636129 
6.971849    0.636241 
6.975853    0.636353 
6.979858    0.636465 
6.983862    0.636577 
6.987867    0.636688 
6.991871    0.636800 
6.995876    0.636912 
6.999880    0.637023 
7.003885    0.637134 
7.007889    0.637246 
7.011894    0.637357 
7.015898    0.637468 
7.019903    0.637579 
7.023907    0.637690 
7.027912    0.637801 
7.031916    0.637912 
7.035921    0.638022 
7.039925    0.638133 
7.043930    0.638243 
7.047934    0.638354 
7.051939    0.638464 
7.055943    0.638574 
7.059948    0.638685 
7.063952    0.638795 
7.067957    0.638905 
7.071961    0.639014 
7.075966    0.639124 
7.079970    0.639234 
7.083975    0.639344 
7.087979    0.639453 
7.091984    0.639563 
7.095988    0.639672 
7.099993    0.639781 
7.103997    0.639891 
7.108002    0.640000 
7.112006    0.640109 
7.116011    0.640218 
7.120015    0.640327 
7.124020    0.640435 
7.128024    0.640544 
7.132029    0.640653 
7.136033    0.640761 
7.140038    0.640870 
7.144042    0.640978 
7.148047    0.641087 
7.152051    0.641195 
7.156056    0.641303 
7.160060    0.641411 
7.164065    0.641519 
7.168069    0.641627 
7.172074    0.641735 
7.176078    0.641842 
7.180083    0.641950 
7.184087    0.642058 
7.188092    0.642165 
7.192096    0.642272 
7.196101    0.642380 
7.200105    0.642487 
7.204110    0.642594 
7.208115    0.642701 
7.212119    0.642808 
7.216124    0.642915 
7.220128    0.643022 
7.224133    0.643129 
7.228137    0.643235 
7.232142    0.643342 
7.236146    0.643448 
7.240151    0.643555 
7.244155    0.643661 
7.248160    0.643768 
7.252164    0.643874 
7.256169    0.643980 
7.260173    0.644086 
7.264178    0.644192 
7.268182    0.644298 
7.272187    0.644403 
7.276191    0.644509 
7.280196    0.644615 
7.284200    0.644720 
7.288205    0.644826 
7.292209    0.644931 
7.296214    0.645036 
7.300218    0.645142 
7.304223    0.645247 
7.308227    0.645352 
7.312232    0.645457 
7.316236    0.645562 
7.320241    0.645667 
7.324245    0.645771 
7.328250    0.645876 
7.332254    0.645981 
7.336259    0.646085 
7.340263    0.646190 
7.344268    0.646294 
7.348272    0.646398 
7.352277    0.646503 
7.356281    0.646607 
7.360286    0.646711 
7.364290    0.646815 
7.368295    0.646919 
7.372299    0.647023 
7.376304    0.647126 
7.380308    0.647230 
7.384313    0.647334 
7.388317    0.647437 
7.392322    0.647541 
7.396326    0.647644 
7.400331    0.647747 
7.404335    0.647850 
7.408340    0.647954 
7.412344    0.648057 
7.416349    0.648160 
7.420353    0.648263 
7.424358    0.648365 
7.428362    0.648468 
7.432367    0.648571 
7.436371    0.648674 
7.440376    0.648776 
7.444380    0.648879 
7.448385    0.648981 
7.452390    0.649083 
7.456394    0.649185 
7.460399    0.649288 
7.464403    0.649390 
7.468408    0.649492 
7.472412    0.649594 
7.476417    0.649696 
7.480421    0.649797 
7.484426    0.649899 
7.488430    0.650001 
7.492435    0.650102 
7.496439    0.650204 
7.500444    0.650305 
7.504448    0.650407 
7.508453    0.650508 
7.512457    0.650609 
7.516462    0.650710 
7.520466    0.650811 
7.524471    0.650912 
7.528475    0.651013 
7.532480    0.651114 
7.536484    0.651215 
7.540489    0.651315 
7.544493    0.651416 
7.548498    0.651517 
7.552502    0.651617 
7.556507    0.651718 
7.560511    0.651818 
7.564516    0.651918 
7.568520    0.652018 
7.572525    0.652118 
7.576529    0.652218 
7.580534    0.652318 
7.584538    0.652418 
7.588543    0.652518 
7.592547    0.652618 
7.596552    0.652718 
7.600556    0.652817 
7.604561    0.652917 
7.608565    0.653016 
7.612570    0.653116 
7.616574    0.653215 
7.620579    0.653314 
7.624583    0.653413 
7.628588    0.653513 
7.632592    0.653612 
7.636597    0.653711 
7.640601    0.653809 
7.644606    0.653908 
7.648610    0.654007 
7.652615    0.654106 
7.656619    0.654204 
7.660624    0.654303 
7.664628    0.654401 
7.668633    0.654500 
7.672637    0.654598 
7.676642    0.654696 
7.680646    0.654795 
7.684651    0.654893 
7.688655    0.654991 
7.692660    0.655089 
7.696664    0.655187 
7.700669    0.655285 
7.704674    0.655382 
7.708678    0.655480 
7.712683    0.655578 
7.716687    0.655675 
7.720692    0.655773 
7.724696    0.655870 
7.728701    0.655968 
7.732705    0.656065 
7.736710    0.656162 
7.740714    0.656259 
7.744719    0.656357 
7.748723    0.656454 
7.752728    0.656551 
7.756732    0.656647 
7.760737    0.656744 
7.764741    0.656841 
7.768746    0.656938 
7.772750    0.657034 
7.776755    0.657131 
7.780759    0.657227 
7.784764    0.657324 
7.788768    0.657420 
7.792773    0.657517 
7.796777    0.657613 
7.800782    0.657709 
7.804786    0.657805 
7.808791    0.657901 
7.812795    0.657997 
7.816800    0.658093 
7.820804    0.658189 
7.824809    0.658284 
7.828813    0.658380 
7.832818    0.658476 
7.836822    0.658571 
7.840827    0.658667 
7.844831    0.658762 
7.848836    0.658858 
7.852840    0.658953 
7.856845    0.659048 
7.860849    0.659143 
7.864854    0.659238 
7.868858    0.659333 
7.872863    0.659428 
7.876867    0.659523 
7.880872    0.659618 
7.884876    0.659713 
7.888881    0.659808 
7.892885    0.659902 
7.896890    0.659997 
7.900894    0.660091 
7.904899    0.660186 
7.908903    0.660280 
7.912908    0.660374 
7.916912    0.660469 
7.920917    0.660563 
7.924921    0.660657 
7.928926    0.660751 
7.932930    0.660845 
7.936935    0.660939 
7.940939    0.661033 
7.944944    0.661127 
7.948949    0.661220 
7.952953    0.661314 
7.956958    0.661408 
7.960962    0.661501 
7.964967    0.661595 
7.968971    0.661688 
7.972976    0.661781 
7.976980    0.661875 
7.980985    0.661968 
7.984989    0.662061 
7.988994    0.662154 
7.992998    0.662247 
7.997003    0.662340 
8.001007    0.662433 
8.005012    0.662526 
