0.004005   0.000000   
0.008009   0.000051   
0.012014   -0.000044   
0.016018   -0.000300   
0.020023   -0.000732   
0.024027   -0.001345   
0.028032   -0.002145   
0.032036   -0.003132   
0.036041   -0.004308   
0.040045   -0.005672   
0.044050   -0.007222   
0.048054   -0.008958   
0.052059   -0.010877   
0.056063   -0.012977   
0.060068   -0.015256   
0.064072   -0.017710   
0.068077   -0.020337   
0.072081   -0.023133   
0.076086   -0.026097   
0.080090   -0.029224   
0.084095   -0.032511   
0.088099   -0.035954   
0.092104   -0.039552   
0.096108   -0.043300   
0.100113   -0.047194   
0.104117   -0.051232   
0.108122   -0.055411   
0.112126   -0.059725   
0.116131   -0.064174   
0.120135   -0.068752   
0.124140   -0.073456   
0.128144   -0.078284   
0.132149   -0.083232   
0.136153   -0.088295   
0.140158   -0.093472   
0.144162   -0.098759   
0.148167   -0.104152   
0.152171   -0.109649   
0.156176   -0.115245   
0.160180   -0.120938   
0.164185   -0.126725   
0.168189   -0.132602   
0.172194   -0.138566   
0.176198   -0.144614   
0.180203   -0.150742   
0.184207   -0.156949   
0.188212   -0.163230   
0.192216   -0.169583   
0.196221   -0.176004   
0.200225   -0.182491   
0.204230   -0.189041   
0.208234   -0.195650   
0.212239   -0.202316   
0.216243   -0.209035   
0.220248   -0.215806   
0.224252   -0.222624   
0.228257   -0.229488   
0.232261   -0.236395   
0.236266   -0.243341   
0.240270   -0.250323   
0.244275   -0.257340   
0.248279   -0.264389   
0.252284   -0.271466   
0.256289   -0.278569   
0.260293   -0.285695   
0.264298   -0.292842   
0.268302   -0.300008   
0.272307   -0.307189   
0.276311   -0.314383   
0.280316   -0.321588   
0.284320   -0.328801   
0.288325   -0.336019   
0.292329   -0.343240   
0.296334   -0.350462   
0.300338   -0.357682   
0.304343   -0.364898   
0.308347   -0.372107   
0.312352   -0.379307   
0.316356   -0.386496   
0.320361   -0.393671   
0.324365   -0.400831   
0.328370   -0.407972   
0.332374   -0.415093   
0.336379   -0.422191   
0.340383   -0.429264   
0.344388   -0.436310   
0.348392   -0.443326   
0.352397   -0.450311   
0.356401   -0.457263   
0.360406   -0.464178   
0.364410   -0.471056   
0.368415   -0.477893   
0.372419   -0.484689   
0.376424   -0.491441   
0.380428   -0.498146   
0.384433   -0.504803   
0.388437   -0.511410   
0.392442   -0.517964   
0.396446   -0.524465   
0.400451   -0.530909   
0.404455   -0.537295   
0.408460   -0.543622   
0.412464   -0.549886   
0.416469   -0.556086   
0.420473   -0.562221   
0.424478   -0.568288   
0.428482   -0.574286   
0.432487   -0.580212   
0.436491   -0.586066   
0.440496   -0.591844   
0.444500   -0.597546   
0.448505   -0.603169   
0.452509   -0.608712   
0.456514   -0.614174   
0.460518   -0.619551   
0.464523   -0.624843   
0.468527   -0.630048   
0.472532   -0.635164   
0.476536   -0.640189   
0.480541   -0.645123   
0.484545   -0.649962   
0.488550   -0.654706   
0.492554   -0.659353   
0.496559   -0.663901   
0.500564   -0.668349   
0.504568   -0.672695   
0.508573   -0.676937   
0.512577   -0.681075   
0.516582   -0.685105   
0.520586   -0.689028   
0.524591   -0.692841   
0.528595   -0.696542   
0.532600   -0.700131   
0.536604   -0.703606   
0.540609   -0.706964   
0.544613   -0.710206   
0.548618   -0.713329   
0.552622   -0.716332   
0.556627   -0.719214   
0.560631   -0.721972   
0.564636   -0.724606   
0.568640   -0.727114   
0.572645   -0.729495   
0.576649   -0.731747   
0.580654   -0.733870   
0.584658   -0.735861   
0.588663   -0.737719   
0.592667   -0.739443   
0.596672   -0.741032   
0.600676   -0.742484   
0.604681   -0.743798   
0.608685   -0.744972   
0.612690   -0.746006   
0.616694   -0.746898   
0.620699   -0.747647   
0.624703   -0.748251   
0.628708   -0.748709   
0.632712   -0.749020   
0.636717   -0.749183   
0.640721   -0.749197   
0.644726   -0.749059   
0.648730   -0.748770   
0.652735   -0.748327   
0.656739   -0.747730   
0.660744   -0.746978   
0.664748   -0.746068   
0.668753   -0.745001   
0.672757   -0.743774   
0.676762   -0.742388   
0.680766   -0.740839   
0.684771   -0.739128   
0.688775   -0.737253   
0.692780   -0.735214   
0.696784   -0.733008   
0.700789   -0.730635   
0.704793   -0.728094   
0.708798   -0.725384   
0.712802   -0.722503   
0.716807   -0.719450   
0.720811   -0.716225   
0.724816   -0.712827   
0.728820   -0.709253   
0.732825   -0.705504   
0.736829   -0.701577   
0.740834   -0.697473   
0.744838   -0.693190   
0.748843   -0.688727   
0.752848   -0.684083   
0.756852   -0.679256   
0.760857   -0.674247   
0.764861   -0.669054   
0.768866   -0.663675   
0.772870   -0.658111   
0.776875   -0.652359   
0.780879   -0.646420   
0.784884   -0.640291   
0.788888   -0.633973   
0.792893   -0.627463   
0.796897   -0.620762   
0.800902   -0.613867   
0.804906   -0.606779   
0.808911   -0.599497   
0.812915   -0.592018   
0.816920   -0.584343   
0.820924   -0.576471   
0.824929   -0.568400   
0.828933   -0.560130   
0.832938   -0.551659   
0.836942   -0.542988   
0.840947   -0.534114   
0.844951   -0.525038   
0.848956   -0.515757   
0.852960   -0.506272   
0.856965   -0.496582   
0.860969   -0.486685   
0.864974   -0.476581   
0.868978   -0.466268   
0.872983   -0.455747   
0.876987   -0.445016   
0.880992   -0.434074   
0.884996   -0.422921   
0.889001   -0.411555   
0.893005   -0.399976   
0.897010   -0.388183   
0.901014   -0.376176   
0.905019   -0.363953   
0.909023   -0.351513   
0.913028   -0.338856   
0.917032   -0.325981   
0.921037   -0.312888   
0.925041   -0.299574   
0.929046   -0.286041   
0.933050   -0.272286   
0.937055   -0.258309   
0.941059   -0.244110   
0.945064   -0.229687   
0.949068   -0.215040   
0.953073   -0.200168   
0.957077   -0.185070   
0.961082   -0.169746   
0.965086   -0.154194   
0.969091   -0.138415   
0.973095   -0.122406   
0.977100   -0.106169   
0.981104   -0.089701   
0.985109   -0.073002   
0.989113   -0.056072   
0.993118   -0.038909   
0.997123   -0.021514   
1.001127   -0.003884   
1.005132   0.013979   
1.009136   0.032078   
1.013141   0.050413   
1.017145   0.068985   
1.021150   0.087793   
1.025154   0.106840   
1.029159   0.126125   
1.033163   0.145649   
1.037168   0.165413   
1.041172   0.185418   
1.045177   0.205664   
1.049181   0.226152   
1.053186   0.246883   
1.057190   0.267857   
1.061195   0.289074   
1.065199   0.310537   
1.069204   0.332244   
1.073208   0.354198   
1.077213   0.376397   
1.081217   0.398844   
1.085222   0.421539   
1.089226   0.444482   
1.093231   0.467674   
1.097235   0.491116   
1.101240   0.514807   
1.105244   0.538750   
1.109249   0.562944   
1.113253   0.587390   
1.117258   0.612089   
1.121262   0.637041   
1.125267   0.662247   
1.129271   0.687708   
1.133276   0.713423   
1.137280   0.739395   
1.141285   0.765622   
1.145289   0.792106   
1.149294   0.818848   
1.153298   0.845847   
1.157303   0.873106   
1.161307   0.900623   
1.165312   0.928400   
1.169316   0.956437   
1.173321   0.984735   
1.177325   1.013295   
1.181330   1.042116   
1.185334   1.071200   
1.189339   1.100547   
1.193343   1.130158   
1.197348   1.160032   
1.201352   1.190172   
1.205357   1.220576   
1.209361   1.251247   
1.213366   1.282183   
1.217370   1.313387   
1.221375   1.344858   
1.225379   1.376597   
1.229384   1.408604   
1.233388   1.440880   
1.237393   1.473426   
1.241397   1.506242   
1.245402   1.539328   
1.249407   1.572685   
1.253411   1.606314   
1.257416   1.640215   
1.261420   1.674388   
1.265425   1.708834   
1.269429   1.743554   
1.273434   1.778548   
1.277438   1.813817   
1.281443   1.849360   
1.285447   1.885179   
1.289452   1.921274   
1.293456   1.957646   
1.297461   1.994295   
1.301465   2.031221   
1.305470   2.068425   
1.309474   2.105907   
1.313479   2.143668   
1.317483   2.181709   
1.321488   2.220030   
1.325492   2.258630   
1.329497   2.297512   
1.333501   2.336675   
1.337506   2.376120   
1.341510   2.415846   
1.345515   2.455856   
1.349519   2.496148   
1.353524   2.536724   
1.357528   2.577585   
1.361533   2.618729   
1.365537   2.660158   
1.369542   2.701873   
1.373546   2.743874   
1.377551   2.786160   
1.381555   2.828734   
1.385560   2.871594   
1.389564   2.914742   
1.393569   2.958178   
1.397573   3.001903   
1.401578   3.045916   
1.405582   3.090218   
1.409587   3.134810   
1.413591   3.179693   
1.417596   3.224865   
1.421600   3.270329   
1.425605   3.316084   
1.429609   3.362131   
1.433614   3.408470   
1.437618   3.455102   
1.441623   3.502027   
1.445627   3.549245   
1.449632   3.596757   
1.453636   3.644563   
1.457641   3.692664   
1.461645   3.741060   
1.465650   3.789752   
1.469654   3.838739   
1.473659   3.888022   
1.477663   3.937603   
1.481668   3.987480   
1.485672   4.037654   
1.489677   4.088127   
1.493682   4.138898   
1.497686   4.189967   
1.501691   4.241335   
1.505695   4.293003   
1.509700   4.344970   
1.513704   4.397238   
1.517709   4.449806   
1.521713   4.502675   
1.525718   4.555845   
1.529722   4.609317   
1.533727   4.663091   
1.537731   4.717167   
1.541736   4.771546   
1.545740   4.826228   
1.549745   4.881213   
1.553749   4.936503   
1.557754   4.992096   
1.561758   5.047995   
1.565763   5.104198   
1.569767   5.160706   
1.573772   5.217520   
1.577776   5.274640   
1.581781   5.332066   
1.585785   5.389800   
1.589790   5.447840   
1.593794   5.506187   
1.597799   5.564843   
1.601803   5.623806   
1.605808   5.683078   
1.609812   5.742659   
1.613817   5.802549   
1.617821   5.862748   
1.621826   5.923257   
1.625830   5.984076   
1.629835   6.045206   
1.633839   6.106647   
1.637844   6.168398   
1.641848   6.230462   
1.645853   6.292837   
1.649857   6.355524   
1.653862   6.418524   
1.657866   6.481836   
1.661871   6.545462   
1.665875   6.609401   
1.669880   6.673654   
1.673884   6.738221   
1.677889   6.803103   
1.681893   6.868299   
1.685898   6.933810   
1.689902   6.999637   
1.693907   7.065779   
1.697911   7.132238   
1.701916   7.199013   
1.705920   7.266104   
1.709925   7.333512   
1.713929   7.401238   
1.717934   7.469281   
1.721938   7.537642   
1.725943   7.606322   
1.729947   7.675320   
1.733952   7.744636   
1.737956   7.814272   
1.741961   7.884227   
1.745966   7.954502   
1.749970   8.025097   
1.753975   8.096012   
1.757979   8.167247   
1.761984   8.238804   
1.765988   8.310682   
1.769993   8.382881   
1.773997   8.455402   
1.778002   8.528245   
1.782006   8.601411   
1.786011   8.674899   
1.790015   8.748710   
1.794020   8.822844   
1.798024   8.897302   
1.802029   8.972084   
1.806033   9.047189   
1.810038   9.122619   
1.814042   9.198374   
1.818047   9.274454   
1.822051   9.350858   
1.826056   9.427588   
1.830060   9.504644   
1.834065   9.582026   
1.838069   9.659735   
1.842074   9.737770   
1.846078   9.816131   
1.850083   9.894820   
1.854087   9.973836   
1.858092   10.053180   
1.862096   10.132852   
1.866101   10.212852   
1.870105   10.293181   
1.874110   10.373838   
1.878114   10.454824   
1.882119   10.536140   
1.886123   10.617785   
1.890128   10.699759   
1.894132   10.782064   
1.898137   10.864699   
1.902141   10.947665   
1.906146   11.030962   
1.910150   11.114589   
1.914155   11.198548   
1.918159   11.282839   
1.922164   11.367461   
1.926168   11.452416   
1.930173   11.537703   
1.934177   11.623322   
1.938182   11.709274   
1.942186   11.795560   
1.946191   11.882178   
1.950195   11.969131   
1.954200   12.056417   
1.958204   12.144037   
1.962209   12.231992   
1.966213   12.320281   
1.970218   12.408905   
1.974222   12.497864   
1.978227   12.587158   
1.982231   12.676788   
1.986236   12.766754   
1.990241   12.857056   
1.994245   12.947694   
1.998250   13.038669   
2.002254   13.129980   
2.006259   13.221628   
2.010263   13.313614   
2.014268   13.405936   
2.018272   13.498597   
2.022277   13.591596   
2.026281   13.684932   
2.030286   13.778607   
2.034290   13.872621   
2.038295   13.966973   
2.042299   14.061665   
2.046304   14.156696   
2.050308   14.252066   
2.054313   14.347776   
2.058317   14.443826   
2.062322   14.540216   
2.066326   14.636947   
2.070331   14.734018   
2.074335   14.831430   
2.078340   14.929183   
2.082344   15.027278   
2.086349   15.125714   
2.090353   15.224491   
2.094358   15.323611   
2.098362   15.423073   
2.102367   15.522877   
2.106371   15.623024   
2.110376   15.723513   
2.114380   15.824346   
2.118385   15.925522   
2.122389   16.027041   
2.126394   16.128904   
2.130398   16.231111   
2.134403   16.333662   
2.138407   16.436557   
2.142412   16.539797   
2.146416   16.643382   
2.150421   16.747311   
2.154425   16.851586   
2.158430   16.956206   
2.162434   17.061171   
2.166439   17.166482   
2.170443   17.272139   
2.174448   17.378143   
2.178452   17.484492   
2.182457   17.591188   
2.186461   17.698231   
2.190466   17.805621   
2.194470   17.913358   
2.198475   18.021443   
2.202479   18.129875   
2.206484   18.238654   
2.210488   18.347782   
2.214493   18.457258   
2.218497   18.567082   
2.222502   18.677255   
2.226506   18.787776   
2.230511   18.898646   
2.234515   19.009866   
2.238520   19.121435   
2.242525   19.233353   
2.246529   19.345621   
2.250534   19.458239   
2.254538   19.571207   
2.258543   19.684525   
2.262547   19.798193   
2.266552   19.912213   
2.270556   20.026583   
2.274561   20.141304   
2.278565   20.256376   
2.282570   20.371800   
2.286574   20.487575   
2.290579   20.603702   
2.294583   20.720181   
2.298588   20.837012   
2.302592   20.954195   
2.306597   21.071731   
2.310601   21.189619   
2.314606   21.307861   
2.318610   21.426455   
2.322615   21.545403   
2.326619   21.664703   
2.330624   21.784358   
2.334628   21.904366   
2.338633   22.024728   
2.342637   22.145444   
2.346642   22.266515   
2.350646   22.387940   
2.354651   22.509719   
2.358655   22.631853   
2.362660   22.754343   
2.366664   22.877187   
2.370669   23.000387   
2.374673   23.123942   
2.378678   23.247852   
2.382682   23.372119   
2.386687   23.496742   
2.390691   23.621720   
2.394696   23.747055   
2.398700   23.872747   
2.402705   23.998795   
2.406709   24.125200   
2.410714   24.251962   
2.414718   24.379081   
2.418723   24.506558   
2.422727   24.634392   
2.426732   24.762583   
2.430736   24.891133   
2.434741   25.020040   
2.438745   25.149306   
2.442750   25.278929   
2.446754   25.408912   
2.450759   25.539253   
2.454763   25.669952   
2.458768   25.801011   
2.462772   25.932429   
2.466777   26.064206   
2.470781   26.196342   
2.474786   26.328838   
2.478790   26.461694   
2.482795   26.594909   
2.486800   26.728485   
2.490804   26.862421   
2.494809   26.996717   
2.498813   27.131374   
2.502818   27.266391   
2.506822   27.401769   
2.510827   27.537509   
2.514831   27.673609   
2.518836   27.810071   
2.522840   27.946894   
2.526845   28.084078   
2.530849   28.221624   
2.534854   28.359533   
2.538858   28.497803   
2.542863   28.636435   
2.546867   28.775430   
2.550872   28.914787   
2.554876   29.054507   
2.558881   29.194590   
2.562885   29.335035   
2.566890   29.475844   
2.570894   29.617016   
2.574899   29.758551   
2.578903   29.900449   
2.582908   30.042712   
2.586912   30.185338   
2.590917   30.328328   
2.594921   30.471682   
2.598926   30.615400   
2.602930   30.759483   
2.606935   30.903930   
2.610939   31.048742   
2.614944   31.193918   
2.618948   31.339460   
2.622953   31.485367   
2.626957   31.631638   
2.630962   31.778275   
2.634966   31.925278   
2.638971   32.072646   
2.642975   32.220380   
2.646980   32.368480   
2.650984   32.516946   
2.654989   32.665778   
2.658993   32.814976   
2.662998   32.964541   
2.667002   33.114472   
2.671007   33.264770   
2.675011   33.415435   
2.679016   33.566467   
2.683020   33.717866   
2.687025   33.869632   
2.691029   34.021765   
2.695034   34.174266   
2.699038   34.327135   
2.703043   34.480371   
2.707047   34.633976   
2.711052   34.787948   
2.715056   34.942288   
2.719061   35.096997   
2.723065   35.252074   
2.727070   35.407520   
2.731074   35.563334   
2.735079   35.719517   
2.739084   35.876069   
2.743088   36.032990   
2.747093   36.190280   
2.751097   36.347940   
2.755102   36.505969   
2.759106   36.664367   
2.763111   36.823136   
2.767115   36.982274   
2.771120   37.141781   
2.775124   37.301659   
2.779129   37.461907   
2.783133   37.622526   
2.787138   37.783514   
2.791142   37.944874   
2.795147   38.106604   
2.799151   38.268704   
2.803156   38.431176   
2.807160   38.594019   
2.811165   38.757232   
2.815169   38.920817   
2.819174   39.084774   
2.823178   39.249102   
2.827183   39.413801   
2.831187   39.578872   
2.835192   39.744315   
2.839196   39.910130   
2.843201   40.076317   
2.847205   40.242876   
2.851210   40.409808   
2.855214   40.577112   
2.859219   40.744788   
2.863223   40.912838   
2.867228   41.081260   
2.871232   41.250054   
2.875237   41.419222   
2.879241   41.588763   
2.883246   41.758677   
2.887250   41.928965   
2.891255   42.099626   
2.895259   42.270660   
2.899264   42.442068   
2.903268   42.613850   
2.907273   42.786006   
2.911277   42.958536   
2.915282   43.131439   
2.919286   43.304718   
2.923291   43.478370   
2.927295   43.652397   
2.931300   43.826798   
2.935304   44.001574   
2.939309   44.176725   
2.943313   44.352251   
2.947318   44.528152   
2.951322   44.704427   
2.955327   44.881078   
2.959331   45.058105   
2.963336   45.235506   
2.967340   45.413283   
2.971345   45.591436   
2.975349   45.769965   
2.979354   45.948869   
2.983359   46.128149   
2.987363   46.307805   
2.991368   46.487838   
2.995372   46.668246   
2.999377   46.849031   
3.003381   47.030193   
3.007386   47.211730   
3.011390   47.393645   
3.015395   47.575936   
3.019399   47.758604   
3.023404   47.941649   
3.027408   48.125072   
3.031413   48.308871   
3.035417   48.493047   
3.039422   48.677601   
3.043426   48.862532   
3.047431   49.047841   
3.051435   49.233528   
3.055440   49.419592   
3.059444   49.606034   
3.063449   49.792854   
3.067453   49.980052   
3.071458   50.167628   
3.075462   50.355582   
3.079467   50.543915   
3.083471   50.732626   
3.087476   50.921715   
3.091480   51.111183   
3.095485   51.301030   
3.099489   51.491256   
3.103494   51.681860   
3.107498   51.872844   
3.111503   52.064206   
3.115507   52.255948   
3.119512   52.448069   
3.123516   52.640569   
3.127521   52.833449   
3.131525   53.026708   
3.135530   53.220347   
3.139534   53.414366   
3.143539   53.608764   
3.147543   53.803543   
3.151548   53.998701   
3.155552   54.194239   
3.159557   54.390158   
3.163561   54.586457   
3.167566   54.783136   
3.171570   54.980196   
3.175575   55.177636   
3.179579   55.375456   
3.183584   55.573658   
3.187588   55.772240   
3.191593   55.971203   
3.195597   56.170547   
3.199602   56.370272   
3.203606   56.570378   
3.207611   56.770866   
3.211615   56.971735   
3.215620   57.172985   
3.219624   57.374616   
3.223629   57.576629   
3.227633   57.779024   
3.231638   57.981801   
3.235643   58.184959   
3.239647   58.388499   
3.243652   58.592421   
3.247656   58.796726   
3.251661   59.001412   
3.255665   59.206481   
3.259670   59.411932   
3.263674   59.617765   
3.267679   59.823981   
3.271683   60.030579   
3.275688   60.237560   
3.279692   60.444924   
3.283697   60.652671   
3.287701   60.860800   
3.291706   61.069312   
3.295710   61.278208   
3.299715   61.487486   
3.303719   61.697148   
3.307724   61.907193   
3.311728   62.117622   
3.315733   62.328433   
3.319737   62.539629   
3.323742   62.751208   
3.327746   62.963170   
3.331751   63.175516   
3.335755   63.388247   
3.339760   63.601361   
3.343764   63.814859   
3.347769   64.028741   
3.351773   64.243007   
3.355778   64.457657   
3.359782   64.672692   
3.363787   64.888111   
3.367791   65.103914   
3.371796   65.320102   
3.375800   65.536675   
3.379805   65.753632   
3.383809   65.970974   
3.387814   66.188701   
3.391818   66.406812   
3.395823   66.625309   
3.399827   66.844190   
3.403832   67.063457   
3.407836   67.283109   
3.411841   67.503146   
3.415845   67.723568   
3.419850   67.944376   
3.423854   68.165569   
3.427859   68.387147   
3.431863   68.609112   
3.435868   68.831462   
3.439872   69.054197   
3.443877   69.277319   
3.447881   69.500826   
3.451886   69.724719   
3.455890   69.948999   
3.459895   70.173664   
3.463899   70.398715   
3.467904   70.624153   
3.471908   70.849977   
3.475913   71.076188   
3.479918   71.302784   
3.483922   71.529768   
3.487927   71.757137   
3.491931   71.984894   
3.495936   72.213037   
3.499940   72.441567   
3.503945   72.670484   
3.507949   72.899787   
3.511954   73.129478   
3.515958   73.359555   
3.519963   73.590020   
3.523967   73.820872   
3.527972   74.052111   
3.531976   74.283737   
3.535981   74.515751   
3.539985   74.748152   
3.543990   74.980940   
3.547994   75.214117   
3.551999   75.447680   
3.556003   75.681632   
3.560008   75.915971   
3.564012   76.150697   
3.568017   76.385812   
3.572021   76.621315   
3.576026   76.857205   
3.580030   77.093484   
3.584035   77.330151   
3.588039   77.567205   
3.592044   77.804649   
3.596048   78.042480   
3.600053   78.280700   
3.604057   78.519308   
3.608062   78.758304   
3.612066   78.997689   
3.616071   79.237463   
3.620075   79.477625   
3.624080   79.718176   
3.628084   79.959116   
3.632089   80.200445   
3.636093   80.442162   
3.640098   80.684269   
3.644102   80.926764   
3.648107   81.169649   
3.652111   81.412922   
3.656116   81.656585   
3.660120   81.900637   
3.664125   82.145078   
3.668129   82.389909   
3.672134   82.635129   
3.676138   82.880738   
3.680143   83.126737   
3.684147   83.373126   
3.688152   83.619904   
3.692156   83.867071   
3.696161   84.114629   
3.700165   84.362576   
3.704170   84.610913   
3.708174   84.859641   
3.712179   85.108758   
3.716183   85.358264   
3.720188   85.608162   
3.724192   85.858449   
3.728197   86.109126   
3.732202   86.360194   
3.736206   86.611651   
3.740211   86.863500   
3.744215   87.115738   
3.748220   87.368367   
3.752224   87.621386   
3.756229   87.874796   
3.760233   88.128597   
3.764238   88.382788   
3.768242   88.637370   
3.772247   88.892343   
3.776251   89.147706   
3.780256   89.403460   
3.784260   89.659605   
3.788265   89.916142   
3.792269   90.173069   
3.796274   90.430387   
3.800278   90.688096   
3.804283   90.946196   
3.808287   91.204688   
3.812292   91.463571   
3.816296   91.722845   
3.820301   91.982510   
3.824305   92.242567   
3.828310   92.503015   
3.832314   92.763855   
3.836319   93.025086   
3.840323   93.286709   
3.844328   93.548724   
3.848332   93.811130   
3.852337   94.073928   
3.856341   94.337117   
3.860346   94.600699   
3.864350   94.864672   
3.868355   95.129037   
3.872359   95.393795   
3.876364   95.658944   
3.880368   95.924485   
3.884373   96.190418   
3.888377   96.456744   
3.892382   96.723462   
3.896386   96.990571   
3.900391   97.258074   
3.904395   97.525968   
3.908400   97.794255   
3.912404   98.062934   
3.916409   98.332006   
3.920413   98.601470   
3.924418   98.871327   
3.928422   99.141576   
3.932427   99.412218   
3.936431   99.683253   
3.940436   99.954680   
3.944440   100.226500   
3.948445   100.498713   
3.952449   100.771319   
3.956454   101.044318   
3.960458   101.317709   
3.964463   101.591494   
3.968467   101.865672   
3.972472   102.140242   
3.976477   102.415206   
3.980481   102.690563   
3.984486   102.966313   
3.988490   103.242456   
3.992495   103.518992   
3.996499   103.795922   
4.000504   104.073245   
4.004508   104.350962   
4.008513   104.629072   
4.012517   104.907575   
4.016522   105.186472   
4.020526   105.465762   
4.024531   105.745446   
4.028535   106.025524   
4.032540   106.305995   
4.036544   106.586860   
4.040549   106.868119   
4.044553   107.149771   
4.048558   107.431818   
4.052562   107.714258   
4.056567   107.997092   
4.060571   108.280320   
4.064576   108.563942   
4.068580   108.847957   
4.072585   109.132367   
4.076589   109.417171   
4.080594   109.702369   
4.084598   109.987962   
4.088603   110.273948   
4.092607   110.560329   
4.096612   110.847104   
4.100616   111.134273   
4.104621   111.421836   
4.108625   111.709794   
4.112630   111.998146   
4.116634   112.286893   
4.120639   112.576034   
4.124643   112.865570   
4.128648   113.155500   
4.132652   113.445825   
4.136657   113.736544   
4.140661   114.027658   
4.144666   114.319167   
4.148670   114.611070   
4.152675   114.903368   
4.156679   115.196061   
4.160684   115.489149   
4.164688   115.782631   
4.168693   116.076508   
4.172697   116.370781   
4.176702   116.665448   
4.180706   116.960510   
4.184711   117.255967   
4.188715   117.551820   
4.192720   117.848067   
4.196724   118.144709   
4.200729   118.441747   
4.204733   118.739179   
4.208738   119.037007   
4.212742   119.335230   
4.216747   119.633849   
4.220751   119.932862   
4.224756   120.232271   
4.228761   120.532076   
4.232765   120.832275   
4.236770   121.132871   
4.240774   121.433861   
4.244779   121.735247   
4.248783   122.037029   
4.252788   122.339206   
4.256792   122.641784   
4.260797   122.944799   
4.264801   123.248299   
4.268806   123.552335   
4.272810   123.856956   
4.276815   124.162212   
4.280819   124.468149   
4.284824   124.774816   
4.288828   125.082256   
4.292833   125.390514   
4.296837   125.699632   
4.300842   126.009650   
4.304846   126.320606   
4.308851   126.632537   
4.312855   126.945476   
4.316860   127.259456   
4.320864   127.574505   
4.324869   127.890652   
4.328873   128.207921   
4.332878   128.526336   
4.336882   128.845916   
4.340887   129.166681   
4.344891   129.488647   
4.348896   129.811828   
4.352900   130.136237   
4.356905   130.461885   
4.360909   130.788779   
4.364914   131.116928   
4.368918   131.446337   
4.372923   131.777010   
4.376927   132.108948   
4.380932   132.442155   
4.384936   132.776628   
4.388941   133.112369   
4.392945   133.449373   
4.396950   133.787638   
4.400954   134.127160   
4.404959   134.467934   
4.408963   134.809955   
4.412968   135.153215   
4.416972   135.497709   
4.420977   135.843428   
4.424981   136.190366   
4.428986   136.538513   
4.432990   136.887860   
4.436995   137.238400   
4.440999   137.590122   
4.445004   137.943017   
4.449008   138.297075   
4.453013   138.652287   
4.457017   139.008642   
4.461022   139.366130   
4.465026   139.724741   
4.469031   140.084465   
4.473036   140.445291   
4.477040   140.807210   
4.481045   141.170210   
4.485049   141.534282   
4.489054   141.899416   
4.493058   142.265601   
4.497063   142.632826   
4.501067   143.001084   
4.505072   143.370362   
4.509076   143.740652   
4.513081   144.111943   
4.517085   144.484227   
4.521090   144.857493   
4.525094   145.231733   
4.529099   145.606936   
4.533103   145.983095   
4.537108   146.360199   
4.541112   146.738240   
4.545117   147.117210   
4.549121   147.497099   
4.553126   147.877899   
4.557130   148.259602   
4.561135   148.642200   
4.565139   149.025684   
4.569144   149.410047   
4.573148   149.795281   
4.577153   150.181379   
4.581157   150.568332   
4.585162   150.956133   
4.589166   151.344776   
4.593171   151.734252   
4.597175   152.124556   
4.601180   152.515680   
4.605184   152.907617   
4.609189   153.300361   
4.613193   153.693905   
4.617198   154.088243   
4.621202   154.483368   
4.625207   154.879275   
4.629211   155.275958   
4.633216   155.673410   
4.637220   156.071625   
4.641225   156.470599   
4.645229   156.870325   
4.649234   157.270798   
4.653238   157.672012   
4.657243   158.073963   
4.661247   158.476645   
4.665252   158.880052   
4.669256   159.284180   
4.673261   159.689025   
4.677265   160.094580   
4.681270   160.500842   
4.685274   160.907806   
4.689279   161.315466   
4.693283   161.723820   
4.697288   162.132861   
4.701292   162.542587   
4.705297   162.952992   
4.709301   163.364073   
4.713306   163.775826   
4.717310   164.188245   
4.721315   164.601329   
4.725320   165.015071   
4.729324   165.429470   
4.733329   165.844521   
4.737333   166.260219   
4.741338   166.676563   
4.745342   167.093548   
4.749347   167.511170   
4.753351   167.929427   
4.757356   168.348315   
4.761360   168.767830   
4.765365   169.187969   
4.769369   169.608730   
4.773374   170.030108   
4.777378   170.452102   
4.781383   170.874707   
4.785387   171.297921   
4.789392   171.721741   
4.793396   172.146163   
4.797401   172.571186   
4.801405   172.996807   
4.805410   173.423021   
4.809414   173.849828   
4.813419   174.277224   
4.817423   174.705206   
4.821428   175.133773   
4.825432   175.562920   
4.829437   175.992647   
4.833441   176.422950   
4.837446   176.853828   
4.841450   177.285277   
4.845455   177.717295   
4.849459   178.149880   
4.853464   178.583030   
4.857468   179.016743   
4.861473   179.451015   
4.865477   179.885846   
4.869482   180.321233   
4.873486   180.757174   
4.877491   181.193667   
4.881495   181.630709   
4.885500   182.068299   
4.889504   182.506435   
4.893509   182.945115   
4.897513   183.384336   
4.901518   183.824098   
4.905522   184.264397   
4.909527   184.705233   
4.913531   185.146603   
4.917536   185.588506   
4.921540   186.030940   
4.925545   186.473903   
4.929549   186.917393   
4.933554   187.361409   
4.937558   187.805950   
4.941563   188.251012   
4.945567   188.696596   
4.949572   189.142698   
4.953576   189.589319   
4.957581   190.036455   
4.961585   190.484106   
4.965590   190.932270   
4.969595   191.380945   
4.973599   191.830131   
4.977604   192.279825   
4.981608   192.730026   
4.985613   193.180733   
4.989617   193.631945   
4.993622   194.083659   
4.997626   194.535875   
5.001631   194.988592   
5.005635   195.441807   
5.009640   195.895520   
5.013644   196.349729   
5.017649   196.804433   
5.021653   197.259632   
5.025658   197.715322   
5.029662   198.171504   
5.033667   198.628177   
5.037671   199.085338   
5.041676   199.542987   
5.045680   200.001122   
5.049685   200.459743   
5.053689   200.918849   
5.057694   201.378437   
5.061698   201.838508   
5.065703   202.299059   
5.069707   202.760091   
5.073712   203.221601   
5.077716   203.683589   
5.081721   204.146054   
5.085725   204.608994   
5.089730   205.072409   
5.093734   205.536298   
5.097739   206.000660   
5.101743   206.465493   
5.105748   206.930796   
5.109752   207.396570   
5.113757   207.862812   
5.117761   208.329523   
5.121766   208.796700   
5.125770   209.264343   
5.129775   209.732451   
5.133779   210.201024   
5.137784   210.670059   
5.141788   211.139557   
5.145793   211.609517   
5.149797   212.079938   
5.153802   212.550818   
5.157806   213.022157   
5.161811   213.493955   
5.165815   213.966209   
5.169820   214.438921   
5.173824   214.912088   
5.177829   215.385710   
5.181833   215.859786   
5.185838   216.334316   
5.189842   216.809298   
5.193847   217.284732   
5.197851   217.760618   
5.201856   218.236953   
5.205860   218.713738   
5.209865   219.190972   
5.213869   219.668655   
5.217874   220.146784   
5.221879   220.625361   
5.225883   221.104383   
5.229888   221.583851   
5.233892   222.063764   
5.237897   222.544120   
5.241901   223.024920   
5.245906   223.506162   
5.249910   223.987847   
5.253915   224.469973   
5.257919   224.952539   
5.261924   225.435546   
5.265928   225.918992   
5.269933   226.402877   
5.273937   226.887200   
5.277942   227.371960   
5.281946   227.857158   
5.285951   228.342791   
5.289955   228.828861   
5.293960   229.315366   
5.297964   229.802305   
5.301969   230.289678   
5.305973   230.777485   
5.309978   231.265725   
5.313982   231.754397   
5.317987   232.243501   
5.321991   232.733035   
5.325996   233.223001   
5.330000   233.713397   
5.334005   234.204222   
5.338009   234.695476   
5.342014   235.187159   
5.346018   235.679270   
5.350023   236.171808   
5.354027   236.664773   
5.358032   237.158165   
5.362036   237.651982   
5.366041   238.146225   
5.370045   238.640893   
5.374050   239.135986   
5.378054   239.631502   
5.382059   240.127442   
5.386063   240.623805   
5.390068   241.120590   
5.394072   241.617798   
5.398077   242.115427   
5.402081   242.613478   
5.406086   243.111949   
5.410090   243.610840   
5.414095   244.110151   
5.418099   244.609882   
5.422104   245.110031   
5.426108   245.610599   
5.430113   246.111585   
5.434117   246.612989   
5.438122   247.114809   
5.442126   247.617047   
5.446131   248.119701   
5.450135   248.622771   
5.454140   249.126256   
5.458144   249.630157   
5.462149   250.134472   
5.466154   250.639202   
5.470158   251.144345   
5.474163   251.649902   
5.478167   252.155872   
5.482172   252.662255   
5.486176   253.169051   
5.490181   253.676258   
5.494185   254.183877   
5.498190   254.691907   
5.502194   255.200348   
5.506199   255.709200   
5.510203   256.218461   
5.514208   256.728133   
5.518212   257.238214   
5.522217   257.748704   
5.526221   258.259602   
5.530226   258.770909   
5.534230   259.282624   
5.538235   259.794747   
5.542239   260.307277   
5.546244   260.820214   
5.550248   261.333557   
5.554253   261.847307   
5.558257   262.361463   
5.562262   262.876025   
5.566266   263.390991   
5.570271   263.906363   
5.574275   264.422139   
5.578280   264.938320   
5.582284   265.454905   
5.586289   265.971893   
5.590293   266.489285   
5.594298   267.007080   
5.598302   267.525278   
5.602307   268.043878   
5.606311   268.562881   
5.610316   269.082285   
5.614320   269.602091   
5.618325   270.122298   
5.622329   270.642906   
5.626334   271.163915   
5.630338   271.685324   
5.634343   272.207134   
5.638347   272.729343   
5.642352   273.251951   
5.646356   273.774959   
5.650361   274.298366   
5.654365   274.822172   
5.658370   275.346376   
5.662374   275.870978   
5.666379   276.395979   
5.670383   276.921376   
5.674388   277.447171   
5.678392   277.973364   
5.682397   278.499953   
5.686401   279.026938   
5.690406   279.554320   
5.694410   280.082098   
5.698415   280.610272   
5.702419   281.138841   
5.706424   281.667806   
5.710428   282.197165   
5.714433   282.726919   
5.718438   283.257068   
5.722442   283.787612   
5.726447   284.318549   
5.730451   284.849880   
5.734456   285.381604   
5.738460   285.913722   
5.742465   286.446233   
5.746469   286.979137   
5.750474   287.512433   
5.754478   288.046122   
5.758483   288.580203   
5.762487   289.114676   
5.766492   289.649541   
5.770496   290.184797   
5.774501   290.720444   
5.778505   291.256483   
5.782510   291.792912   
5.786514   292.329731   
5.790519   292.866942   
5.794523   293.404542   
5.798528   293.942532   
5.802532   294.480912   
5.806537   295.019681   
5.810541   295.558840   
5.814546   296.098388   
5.818550   296.638324   
5.822555   297.178650   
5.826559   297.719363   
5.830564   298.260465   
5.834568   298.801955   
5.838573   299.343833   
5.842577   299.886099   
5.846582   300.428752   
5.850586   300.971792   
5.854591   301.515219   
5.858595   302.059033   
5.862600   302.603234   
5.866604   303.147822   
5.870609   303.692795   
5.874613   304.238155   
5.878618   304.783900   
5.882622   305.330032   
5.886627   305.876548   
5.890631   306.423450   
5.894636   306.970738   
5.898640   307.518410   
5.902645   308.066467   
5.906649   308.614909   
5.910654   309.163735   
5.914658   309.712945   
5.918663   310.262539   
5.922667   310.812518   
5.926672   311.362880   
5.930676   311.913625   
5.934681   312.464754   
5.938685   313.016266   
5.942690   313.568161   
5.946694   314.120439   
5.950699   314.673100   
5.954703   315.226143   
5.958708   315.779568   
5.962713   316.333376   
5.966717   316.887565   
5.970722   317.442137   
5.974726   317.997090   
5.978731   318.552425   
5.982735   319.108141   
5.986740   319.664238   
5.990744   320.220717   
5.994749   320.777576   
5.998753   321.334816   
6.002758   321.892436   
6.006762   322.450437   
6.010767   323.008818   
6.014771   323.567579   
6.018776   324.126721   
6.022780   324.686242   
6.026785   325.246142   
6.030789   325.806422   
6.034794   326.367082   
6.038798   326.928121   
6.042803   327.489538   
6.046807   328.051335   
6.050812   328.613510   
6.054816   329.176064   
6.058821   329.738997   
6.062825   330.302307   
6.066830   330.865996   
6.070834   331.430063   
6.074839   331.994508   
6.078843   332.559331   
6.082848   333.124531   
6.086852   333.690109   
6.090857   334.256064   
6.094861   334.822396   
6.098866   335.389105   
6.102870   335.956192   
6.106875   336.523655   
6.110879   337.091494   
6.114884   337.659711   
6.118888   338.228303   
6.122893   338.797272   
6.126897   339.366617   
6.130902   339.936338   
6.134906   340.506435   
6.138911   341.076907   
6.142915   341.647756   
6.146920   342.218979   
6.150924   342.790578   
6.154929   343.362553   
6.158933   343.934902   
6.162938   344.507626   
6.166942   345.080725   
6.170947   345.654199   
6.174951   346.228048   
6.178956   346.802271   
6.182960   347.376868   
6.186965   347.951840   
6.190969   348.527185   
6.194974   349.102905   
6.198978   349.678999   
6.202983   350.255466   
6.206987   350.832307   
6.210992   351.409521   
6.214997   351.987109   
6.219001   352.565070   
6.223006   353.143405   
6.227010   353.722112   
6.231015   354.301192   
6.235019   354.880646   
6.239024   355.460472   
6.243028   356.040670   
6.247033   356.621241   
6.251037   357.202184   
6.255042   357.783500   
6.259046   358.365188   
6.263051   358.947248   
6.267055   359.529680   
6.271060   360.112483   
6.275064   360.695659   
6.279069   361.279206   
6.283073   361.863124   
6.287078   362.447414   
6.291082   363.032075   
6.295087   363.617108   
6.299091   364.202511   
6.303096   364.788286   
6.307100   365.374431   
6.311105   365.960947   
6.315109   366.547834   
6.319114   367.135091   
6.323118   367.722719   
6.327123   368.310717   
6.331127   368.899086   
6.335132   369.487825   
6.339136   370.076933   
6.343141   370.666412   
6.347145   371.256261   
6.351150   371.846479   
6.355154   372.437067   
6.359159   373.028025   
6.363163   373.619352   
6.367168   374.211048   
6.371172   374.803114   
6.375177   375.395549   
6.379181   375.988353   
6.383186   376.581526   
6.387190   377.175068   
6.391195   377.768979   
6.395199   378.363258   
6.399204   378.957906   
6.403208   379.552923   
6.407213   380.148308   
6.411217   380.744062   
6.415222   381.340183   
6.419226   381.936673   
6.423231   382.533531   
6.427235   383.130757   
6.431240   383.728351   
6.435244   384.326313   
6.439249   384.924642   
6.443253   385.523339   
6.447258   386.122404   
6.451262   386.721836   
6.455267   387.321636   
6.459272   387.921802   
6.463276   388.522336   
6.467281   389.123238   
6.471285   389.724506   
6.475290   390.326141   
6.479294   390.928143   
6.483299   391.530512   
6.487303   392.133247   
6.491308   392.736349   
6.495312   393.339818   
6.499317   393.943653   
6.503321   394.547854   
6.507326   395.152422   
6.511330   395.757356   
6.515335   396.362656   
6.519339   396.968322   
6.523344   397.574354   
6.527348   398.180752   
6.531353   398.787516   
6.535357   399.394646   
6.539362   400.002141   
6.543366   400.610001   
6.547371   401.218228   
6.551375   401.826819   
6.555380   402.435776   
6.559384   403.045099   
6.563389   403.654786   
6.567393   404.264839   
6.571398   404.875256   
6.575402   405.486039   
6.579407   406.097186   
6.583411   406.708698   
6.587416   407.320575   
6.591420   407.932817   
6.595425   408.545423   
6.599429   409.158394   
6.603434   409.771729   
6.607438   410.385429   
6.611443   410.999492   
6.615447   411.613920   
6.619452   412.228713   
6.623456   412.843869   
6.627461   413.459389   
6.631465   414.075273   
6.635470   414.691521   
6.639474   415.308133   
6.643479   415.925109   
6.647483   416.542448   
6.651488   417.160151   
6.655492   417.778217   
6.659497   418.396647   
6.663501   419.015440   
6.667506   419.634597   
6.671510   420.254117   
6.675515   420.874000   
6.679519   421.494246   
6.683524   422.114855   
6.687528   422.735827   
6.691533   423.357162   
6.695537   423.978859   
6.699542   424.600920   
6.703546   425.223343   
6.707551   425.846129   
6.711556   426.469278   
6.715560   427.092789   
6.719565   427.716662   
6.723569   428.340898   
6.727574   428.965496   
6.731578   429.590457   
6.735583   430.215779   
6.739587   430.841464   
6.743592   431.467511   
6.747596   432.093920   
6.751601   432.720690   
6.755605   433.347823   
6.759610   433.975317   
6.763614   434.603174   
6.767619   435.231392   
6.771623   435.859971   
6.775628   436.488912   
6.779632   437.118215   
6.783637   437.747879   
6.787641   438.377904   
6.791646   439.008291   
6.795650   439.639039   
6.799655   440.270149   
6.803659   440.901619   
6.807664   441.533450   
6.811668   442.165643   
6.815673   442.798197   
6.819677   443.431111   
6.823682   444.064386   
6.827686   444.698023   
6.831691   445.332019   
6.835695   445.966377   
6.839700   446.601095   
6.843704   447.236174   
6.847709   447.871613   
6.851713   448.507413   
6.855718   449.143573   
6.859722   449.780094   
6.863727   450.416974   
6.867731   451.054215   
6.871736   451.691817   
6.875740   452.329778   
6.879745   452.968099   
6.883749   453.606781   
6.887754   454.245822   
6.891758   454.885224   
6.895763   455.524985   
6.899767   456.165106   
6.903772   456.805586   
6.907776   457.446427   
6.911781   458.087627   
6.915785   458.729186   
6.919790   459.371106   
6.923794   460.013384   
6.927799   460.656022   
6.931803   461.299020   
6.935808   461.942377   
6.939812   462.586093   
6.943817   463.230168   
6.947821   463.874602   
6.951826   464.519396   
6.955831   465.164549   
6.959835   465.810060   
6.963840   466.455931   
6.967844   467.102160   
6.971849   467.748749   
6.975853   468.395696   
6.979858   469.043002   
6.983862   469.690667   
6.987867   470.338690   
6.991871   470.987072   
6.995876   471.635813   
6.999880   472.284912   
7.003885   472.934370   
7.007889   473.584186   
7.011894   474.234360   
7.015898   474.884893   
7.019903   475.535784   
7.023907   476.187033   
7.027912   476.838640   
7.031916   477.490606   
7.035921   478.142929   
7.039925   478.795611   
7.043930   479.448651   
7.047934   480.102048   
7.051939   480.755804   
7.055943   481.409917   
7.059948   482.064389   
7.063952   482.719218   
7.067957   483.374404   
7.071961   484.029949   
7.075966   484.685851   
7.079970   485.342110   
7.083975   485.998727   
7.087979   486.655702   
7.091984   487.313034   
7.095988   487.970723   
7.099993   488.628770   
7.103997   489.287174   
7.108002   489.945936   
7.112006   490.605054   
7.116011   491.264530   
7.120015   491.924363   
7.124020   492.584553   
7.128024   493.245100   
7.132029   493.906004   
7.136033   494.567265   
7.140038   495.228883   
7.144042   495.890858   
7.148047   496.553190   
7.152051   497.215878   
7.156056   497.878924   
7.160060   498.542325   
7.164065   499.206084   
7.168069   499.870199   
7.172074   500.534671   
7.176078   501.199500   
7.180083   501.864684   
7.184087   502.530226   
7.188092   503.196123   
7.192096   503.862378   
7.196101   504.528988   
7.200105   505.195955   
7.204110   505.863278   
7.208115   506.530957   
7.212119   507.198992   
7.216124   507.867384   
7.220128   508.536132   
7.224133   509.205235   
7.228137   509.874695   
7.232142   510.544511   
7.236146   511.214682   
7.240151   511.885210   
7.244155   512.556093   
7.248160   513.227332   
7.252164   513.898927   
7.256169   514.570878   
7.260173   515.243184   
7.264178   515.915847   
7.268182   516.588864   
7.272187   517.262237   
7.276191   517.935966   
7.280196   518.610051   
7.284200   519.284490   
7.288205   519.959286   
7.292209   520.634436   
7.296214   521.309942   
7.300218   521.985804   
7.304223   522.662020   
7.308227   523.338592   
7.312232   524.015519   
7.316236   524.692802   
7.320241   525.370439   
7.324245   526.048431   
7.328250   526.726779   
7.332254   527.405482   
7.336259   528.084539   
7.340263   528.763952   
7.344268   529.443719   
7.348272   530.123841   
7.352277   530.804319   
7.356281   531.485151   
7.360286   532.166337   
7.364290   532.847879   
7.368295   533.529775   
7.372299   534.212026   
7.376304   534.894632   
7.380308   535.577592   
7.384313   536.260907   
7.388317   536.944576   
7.392322   537.628600   
7.396326   538.312978   
7.400331   538.997710   
7.404335   539.682797   
7.408340   540.368239   
7.412344   541.054035   
7.416349   541.740185   
7.420353   542.426689   
7.424358   543.113547   
7.428362   543.800760   
7.432367   544.488327   
7.436371   545.176248   
7.440376   545.864523   
7.444380   546.553152   
7.448385   547.242135   
7.452390   547.931472   
7.456394   548.621163   
7.460399   549.311208   
7.464403   550.001607   
7.468408   550.692360   
7.472412   551.383467   
7.476417   552.074927   
7.480421   552.766741   
7.484426   553.458909   
7.488430   554.151431   
7.492435   554.844306   
7.496439   555.537535   
7.500444   556.231118   
7.504448   556.925054   
7.508453   557.619344   
7.512457   558.313987   
7.516462   559.008983   
7.520466   559.704333   
7.524471   560.400037   
7.528475   561.096094   
7.532480   561.792504   
7.536484   562.489268   
7.540489   563.186385   
7.544493   563.883855   
7.548498   564.581678   
7.552502   565.279855   
7.556507   565.978385   
7.560511   566.677267   
7.564516   567.376503   
7.568520   568.076093   
7.572525   568.776035   
7.576529   569.476330   
7.580534   570.176978   
7.584538   570.877979   
7.588543   571.579333   
7.592547   572.281040   
7.596552   572.983100   
7.600556   573.685513   
7.604561   574.388278   
7.608565   575.091397   
7.612570   575.794868   
7.616574   576.498691   
7.620579   577.202868   
7.624583   577.907397   
7.628588   578.612279   
7.632592   579.317513   
7.636597   580.023100   
7.640601   580.729040   
7.644606   581.435332   
7.648610   582.141977   
7.652615   582.848974   
7.656619   583.556323   
7.660624   584.264025   
7.664628   584.972080   
7.668633   585.680486   
7.672637   586.389245   
7.676642   587.098357   
7.680646   587.807820   
7.684651   588.517636   
7.688655   589.227804   
7.692660   589.938325   
7.696664   590.649197   
7.700669   591.360422   
7.704674   592.071998   
7.708678   592.783927   
7.712683   593.496208   
7.716687   594.208841   
7.720692   594.921826   
7.724696   595.635163   
7.728701   596.348852   
7.732705   597.062892   
7.736710   597.777285   
7.740714   598.492030   
7.744719   599.207126   
7.748723   599.922574   
7.752728   600.638374   
7.756732   601.354526   
7.760737   602.071030   
7.764741   602.787885   
7.768746   603.505092   
7.772750   604.222650   
7.776755   604.940561   
7.780759   605.658823   
7.784764   606.377436   
7.788768   607.096401   
7.792773   607.815718   
7.796777   608.535386   
7.800782   609.255405   
7.804786   609.975776   
7.808791   610.696499   
7.812795   611.417573   
7.816800   612.138998   
7.820804   612.860775   
7.824809   613.582903   
7.828813   614.305382   
7.832818   615.028213   
7.836822   615.751395   
7.840827   616.474928   
7.844831   617.198812   
7.848836   617.923048   
7.852840   618.647634   
7.856845   619.372572   
7.860849   620.097861   
7.864854   620.823501   
7.868858   621.549492   
7.872863   622.275834   
7.876867   623.002528   
7.880872   623.729572   
7.884876   624.456967   
7.888881   625.184713   
7.892885   625.912810   
7.896890   626.641258   
7.900894   627.370057   
7.904899   628.099207   
7.908903   628.828707   
7.912908   629.558559   
7.916912   630.288761   
7.920917   631.019314   
7.924921   631.750217   
7.928926   632.481472   
7.932930   633.213077   
7.936935   633.945032   
7.940939   634.677339   
7.944944   635.409996   
7.948949   636.143003   
7.952953   636.876362   
7.956958   637.610070   
7.960962   638.344130   
7.964967   639.078540   
7.968971   639.813300   
7.972976   640.548411   
7.976980   641.283872   
7.980985   642.019684   
7.984989   642.755846   
7.988994   643.492358   
7.992998   644.229221   
7.997003   644.966434   
8.001007   645.703997   
8.005012   646.441911   
